PastLayers/ppt.asc
NCOLS 292 
NROWS 291 
XLLCORNER -87.6458333327872 
YLLCORNER 24.4791666666667 
CELLSIZE 0.0416666666669039 
NODATA_value -3.4e+38 
[rows 96 to 119 of 291, columns 53 to 105 of 292]
-3.4e+38 -3.4e+38 -3.4e+38 -3.4e+38 -3.4e+38 -3.4e+38 -3.4e+38 -3.4e+38 -3.4e+38 1265.94104003906 1247.44897460938 1237.27001953125 1232.14807128906 1228.69299316406 1228.90197753906 1228.01000976562 1229.15600585938 1232.4609375 1237.27294921875 1240.19506835938 1247.70007324219 1251.19396972656 1251.13000488281 1246.23095703125 1241.60205078125 1237.20300292969 1232.29992675781 1232.39099121094 1229.60998535156 1226.60095214844 1227.13903808594 1228.82202148438 1229.64196777344 1226.57202148438 1224.72302246094 1232.80200195312 1242.90393066406 1246.17297363281 1237.18896484375 1225.166015625 1215.91198730469 1218.39599609375 1226.90295410156 1229.01098632812 1227.24206542969 1221.54895019531 1219.36499023438 1216.81396484375 1219.30993652344 1228.53002929688 1237.95703125 1242.35595703125 1239.10900878906
-3.4e+38 -3.4e+38 -3.4e+38 -3.4e+38 -3.4e+38 -3.4e+38 -3.4e+38 -3.4e+38 -3.4e+38 -3.4e+38 1235.25598144531 1228.57397460938 1226.10302734375 1224.45202636719 1225.04602050781 1226.84094238281 1230.47204589844 1234.39404296875 1236.75500488281 1241.29797363281 1244.91198730469 1244.53503417969 1244.74499511719 1245.14501953125 1242.80102539062 1237.61303710938 1230.98303222656 1229.76293945312 1226.05700683594 1223.20300292969 1221.40197753906 1221.03405761719 1217.16796875 1214.96398925781 1215.49499511719 1223.30895996094 1238.14599609375 1244.28002929688 1236.36303710938 1224.77294921875 1214.65197753906 1213.36694335938 1215.81701660156 1216.21704101562 1219.76806640625 1223.86694335938 1219.58898925781 1215.626953125 1220.52197265625 1229.58801269531 1235.03698730469 1234.43896484375 1228.81799316406
-3.4e+38 -3.4e+38 -3.4e+38 -3.4e+38 -3.4e+38 -3.4e+38 -3.4e+38 -3.4e+38 -3.4e+38 -3.4e+38 -3.4e+38 1217.6240234375 1216.34594726562 1220.89404296875 1224.42395019531 1231.06896972656 1233.91101074219 1234.10205078125 1241.76904296875 1246.68798828125 1245.51794433594 1244.86596679688 1245.38000488281 1243.72204589844 1241.05297851562 1234.74206542969 1229.60595703125 1228.09704589844 1225.13403320312 1220.96301269531 1217.04797363281 1214.35498046875 1204.56494140625 1200.54504394531 1197.19604492188 1200.55395507812 1207.38305664062 1214.583984375 1220.13500976562 1216.15393066406 1211.19702148438 1207.63293457031 1207.35095214844 1205.68200683594 1211.35803222656 1214.98901367188 1214.1259765625 1211.22106933594 1213.40197753906 1217.99194335938 1221.80700683594 1222.72705078125 1222.57702636719
-3.4e+38 -3.4e+38 -3.4e+38 -3.4e+38 -3.4e+38 -3.4e+38 -3.4e+38 -3.4e+38 -3.4e+38 -3.4e+38 -3.4e+38 1210.17297363281 1208.58996582031 1214.91003417969 1221.50305175781 1228.28198242188 1231.97900390625 1233.59899902344 1243.1640625 1248.36499023438 1247.80505371094 1246.68603515625 1248.83703613281 1249.67602539062 1247.62902832031 1239.66198730469 1231.2060546875 1227.05603027344 1221.30700683594 1212.04602050781 1203.02307128906 1197.06201171875 1192.74401855469 1185.46496582031 1184.31506347656 1185.03503417969 1183.36901855469 1187.06298828125 1196.55200195312 1201.77697753906 1204.08203125 1202.07897949219 1203.60400390625 1206.82104492188 1205.81701660156 1209.42907714844 1211.09301757812 1211.85595703125 1209.51501464844 1209.81298828125 1211.7490234375 1212.51501464844 1210.57702636719
-3.4e+38 -3.4e+38 -3.4e+38 -3.4e+38 -3.4e+38 -3.4e+38 -3.4e+38 -3.4e+38 -3.4e+38 -3.4e+38 -3.4e+38 1207.34497070312 1205.88098144531 1211.58203125 1219.47302246094 1224.34204101562 1229.86999511719 1236.40100097656 1244.35205078125 1251.73706054688 1254.13903808594 1259.32397460938 1259.78503417969 1256.22302246094 1249.18603515625 1239.791015625 1233.4560546875 1226.82604980469 1218.97595214844 1201.36303710938 1190.56396484375 1185.34301757812 1183.2919921875 1180.9990234375 1178.99401855469 1180.32507324219 1179.32800292969 1182.42395019531 1189.64099121094 1193.97204589844 1197.10498046875 1200.02404785156 1203.42602539062 1203.78698730469 1205.30493164062 1208.94702148438 1209.09204101562 1209.96997070312 1211.51403808594 1211.4169921875 1205.92700195312 1202.88403320312 1202.31994628906
-3.4e+38 -3.4e+38 -3.4e+38 -3.4e+38 -3.4e+38 -3.4e+38 -3.4e+38 -3.4e+38 -3.4e+38 -3.4e+38 -3.4e+38 1210.1689453125 1214.19506835938 1218.24499511719 1221.68200683594 1227.42504882812 1232.06896972656 1240.15698242188 1251.89794921875 1262.29602050781 1270.5400390625 1278.90002441406 1280.36901855469 1270.58605957031 1255.32202148438 1247.33703613281 1237.90502929688 1224.38305664062 1211.20104980469 1197.03295898438 1184.84899902344 1174.61901855469 1171.6240234375 1169.07604980469 1171.13293457031 1175.06896972656 1177.88806152344 1180.66198730469 1185.99096679688 1191.55297851562 1191.98498535156 1198.93603515625 1201.89196777344 1203.53601074219 1208.40405273438 1211.92297363281 1213.76904296875 1217.55603027344 1216.39294433594 1214.48901367188 1207.95397949219 1201.22998046875 1196.98803710938
-3.4e+38 -3.4e+38 -3.4e+38 -3.4e+38 -3.4e+38 -3.4e+38 -3.4e+38 -3.4e+38 -3.4e+38 -3.4e+38 1218.2939453125 1219.04406738281 1221.876953125 1223.97302246094 1226.63903808594 1231.30603027344 1236.31298828125 1245.15197753906 1257.58801269531 1269.97094726562 1280.8759765625 1283.84899902344 1281.01196289062 1274.19299316406 1259.68505859375 1250.02600097656 1240.50805664062 1220.94494628906 1206.77502441406 1195.01000976562 1183.82702636719 1168.84497070312 1157.791015625 1154.08898925781 1158.48901367188 1165.67395019531 1173.31799316406 1179.30297851562 1187.44201660156 1190.87805175781 1192.31201171875 1194.60205078125 1197.34594726562 1201.25903320312 1210.4609375 1220.14697265625 1228.38403320312 1231.50805664062 1227.14904785156 1217.83996582031 1207.80700683594 1201.16003417969 1194.70397949219
-3.4e+38 -3.4e+38 -3.4e+38 -3.4e+38 -3.4e+38 -3.4e+38 -3.4e+38 -3.4e+38 -3.4e+38 -3.4e+38 -3.4e+38 -3.4e+38 1227.16198730469 1230.05297851562 1232.7509765625 1238.05603027344 1242.96105957031 1250.56896972656 1262.26794433594 1270.27404785156 1280.93493652344 1278.64404296875 1276.40405273438 1270.833984375 1259.60498046875 1251.22998046875 1240.74304199219 1217.50598144531 1204.13098144531 1194.46301269531 1183.39404296875 1167.56103515625 1153.4189453125 1148.26904296875 1151.63000488281 1157.62902832031 1165.86694335938 1178.32897949219 1185.61804199219 1184.67395019531 1189.14001464844 1192.12902832031 1195.36999511719 1200.80505371094 1210.98693847656 1221.66101074219 1234.2900390625 1243.28100585938 1232.18994140625 1215.65795898438 1203.38500976562 1195.2939453125 1191.77294921875
-3.4e+38 -3.4e+38 -3.4e+38 -3.4e+38 -3.4e+38 -3.4e+38 -3.4e+38 -3.4e+38 -3.4e+38 -3.4e+38 -3.4e+38 -3.4e+38 -3.4e+38 1233.47497558594 1235.3310546875 1239.48693847656 1244.40405273438 1250.60693359375 1261.97595214844 1266.80798339844 1275.74597167969 1276.03295898438 1269.17797851562 1258.7490234375 1251.67297363281 1245.94396972656 1234.29895019531 1218.86096191406 1209.31994628906 1198.7099609375 1184.23498535156 1170.38793945312 1158.64001464844 1152.77502441406 1153.07495117188 1159.96899414062 1166.04504394531 1169.39794921875 1174.0390625 1177.65197753906 1180.07397460938 1185.78503417969 1190.25598144531 1196.96496582031 1205.96398925781 1215.19604492188 1228.09899902344 1233.47900390625 1226.63598632812 1212.21105957031 1200.55395507812 1193.55200195312 1189.85803222656
-3.4e+38 -3.4e+38 -3.4e+38 -3.4e+38 -3.4e+38 -3.4e+38 -3.4e+38 -3.4e+38 -3.4e+38 -3.4e+38 -3.4e+38 -3.4e+38 1241.76599121094 1238.87902832031 1240.62194824219 1241.33996582031 1244.19604492188 1246.05102539062 1249.04296875 1257.51293945312 1266.55004882812 1263.98205566406 1255.86303710938 1251.86206054688 1247.92700195312 1239.11499023438 1232.40100097656 1222.60998535156 1215.73303222656 1206.45703125 1196.708984375 1182.625 1172.47705078125 1165.73095703125 1161.88293457031 1164.62902832031 1165.18493652344 1167.12902832031 1166.42297363281 1165.48693847656 1169.96301269531 1174.7919921875 1179.69995117188 1185.87805175781 1192.28405761719 1199.36096191406 1207.92297363281 1212.78405761719 1210.17993164062 1202.9990234375 1195.18298339844 1192.40197753906 1192.43701171875
-3.4e+38 -3.4e+38 -3.4e+38 -3.4e+38 -3.4e+38 -3.4e+38 -3.4e+38 -3.4e+38 -3.4e+38 -3.4e+38 1247.05505371094 1245.28601074219 1244.01196289062 1245.82299804688 1244.71899414062 1243.54504394531 1239.45202636719 1240.51000976562 1246.10803222656 1252.13403320312 1258.36999511719 1254.38903808594 1253.08996582031 1250.68896484375 1246.54602050781 1240.83093261719 1235.92199707031 1232.46301269531 1226.9189453125 1218.22595214844 1209.24499511719 1197.30603027344 1186.8330078125 1176.85705566406 1173.48400878906 1172.18701171875 1165.99694824219 1161.62292480469 1160.1669921875 1163.26806640625 1165.69799804688 1169.35803222656 1175.11303710938 1180.63195800781 1184.08203125 1190.22302246094 1192.89697265625 1195.41796875 1195.42700195312 1193.59704589844 1190.70202636719 1189.27294921875 1190.27600097656
-3.4e+38 -3.4e+38 -3.4e+38 -3.4e+38 -3.4e+38 -3.4e+38 -3.4e+38 -3.4e+38 -3.4e+38 1257.90197753906 1256.06201171875 1252.98706054688 1248.59899902344 1245.75903320312 1243.42895507812 1236.77795410156 1234.44604492188 1234.55603027344 1242.38793945312 1251.28295898438 1257.30297851562 1257.84997558594 1256.90905761719 1254.11499023438 1249.82299804688 1242.59497070312 1239.97998046875 1238.54296875 1239.98193359375 1237.09899902344 1224.83898925781 1209.53991699219 1199.19201660156 1189.6669921875 1186.14404296875 1178.17797851562 1165.95300292969 1155.76696777344 1154.54602050781 1156.04797363281 1158.34301757812 1162.47399902344 1166.68298339844 1173.40405273438 1178.34094238281 1181.80505371094 1183.87902832031 1184.09301757812 1183.19702148438 1182.97399902344 1181.16101074219 1181.69396972656 1183.53698730469
-3.4e+38 -3.4e+38 -3.4e+38 -3.4e+38 -3.4e+38 -3.4e+38 -3.4e+38 -3.4e+38 -3.4e+38 1257.05993652344 1258.2060546875 1259.623046875 1250.94104003906 1244.89294433594 1237.68798828125 1231.23803710938 1231.35900878906 1235.46398925781 1244.34704589844 1259.51696777344 1270.17797851562 1269.51794433594 1261.60803222656 1257.56201171875 1246.666015625 1240.34204101562 1239.89001464844 1243.248046875 1249.71203613281 1250.22094726562 1234.86499023438 1218.28601074219 1206.59594726562 1198.51794433594 1191.59204101562 1177.70300292969 1165.47302246094 1154.45300292969 1148.998046875 1145.39306640625 1147.57104492188 1152.73901367188 1159.3740234375 1165.82202148438 1169.92199707031 1173.01000976562 1174.34704589844 1172.47998046875 1173.64404296875 1173.27600097656 1172.8759765625 1172.57702636719 1175.85205078125
-3.4e+38 -3.4e+38 -3.4e+38 -3.4e+38 -3.4e+38 -3.4e+38 -3.4e+38 -3.4e+38 -3.4e+38 1253.53405761719 1256.26196289062 1257.15100097656 1252.60400390625 1245.34594726562 1232.21606445312 1229.76904296875 1228.83203125 1232.70104980469 1247.55993652344 1262.0830078125 1273.60095214844 1269.38598632812 1261.18505859375 1250.68896484375 1237.84704589844 1237.1259765625 1240.28796386719 1246.59094238281 1252.11096191406 1250.14599609375 1235.40002441406 1223.26501464844 1209.96704101562 1199.126953125 1188.59899902344 1173.21997070312 1163.19897460938 1153.03503417969 1139.91198730469 1129.50903320312 1130.625 1139.8330078125 1150.47399902344 1158.27600097656 1162.67602539062 1164.92199707031 1165.03698730469 1163.06103515625 1161.46398925781 1163.97497558594 1164.29504394531 1164.15197753906 1164.44592285156
-3.4e+38 -3.4e+38 -3.4e+38 -3.4e+38 -3.4e+38 -3.4e+38 -3.4e+38 -3.4e+38 -3.4e+38 1257.36401367188 1256.74401855469 1255.69995117188 1251.71105957031 1247.97900390625 1236.05895996094 1230.30505371094 1231.68896484375 1237.03405761719 1250.01599121094 1261.05908203125 1266.19201660156 1261.68603515625 1254.88305664062 1243.32897949219 1236.36596679688 1234.60302734375 1236.67004394531 1240.72399902344 1244.78894042969 1240.09399414062 1229.80895996094 1218.82702636719 1208.29797363281 1198.06799316406 1184.73303222656 1172.02905273438 1158.40502929688 1145.63598632812 1127.07202148438 1120.47204589844 1121.44104003906 1129.52502441406 1144.80700683594 1153.88806152344 1157.59704589844 1159.14099121094 1158.34301757812 1156.71704101562 1155.18505859375 1155.55700683594 1157.50903320312 1157.24401855469 1158.8759765625
-3.4e+38 -3.4e+38 -3.4e+38 -3.4e+38 -3.4e+38 -3.4e+38 -3.4e+38 -3.4e+38 -3.4e+38 1260.67895507812 1261.13000488281 1259.92102050781 1255.958984375 1254.38195800781 1247.71899414062 1241.61694335938 1240.82397460938 1244.45703125 1250.94604492188 1257.3310546875 1253.80395507812 1251.21704101562 1245.67797851562 1234.24194335938 1230.72705078125 1232.50305175781 1233.36901855469 1237.1669921875 1237.45202636719 1231.01196289062 1221.70104980469 1212.72204589844 1201.2890625 1189.27697753906 1178.96301269531 1170.05004882812 1163.93200683594 1149.41101074219 1128.06201171875 1121.29699707031 1121.11499023438 1127.05297851562 1142.67199707031 1152.10498046875 1156.16394042969 1158.07397460938 1156.15002441406 1152.63793945312 1154.92102050781 1152.81506347656 1151.21997070312 1150.17602539062 1149.83703613281
-3.4e+38 -3.4e+38 -3.4e+38 -3.4e+38 -3.4e+38 -3.4e+38 -3.4e+38 -3.4e+38 1274.07202148438 1271.44995117188 1270.01196289062 1268.30798339844 1265.14904785156 1259.69604492188 1255.45300292969 1254.5849609375 1250.13000488281 1247.73498535156 1247.2490234375 1250.50598144531 1251.46704101562 1247.44702148438 1239.88305664062 1233.19897460938 1233.56005859375 1237.52294921875 1237.57104492188 1233.22106933594 1229.76196289062 1228.32397460938 1217.70703125 1203.75402832031 1193.166015625 1181.51599121094 1172.9560546875 1169.35302734375 1168.28198242188 1157.92395019531 1142.09106445312 1130.8759765625 1130.2490234375 1139.4609375 1151.35595703125 1158.13500976562 1157.65502929688 1156.04602050781 1153.60900878906 1149.52001953125 1148.4599609375 1145.45092773438 1144.22998046875 1140.14196777344 1138.42199707031
-3.4e+38 -3.4e+38 -3.4e+38 -3.4e+38 -3.4e+38 -3.4e+38 -3.4e+38 -3.4e+38 1282.70202636719 1280.51501464844 1275.90502929688 1274.01196289062 1268.30297851562 1261.94604492188 1260.12805175781 1259.498046875 1256.42199707031 1248.623046875 1245.14794921875 1245.22399902344 1244.72595214844 1247.15905761719 1245.11804199219 1242.90893554688 1242.06201171875 1238.00500488281 1235.43701171875 1233.10205078125 1226.05004882812 1218.71496582031 1208.18103027344 1198.03002929688 1186.64697265625 1174.34094238281 1166.10900878906 1168.22998046875 1168.6240234375 1165.09594726562 1158.51196289062 1152.04602050781 1151.14294433594 1155.02905273438 1162.69897460938 1163.17504882812 1157.94995117188 1152.35107421875 1147.23205566406 1144.11303710938 1136.93798828125 1133.22595214844 1135.59899902344 1131.99597167969 1125.998046875
-3.4e+38 -3.4e+38 -3.4e+38 -3.4e+38 -3.4e+38 -3.4e+38 -3.4e+38 1287.54504394531 1289.19592285156 1284.32995605469 1277.51000976562 1273.20202636719 1269.45104980469 1266.43603515625 1264.96301269531 1259.86901855469 1253.90197753906 1243.541015625 1240.16796875 1240.20495605469 1241.12805175781 1248.09997558594 1244.86193847656 1243.72094726562 1244.27795410156 1240.35302734375 1235.54699707031 1231.07104492188 1222.46398925781 1216.1669921875 1205.23095703125 1194.48596191406 1183.3349609375 1172.41101074219 1163.88000488281 1162.93298339844 1164.79797363281 1165.91101074219 1163.72094726562 1162.54504394531 1164.12805175781 1167.60998535156 1169.83703613281 1167.26098632812 1163.07495117188 1157.15295410156 1147.9169921875 1141.57104492188 1132.22302246094 1122.47399902344 1115.81005859375 1107.21105957031 1102.27404785156
-3.4e+38 -3.4e+38 -3.4e+38 -3.4e+38 -3.4e+38 -3.4e+38 -3.4e+38 1291.2490234375 1289.01904296875 1283.07592773438 1276.81896972656 1272.291015625 1268.89001464844 1265.65295410156 1260.01806640625 1255.126953125 1248.42895507812 1239.39794921875 1236.22204589844 1238.2509765625 1239.69604492188 1244.85205078125 1242.28601074219 1238.57800292969 1238.28796386719 1235.64794921875 1231.23400878906 1225.95300292969 1221.28198242188 1213.88696289062 1205.59704589844 1193.38903808594 1181.64404296875 1171.17700195312 1163.90502929688 1164.32800292969 1163.76696777344 1165.47192382812 1167.63098144531 1173.85302734375 1176.333984375 1178.80004882812 1181.82202148438 1180.52294921875 1176.41796875 1166.46899414062 1151.82702636719 1140.95202636719 1125.89794921875 1111.48400878906 1093.51000976562 1079.77294921875 1073.81701660156
-3.4e+38 -3.4e+38 -3.4e+38 -3.4e+38 -3.4e+38 -3.4e+38 -3.4e+38 -3.4e+38 1288.32897949219 1286.57995605469 1283.28295898438 1277.94396972656 1271.49499511719 1263.64001464844 1257.30700683594 1247.94201660156 1238.76098632812 1234.76196289062 1235.21997070312 1236.26904296875 1236.64099121094 1235.85400390625 1235.94201660156 1234.78601074219 1233.11694335938 1230.94494628906 1228.68505859375 1221.98400878906 1219.36499023438 1211.87805175781 1202.28601074219 1191.05895996094 1182.51904296875 1172.34301757812 1168.56799316406 1165.42700195312 1162.89599609375 1163.69799804688 1163.21704101562 1170.89306640625 1183.73095703125 1191.67297363281 1195.25 1191.05004882812 1189.06994628906 1174.50402832031 1154.14196777344 1136.39001464844 1120.10400390625 1101.02197265625 1073.77502441406 1053.56604003906 1048.14904785156
-3.4e+38 -3.4e+38 -3.4e+38 -3.4e+38 -3.4e+38 -3.4e+38 -3.4e+38 -3.4e+38 1292.61999511719 1290.4560546875 1288.96606445312 1282.82604980469 1271.94299316406 1258.97900390625 1245.78601074219 1237.22399902344 1226.76403808594 1223.31994628906 1226.38598632812 1226.63598632812 1222.54296875 1220.248046875 1226.14001464844 1230.14599609375 1225.63793945312 1218.97900390625 1219.66796875 1215.72204589844 1210.62902832031 1205.92199707031 1201.65002441406 1192.02001953125 1182.01196289062 1174.81604003906 1170.50500488281 1168.4189453125 1164.82299804688 1163.89794921875 1165.61499023438 1170.49401855469 1178.79602050781 1189.5 1192.67395019531 1188.68505859375 1189.60205078125 1175.15197753906 1155.60998535156 1134.46899414062 1115.91003417969 1098.30603027344 1068.35095214844 1044.7939453125 1039.6640625
-3.4e+38 -3.4e+38 -3.4e+38 -3.4e+38 -3.4e+38 -3.4e+38 -3.4e+38 -3.4e+38 1295.43896484375 1290.76403808594 1282.10107421875 1273.85400390625 1261.61303710938 1252.63696289062 1245.31201171875 1233.64501953125 1222.45397949219 1216.57299804688 1217.43005371094 1212.57495117188 1208.58801269531 1209.77197265625 1213.64001464844 1210.01293945312 1210.17102050781 1210.85803222656 1208.69995117188 1208.53601074219 1204.0419921875 1198.03100585938 1192.18798828125 1180.13500976562 1172.76000976562 1173.82995605469 1170.88403320312 1168.65698242188 1166.73095703125 1165.09606933594 1165.03295898438 1167.18005371094 1172.54699707031 1182.85400390625 1187.125 1183.11096191406 1180.34399414062 1169.77099609375 1153.56396484375 1134.55297851562 1115.27307128906 1099.44897460938 1080.0849609375 1063.59606933594 1058.35693359375
-3.4e+38 -3.4e+38 -3.4e+38 -3.4e+38 -3.4e+38 -3.4e+38 -3.4e+38 -3.4e+38 -3.4e+38 1287.31298828125 1275.42199707031 1267.65100097656 1259.85205078125 1249.56701660156 1237.36901855469 1223.17297363281 1212.82702636719 1209.55004882812 1209.67797851562 1207.9189453125 1204.93603515625 1204.74694824219 1201.96899414062 1201.01794433594 1204.57104492188 1201.88305664062 1200.62194824219 1196.84094238281 1196.70397949219 1190.96203613281 1181.49499511719 1171.52001953125 1166.21704101562 1167.80493164062 1168.88000488281 1168.89294433594 1165.20104980469 1166.34802246094 1166.38098144531 1166.05505371094 1166.78601074219 1172.69506835938 1175.65698242188 1172.69104003906 1168.9169921875 1160.38598632812 1149.15600585938 1134.88903808594 1119.17602539062 1106.51098632812 1096.57495117188 1088.44897460938 1082.55102539062
