PastLayers/ppt.asc
NCOLS 292 
NROWS 291 
XLLCORNER -87.6458333327872 
YLLCORNER 24.4791666666667 
CELLSIZE 0.0416666666669039 
NODATA_value -3.4e+38 
[rows 48 to 71 of 291, columns 53 to 105 of 292]
1250.6279296875 1198.91198730469 1197.81506347656 1196.56896972656 1201.498046875 1189.31604003906 1174.26000976562 1172.61804199219 1173.32800292969 1162.07299804688 1165.01904296875 1166.93298339844 1156.48400878906 1144.54895019531 1138.69592285156 1135.2509765625 1141.55102539062 1158.26794433594 1189.876953125 1224.42395019531 1263.54699707031 1277.17004394531 1300.916015625 1343.56701660156 1388.93505859375 1426.75903320312 1461.0400390625 1483.66003417969 1570.89404296875 1608.92395019531 1543.54699707031 1490.08996582031 1471.33801269531 1463.501953125 1445.34094238281 1460.74597167969 1459.58703613281 1459.71398925781 1481.5419921875 1508.81103515625 1510.82104492188 1483.23803710938 1452.62097167969 1438.03796386719 1443.11499023438 1437.55200195312 1422.29296875 1403.19396972656 1376.80505371094 1344.31896972656 1303.94494628906 1276.041015625 1243.45593261719
1228.251953125 1237.68798828125 1238.19104003906 1230.17199707031 1219.00500488281 1200.08703613281 1182.03198242188 1175.10095214844 1177.84594726562 1162.78894042969 1154.88598632812 1154.11901855469 1151.416015625 1144.76293945312 1139.88195800781 1132.91296386719 1135.26904296875 1153.07800292969 1202.80102539062 1219.30798339844 1240.85498046875 1258.74401855469 1296.09094238281 1360.51403808594 1447.67199707031 1553.99499511719 1593.83703613281 1530.94299316406 1490.15393066406 1477.17504882812 1481.59899902344 1465.72497558594 1446.22094726562 1437.30102539062 1421.10607910156 1419.11804199219 1415.42297363281 1423.50805664062 1449.35107421875 1484.46801757812 1476.98095703125 1445.98999023438 1416.59802246094 1411.18395996094 1409.8310546875 1406.15002441406 1391.00903320312 1365.11999511719 1333.28601074219 1304.40002441406 1274.85498046875 1269.23095703125 1247.31396484375
1253.25695800781 1282.93103027344 1279.31005859375 1259.44799804688 1224.23596191406 1201.52905273438 1187.6259765625 1172.16101074219 1168.7099609375 1156.376953125 1144.60205078125 1144.28198242188 1144.60498046875 1141.93005371094 1136.66101074219 1129.34497070312 1124.13903808594 1138.90698242188 1184.68994140625 1216.87194824219 1228.75500488281 1256.67395019531 1299.10803222656 1344.75305175781 1372.00695800781 1427.31701660156 1595.43896484375 1534.76696777344 1456.84606933594 1441.36303710938 1458.62805175781 1460.14294433594 1430.67797851562 1411.25793457031 1392.0400390625 1383.03100585938 1378.73498535156 1383.06396484375 1401.69494628906 1435.416015625 1442.61096191406 1421.72302246094 1388.77600097656 1383.13500976562 1381.28405761719 1380.11999511719 1345.43200683594 1307.68701171875 1280.67407226562 1249.5419921875 1241.82995605469 1235.49694824219 1225.84594726562
1262.82495117188 1286.74694824219 1292.14294433594 1266.01196289062 1221.09399414062 1197.53198242188 1178.20300292969 1156.39599609375 1149.00402832031 1142.09301757812 1133.74499511719 1129.4150390625 1128.251953125 1129.33093261719 1126.71301269531 1121.71899414062 1110.26904296875 1115.68896484375 1146.68701171875 1202.88208007812 1231.77600097656 1277.18493652344 1324.16296386719 1321.791015625 1325.97204589844 1351.25207519531 1426.19604492188 1458.22900390625 1432.6689453125 1424.33898925781 1438.06896972656 1449.873046875 1445.01000976562 1404.40100097656 1366.51696777344 1342.10302734375 1337.36303710938 1340.82995605469 1354.07104492188 1378.28894042969 1396.833984375 1382.72595214844 1366.44006347656 1363.7099609375 1354.82604980469 1311.56494140625 1261.61999511719 1246.86303710938 1242.11401367188 1225.95397949219 1225.65197753906 1219.39697265625 1209.82092285156
1247.82104492188 1259.13403320312 1263.76904296875 1235.66003417969 1200.51696777344 1174.8349609375 1157.93701171875 1143.75695800781 1136.26403808594 1129.09204101562 1123.2099609375 1107.34204101562 1105.75598144531 1117.05505371094 1117.43103027344 1119.2109375 1114.54296875 1120.85900878906 1145.65405273438 1195.78796386719 1246.11193847656 1321.63403320312 1326.81494140625 1275.3759765625 1275.73693847656 1301.87902832031 1337.8349609375 1386.95300292969 1404.4990234375 1400.6279296875 1406.28295898438 1421.72399902344 1424.55297851562 1403.44201660156 1363.15405273438 1330.8330078125 1321.14794921875 1314.47595214844 1321.47302246094 1343.5810546875 1355.55603027344 1349.85998535156 1345.92895507812 1340.85595703125 1311.48901367188 1266.36499023438 1244.79504394531 1242.81298828125 1233.80700683594 1221.66796875 1216.25 1211.88403320312 1211.5830078125
1226.66491699219 1227.44897460938 1227.14001464844 1207.18103027344 1175.44702148438 1151.40100097656 1138.3349609375 1132.45202636719 1130.24499511719 1127.58996582031 1114.92395019531 1084.40002441406 1072.94995117188 1096.64501953125 1110.15002441406 1119.07592773438 1123.96496582031 1135.42700195312 1166.375 1206.15405273438 1247.80200195312 1280.09997558594 1268.94506835938 1236.15197753906 1238.14794921875 1268.18896484375 1295.58203125 1338.18298339844 1350.54504394531 1343.85595703125 1351.06604003906 1368.53894042969 1366.86401367188 1360.46398925781 1337.14807128906 1309.65502929688 1303.89501953125 1286.65307617188 1279.7890625 1304.83605957031 1319.89294433594 1327.42504882812 1330.77502441406 1314.87902832031 1293.44201660156 1264.71997070312 1247.15405273438 1243.39599609375 1244.51196289062 1233.53198242188 1226.17199707031 1222.36499023438 1222.9990234375
1213.02099609375 1209.46899414062 1205.27197265625 1192.9990234375 1169.501953125 1142.64599609375 1130.23095703125 1129.52795410156 1136.44799804688 1135.6220703125 1119.03198242188 1097.43200683594 1086.23999023438 1103.41003417969 1117.98596191406 1126.64001464844 1135.28405761719 1156.25402832031 1199.25805664062 1252.95202636719 1250.69702148438 1252.2919921875 1248.0419921875 1227.88903808594 1228.38696289062 1241.82202148438 1255.19201660156 1278.77502441406 1285.76403808594 1290.29602050781 1308.55798339844 1318.92895507812 1327.38598632812 1330.94104003906 1311.20300292969 1286.15295410156 1268.71301269531 1255.51599121094 1257.58703613281 1269.95300292969 1284.60803222656 1295.27795410156 1304.67297363281 1301.20104980469 1281.5810546875 1263.81396484375 1244.52697753906 1239.70202636719 1242.7109375 1238.39794921875 1232.95007324219 1228.86999511719 1226.16198730469
1207.47692871094 1197.77697753906 1188.166015625 1176.57800292969 1159.20397949219 1139.05297851562 1131.49304199219 1142.36694335938 1147.82397460938 1134.751953125 1118.18701171875 1109.80700683594 1111.84606933594 1115.99096679688 1125.01501464844 1133.7490234375 1150.30895996094 1192.3740234375 1244.41394042969 1270.30297851562 1248.416015625 1257.06701660156 1263.1689453125 1247.32800292969 1235.01696777344 1239.72094726562 1244.64306640625 1249.89196777344 1254.42004394531 1261.416015625 1280.91198730469 1289.66296386719 1296.80395507812 1309.04895019531 1291.18298339844 1268.60998535156 1256.29699707031 1258.63293457031 1264.84802246094 1263.68493652344 1261.64001464844 1264.248046875 1273.92395019531 1280.47705078125 1268.75402832031 1260.03198242188 1242.03796386719 1237.47998046875 1237.44604492188 1235.63903808594 1233.06896972656 1232.42395019531 1231.82495117188
1204.90100097656 1193.77404785156 1182.39404296875 1171.78002929688 1164.92797851562 1148.95300292969 1133.4169921875 1150.00695800781 1152.66003417969 1133.84204101562 1119.35302734375 1115.02600097656 1116.98803710938 1122.82604980469 1129.73706054688 1137.97204589844 1158.0830078125 1187.88305664062 1215.916015625 1236.52697753906 1246.85998535156 1266.77404785156 1280.96899414062 1272.93298339844 1259.73303222656 1260.59399414062 1256.123046875 1254.11401367188 1257.35205078125 1263.27795410156 1279.43603515625 1281.05603027344 1269.28698730469 1262.76098632812 1255.2080078125 1253.53405761719 1257.09802246094 1266.81396484375 1265.67895507812 1263.51000976562 1259.05798339844 1250.93603515625 1252.34997558594 1257.94201660156 1254.47399902344 1253.17895507812 1248.66003417969 1246.39697265625 1243.75305175781 1237.07104492188 1231.21301269531 1226.56506347656 1229.666015625
1199.89599609375 1190.89697265625 1183.47802734375 1176.77001953125 1172.626953125 1165.35803222656 1159.59301757812 1163.23498535156 1152.42797851562 1140.16003417969 1129.48999023438 1124.93395996094 1126.07702636719 1129.63696289062 1129.32800292969 1136.01098632812 1157.04406738281 1172.59301757812 1192.37194824219 1217.37707519531 1236.14306640625 1264.71594238281 1281.2109375 1280.45397949219 1263.25598144531 1253.74499511719 1251.37097167969 1253.31396484375 1251.02099609375 1248.7080078125 1267.08203125 1267.41796875 1242.68505859375 1231.89697265625 1234.19897460938 1248.30505371094 1259.92004394531 1264.55395507812 1258.1240234375 1257.22497558594 1255.37097167969 1248.59106445312 1247.8740234375 1252.34399414062 1257.208984375 1259.39599609375 1259.58996582031 1255.31604003906 1247.72802734375 1239.53503417969 1233.97900390625 1231.84204101562 1229.56896972656
1202.05102539062 1192.41296386719 1187.76501464844 1185.41198730469 1183.70397949219 1179.54504394531 1177.27001953125 1169.25903320312 1154.02099609375 1145.9189453125 1136.48706054688 1127.71496582031 1126.53601074219 1127.46704101562 1123.498046875 1135.56494140625 1151.98095703125 1166.68798828125 1188.2080078125 1210.81103515625 1228.90893554688 1249.7919921875 1264.70703125 1260.64099121094 1251.14196777344 1243.98803710938 1243.22900390625 1244.22204589844 1242.30603027344 1239.76904296875 1246.14196777344 1241.28295898438 1229.36193847656 1224.60705566406 1233.32397460938 1246.36096191406 1255.0419921875 1251.62194824219 1255.13598632812 1254.07702636719 1248.42993164062 1241.79602050781 1240.76306152344 1244.30700683594 1254.84301757812 1262.30700683594 1259.17297363281 1254.89294433594 1246.24499511719 1238.48596191406 1237.33898925781 1236.43395996094 1230.50500488281
1205.93395996094 1199.80297851562 1199.11303710938 1197.59399414062 1203.38696289062 1203.57897949219 1190.53601074219 1172.42700195312 1154.76403808594 1141.87902832031 1130.53198242188 1123.126953125 1122.80798339844 1129.46105957031 1133.90698242188 1143.99499511719 1160.76599121094 1175.22204589844 1193.13000488281 1212.37805175781 1239.123046875 1256.95202636719 1257.71105957031 1249.04602050781 1244.96301269531 1242.66296386719 1237.43298339844 1235.69995117188 1241.65295410156 1241.57202148438 1246.17602539062 1236.07800292969 1230.24499511719 1228.96301269531 1234.873046875 1252.64501953125 1256.05200195312 1249.125 1249.33898925781 1245.38195800781 1239.96997070312 1235.36303710938 1231.34802246094 1237.51904296875 1247.40600585938 1252.93505859375 1250.51501464844 1247.31896972656 1242.42700195312 1233.10693359375 1232.73498535156 1230.60595703125 1225.27905273438
1223.2509765625 1214.33996582031 1211.04602050781 1208.78698730469 1211.44995117188 1213.73693847656 1206.21594238281 1186.13903808594 1162.42504882812 1139.26794433594 1133.15600585938 1129.76196289062 1132.32702636719 1151.0400390625 1169.22204589844 1179.30004882812 1189.47595214844 1201.39904785156 1213.59497070312 1231.02795410156 1248.7919921875 1257.89697265625 1257.40698242188 1245.79296875 1245.77502441406 1243.14904785156 1243.73400878906 1238.11193847656 1234.98303222656 1233.65502929688 1235.91003417969 1232.30700683594 1230.46496582031 1233.25598144531 1237.36096191406 1254.36499023438 1256.90197753906 1246.26696777344 1236.92602539062 1232.8779296875 1231.30200195312 1230.02697753906 1226.89697265625 1230.501953125 1235.82702636719 1240.55798339844 1243.16296386719 1237.39196777344 1230.791015625 1229.19604492188 1230.7109375 1228.083984375 1230.05395507812
-3.4e+38 1234.06396484375 1219.80993652344 1220.59094238281 1221.62805175781 1221.17004394531 1216.12805175781 1200.65795898438 1177.64196777344 1156.98803710938 1145.79895019531 1147.17297363281 1157.43408203125 1177.18395996094 1197.81994628906 1213.59997558594 1225.27294921875 1231.63000488281 1233.2919921875 1243.27099609375 1248.11499023438 1252.1240234375 1252.751953125 1247.77697753906 1245.00903320312 1243.25903320312 1240.4169921875 1236.48901367188 1233.54895019531 1230.8759765625 1232.51306152344 1234.35803222656 1234.9169921875 1232.61096191406 1245.03295898438 1255.23193359375 1249.44396972656 1237.4169921875 1233.17297363281 1226.03100585938 1221.30297851562 1224.17102050781 1224.94799804688 1227.96704101562 1229.01696777344 1233.32800292969 1234.14794921875 1227.89099121094 1222.67102050781 1223.68395996094 1223.35803222656 1223.21496582031 1229.50695800781
-3.4e+38 1243.42102050781 1230.30895996094 1225.09497070312 1230.43505859375 1231.47094726562 1225.24597167969 1212.13696289062 1197.53295898438 1185.54504394531 1187.72900390625 1191.19604492188 1193.625 1202.17797851562 1220.43798828125 1239.51599121094 1250.72705078125 1252.96301269531 1251.50793457031 1251.80102539062 1246.67895507812 1243.00903320312 1243.7060546875 1241.01696777344 1240.31799316406 1241.64294433594 1243.51794433594 1242.88195800781 1241.86303710938 1242.85803222656 1241.76000976562 1239.376953125 1237.86303710938 1235.72802734375 1243.59802246094 1248.18896484375 1244.20703125 1231.2060546875 1223.82604980469 1217.61706542969 1208.3359375 1211.34094238281 1218.00305175781 1227.40905761719 1229.30395507812 1224.34497070312 1222.00805664062 1219.41296386719 1216.08898925781 1216.21496582031 1217.14294433594 1220.63195800781 1228.40002441406
-3.4e+38 1246.23303222656 1235.9169921875 1227.88293457031 1227.169921875 1234.3310546875 1231.82202148438 1228.85400390625 1230.42395019531 1242.28698730469 1250.86303710938 1246.63098144531 1230.83801269531 1229.28100585938 1236.60693359375 1251.84704589844 1259.88293457031 1263.72302246094 1261.85693359375 1256.99194335938 1248.48693847656 1238.71105957031 1232.65100097656 1234.8759765625 1241.41796875 1244.18395996094 1249.81005859375 1255.71997070312 1255.39099121094 1253.75305175781 1252.59802246094 1244.64099121094 1240.6689453125 1246.21704101562 1243.82702636719 1240.73706054688 1235.82604980469 1226.95495605469 1220.0810546875 1206.9580078125 1197.63098144531 1200.67199707031 1210.54895019531 1220.70202636719 1226.82299804688 1229.58203125 1223.00695800781 1215.09704589844 1205.17602539062 1206.30004882812 1208.78698730469 1213.21496582031 1227.09997558594
-3.4e+38 1274.71301269531 1262.63305664062 1248.96899414062 1242.53295898438 1247.13403320312 1254.95397949219 1260.48901367188 1275.6650390625 1290.88903808594 1299.46496582031 1286.35498046875 1262.48901367188 1248.55395507812 1253.89404296875 1262.44506835938 1266.95703125 1270.15698242188 1279.27197265625 1280.8310546875 1266.748046875 1248.02905273438 1237.15502929688 1241.626953125 1249.86303710938 1255.97802734375 1259.80395507812 1266.78405761719 1267.61596679688 1263.61804199219 1258.71105957031 1252.73999023438 1248.51306152344 1248.96704101562 1249.125 1242.22802734375 1231.67602539062 1220.5810546875 1212.71203613281 1200.0419921875 1194.49401855469 1198.65405273438 1206.30798339844 1221.28002929688 1231.78894042969 1234.76403808594 1229.72900390625 1218.48693847656 1198.69299316406 1195.81103515625 1200.33801269531 1208.56799316406 1223.80505371094
-3.4e+38 1294.97607421875 1287.0830078125 1273.69897460938 1266.24401855469 1261.42504882812 1265.29992675781 1274.54797363281 1289.81506347656 1309.35400390625 1316.15197753906 1301.53002929688 1278.52502441406 1265.44299316406 1262.90600585938 1261.90405273438 1264.27294921875 1273.7900390625 1296.48901367188 1312.39196777344 1301.73706054688 1278.18395996094 1258.90698242188 1264.1240234375 1265.27697753906 1266.3740234375 1269.26196289062 1275.2939453125 1274.88696289062 1271.22399902344 1265.59899902344 1259.416015625 1252.63903808594 1251.53698730469 1248.42504882812 1245.18603515625 1237.6240234375 1224.78198242188 1210.5400390625 1209.47192382812 1206.87902832031 1210.02795410156 1216.98803710938 1226.59301757812 1234.97802734375 1238.53796386719 1233.98803710938 1224.27795410156 1210.46594238281 1199.11401367188 1197.19396972656 1206.91296386719 1224.82897949219
-3.4e+38 -3.4e+38 1287.13195800781 1275.96606445312 1275.57299804688 1278.6650390625 1276.93505859375 1280.85900878906 1293.2099609375 1304.25500488281 1305.6689453125 1295.71594238281 1279.72204589844 1269.666015625 1261.83996582031 1259.4609375 1263.56994628906 1275.34802246094 1300.26293945312 1326.70300292969 1326.10705566406 1303.9150390625 1285.67602539062 1279.10900878906 1274.79797363281 1273.46496582031 1273.02795410156 1276.54406738281 1277.52001953125 1275.59399414062 1266.123046875 1262.26599121094 1259.06799316406 1255.29699707031 1248.041015625 1242.57800292969 1237.60302734375 1230.13598632812 1224.57202148438 1221.52502441406 1224.70397949219 1231.30004882812 1232.68798828125 1233.09997558594 1236.89099121094 1239.60107421875 1233.80603027344 1223.00903320312 1216.11499023438 1212.51599121094 1211.11499023438 1216.4169921875 1228.98303222656
-3.4e+38 -3.4e+38 1281.52697753906 1278.92700195312 1278.46301269531 1285.74096679688 1293.05200195312 1288.251953125 1285.94897460938 1290.14196777344 1288.53894042969 1283.26501464844 1271.88098144531 1262.3310546875 1254.33203125 1251.57702636719 1252.93701171875 1263.15002441406 1281.46606445312 1303.86804199219 1312.0400390625 1299.65100097656 1284.88598632812 1276.51098632812 1274.5029296875 1276.50305175781 1275.90002441406 1276.52197265625 1275.77099609375 1267.82202148438 1259.66394042969 1251.376953125 1247.82202148438 1246.34997558594 1242.43994140625 1236.56201171875 1237.98803710938 1237.36303710938 1234.85095214844 1231.05993652344 1234.62805175781 1238.45397949219 1240.76098632812 1233.28295898438 1230.08898925781 1232.8349609375 1229.2490234375 1220.94299316406 1219.0439453125 1216.26098632812 1220.58605957031 1225.31604003906 1232.40100097656
-3.4e+38 -3.4e+38 1282.02099609375 1282.17199707031 1285.82202148438 1290.52099609375 1298.35900878906 1294.56298828125 1281.8310546875 1277.21801757812 1273.44299316406 1272.52600097656 1267.48205566406 1261.27795410156 1253.38000488281 1247.04797363281 1243.61804199219 1247.68701171875 1262.34399414062 1272.94006347656 1276.25207519531 1270.52502441406 1268.60705566406 1267.75903320312 1270.39392089844 1272.61901855469 1276.48791503906 1274.39404296875 1267.83898925781 1256.88806152344 1252.48400878906 1245.00903320312 1240.74694824219 1240.52795410156 1240.03295898438 1234.96301269531 1235.96398925781 1238.06396484375 1237.22302246094 1237.93200683594 1240.873046875 1242.75402832031 1240.90698242188 1231.82702636719 1226.8740234375 1226.88195800781 1223.41101074219 1220.80297851562 1222.84497070312 1219.35693359375 1220.4560546875 1228.22399902344 1238.05798339844
-3.4e+38 -3.4e+38 1286.19604492188 1291.041015625 1293.47094726562 1292.84094238281 1297.93200683594 1293.61901855469 1274.76696777344 1265.29797363281 1262.4599609375 1266.21203613281 1267.125 1262.04296875 1262.57104492188 1258.04296875 1249.291015625 1245.57495117188 1248.60803222656 1252.47900390625 1252.31896972656 1249.88098144531 1243.90002441406 1241.13598632812 1245.52697753906 1246.85302734375 1250.75903320312 1254.91198730469 1249.76306152344 1243.63696289062 1241.57702636719 1241.63500976562 1238.70300292969 1233.98095703125 1236.59204101562 1237.81103515625 1237.43701171875 1239.36401367188 1238.68505859375 1239.33898925781 1245.52307128906 1244.583984375 1240.79699707031 1236.6689453125 1228.54296875 1226.28894042969 1223.97705078125 1221.17700195312 1224.84106445312 1227.52404785156 1229.22302246094 1234.17199707031 1242.30102539062
-3.4e+38 -3.4e+38 1301.85595703125 1308.52197265625 1297.13195800781 1285.63195800781 1277.97705078125 1269.3359375 1261.18005371094 1258.08996582031 1258.84997558594 1264.1650390625 1262.94201660156 1261.90002441406 1261.69104003906 1257.69799804688 1252.06994628906 1250.00402832031 1246.95092773438 1241.67199707031 1234.99694824219 1229.5419921875 1224.80895996094 1221.80603027344 1222.07104492188 1227.05700683594 1236.16796875 1244.16198730469 1242.56103515625 1238.53405761719 1232.5400390625 1236.55700683594 1236.9169921875 1237.30895996094 1238.32897949219 1237.97705078125 1242.00598144531 1242.71606445312 1237.59899902344 1238.26293945312 1235.94799804688 1239.64501953125 1235.29296875 1232.70703125 1230.72705078125 1228.74096679688 1225.05102539062 1224.4560546875 1228.99194335938 1234.84497070312 1241.74499511719 1246.17504882812 1252.84301757812
-3.4e+38 -3.4e+38 -3.4e+38 1311.44299316406 1290.09399414062 1275.84594726562 1263.06396484375 1252.93298339844 1248.61401367188 1251.99499511719 1259.98095703125 1263.98205566406 1265.56298828125 1269.37902832031 1267.13793945312 1258.04895019531 1252.94702148438 1249.50695800781 1243.03796386719 1239.39196777344 1234.68298339844 1227.79699707031 1219.18896484375 1214.79406738281 1211.708984375 1218.64001464844 1230.46899414062 1242.99194335938 1243.28198242188 1238.56994628906 1235.74499511719 1235.88598632812 1236.95104980469 1236.33703613281 1239.04602050781 1241.04504394531 1242.09899902344 1247.70703125 1246.75903320312 1241.22802734375 1236.20104980469 1233.56396484375 1231.32800292969 1227.16003417969 1224.02001953125 1226.56005859375 1230.80395507812 1233.77294921875 1240.11706542969 1245.40002441406 1253.65795898438 1266.56994628906 1279.76098632812
