PastLayers/ppt.asc
NCOLS 292 
NROWS 291 
XLLCORNER -87.6458333327872 
YLLCORNER 24.4791666666667 
CELLSIZE 0.0416666666669039 
NODATA_value -3.4e+38 
[rows 48 to 71 of 291, columns 159 to 211 of 292]
945.454956054688 927.172973632812 929.577026367188 937.403991699219 936.538024902344 942.070007324219 949.164978027344 963.819030761719 966.531005859375 959.005981445312 952.132019042969 954.371032714844 952.833984375 951.179016113281 953.049011230469 961.591979980469 969.544006347656 976.825012207031 984.072021484375 985.512023925781 985.177001953125 988.565002441406 989.768005371094 988.535034179688 992.398010253906 993.143005371094 994.755004882812 995.851013183594 997.768005371094 999.261962890625 997.817016601562 997.575012207031 995.334045410156 991.996032714844 987.992004394531 988.470031738281 990.637023925781 989.765991210938 988.705017089844 988.273010253906 987.023986816406 982.572021484375 981.029968261719 978.931030273438 978.259033203125 973.372985839844 967.216003417969 959.309020996094 958.036010742188 964.809020996094 975.202026367188 983.627990722656 990.4580078125
940.697998046875 924.01904296875 923.179016113281 934.335021972656 939.966003417969 941.340026855469 945.043029785156 951.6669921875 954.544006347656 950.341979980469 948.47900390625 956.546997070312 956.005981445312 954.882995605469 959.471008300781 964.237976074219 968.747985839844 971.52001953125 973.435974121094 982.114013671875 986.614990234375 991.616027832031 992.190979003906 991.339965820312 994.81201171875 1000.31597900391 1007.09100341797 1011.15496826172 1013.45501708984 1008.83099365234 1004.73199462891 1005.45904541016 1004.7080078125 1003.53796386719 1002.99200439453 1002.49499511719 1002.82598876953 1001.31597900391 996.820983886719 995.955017089844 993.135009765625 988.414978027344 984.536987304688 981.153015136719 980.465026855469 977.309997558594 974.283020019531 971.455017089844 971.510009765625 976.106018066406 980.359985351562 985.807983398438 989.885009765625
942.8740234375 930.818969726562 925.747009277344 934.330017089844 937.971984863281 932.544982910156 933.966979980469 939.070007324219 946.786010742188 949.861022949219 952.231018066406 955.231018066406 952.929992675781 956.495971679688 961.138977050781 965.33203125 967.2080078125 972.697998046875 978.906005859375 982.661987304688 987.510009765625 990.994995117188 992.106994628906 993.669006347656 1001.77996826172 1011.2490234375 1023.51000976562 1034.00695800781 1035.38696289062 1025.94201660156 1017.15100097656 1012.54296875 1008.67401123047 1007.66497802734 1008.46496582031 1010.37799072266 1011.95098876953 1011.33001708984 1005.96899414062 1003.84301757812 1001.83203125 995.317993164062 989.856018066406 986.492004394531 982.85400390625 983.45703125 981.617004394531 980.206970214844 980.518005371094 983.343994140625 985.794982910156 989.590026855469 992.047973632812
948.617980957031 940.339965820312 930.867980957031 929.809997558594 924.14501953125 918.025024414062 917.086975097656 918.163024902344 923.089965820312 932.810974121094 939.893005371094 944.504028320312 942.844970703125 946.39599609375 953.47802734375 961.797973632812 968.650024414062 974.443969726562 979.609008789062 982.284973144531 982.492004394531 986.116027832031 987.070983886719 994.033996582031 1002.52600097656 1015.72497558594 1034.64294433594 1044.29504394531 1044.42395019531 1039.2060546875 1029.65405273438 1018.86499023438 1013.86700439453 1012.07696533203 1012.16497802734 1013.51000976562 1016.46002197266 1017.31799316406 1014.45397949219 1008.43597412109 1005.77398681641 1002.49401855469 996.463989257812 991.9169921875 987.609008789062 987.615966796875 990.073974609375 988.237976074219 987.056030273438 986.852966308594 988.200012207031 991.356018066406 997.268005371094
950.273010253906 944.286010742188 934.071960449219 924.195983886719 911.869018554688 902.325012207031 892.203979492188 887.151977539062 891.56396484375 901.830017089844 917.736999511719 929.867980957031 933.656005859375 940.049011230469 950.700988769531 957.994995117188 963.278991699219 969.93603515625 975.927978515625 980.52197265625 984.85498046875 986.914001464844 984.641967773438 991.265014648438 1000.24096679688 1013.77301025391 1031.56896972656 1039.07299804688 1039.001953125 1037.24499511719 1028.0400390625 1022.77099609375 1016.90698242188 1015.34301757812 1016.30603027344 1017.29998779297 1019.35797119141 1020.31201171875 1020.46496582031 1013.09899902344 1010.37298583984 1008.26000976562 1004.84197998047 1001.166015625 995.532958984375 993.960021972656 994.515991210938 994.898010253906 993.47998046875 992.208984375 994.869995117188 998.223022460938 1005.54797363281
948.700012207031 944.325988769531 935.780029296875 924.60498046875 906.906982421875 888.085998535156 873.489013671875 873.447021484375 876.487976074219 884.928039550781 900.588012695312 917.280029296875 926.440979003906 936.401000976562 946.512023925781 954.013977050781 959.776000976562 963.552978515625 970.150024414062 978.400024414062 984.059020996094 985.43701171875 981.916015625 985.171020507812 995.141967773438 1006.10400390625 1019.90100097656 1028.39404296875 1030.93603515625 1027.24499511719 1024.03100585938 1020.89599609375 1019.81597900391 1018.21801757812 1018.96899414062 1023.73400878906 1026.42297363281 1026.45397949219 1025.46496582031 1020.47802734375 1015.9580078125 1014.38098144531 1009.37298583984 1006.57800292969 1002.55798339844 999.323974609375 998.219970703125 1000.89398193359 998.450012207031 996.10400390625 998.801025390625 1003.89202880859 1009.24102783203
948.695983886719 942.671997070312 934.674987792969 924.398986816406 907.512023925781 883.189025878906 875.233032226562 884.565002441406 884.912963867188 888.221984863281 905.629028320312 916.539978027344 922.296997070312 931.22998046875 942.697998046875 949.60498046875 952.776000976562 958.002014160156 964.544982910156 973.070007324219 981.134033203125 982.341979980469 980.299011230469 981.27197265625 986.510009765625 994.495971679688 999.072998046875 1004.73901367188 1010.56103515625 1014.64599609375 1015.29400634766 1014.82299804688 1018.92602539062 1023.35296630859 1026.61096191406 1031.65698242188 1033.89294433594 1036.08801269531 1035.09606933594 1032.05102539062 1027.52905273438 1022.90496826172 1015.27001953125 1009.52697753906 1005.74401855469 1001.02099609375 1000.34100341797 1002.60198974609 1002.62200927734 1000.52099609375 1005.91900634766 1011.77600097656 1011.82397460938
956.25 943.5 936.621032714844 928.453979492188 912.572998046875 892.6240234375 883.422973632812 892.544006347656 907.163024902344 925.106994628906 932.125 927.526000976562 929.401977539062 931.517028808594 935.385009765625 943.838989257812 947.632019042969 951.184997558594 956.591003417969 962.960021972656 971.673034667969 977.77197265625 983.226013183594 983.236999511719 987.278015136719 988.424987792969 987.653991699219 987.109985351562 995.871032714844 1002.88897705078 1003.89501953125 1006.41198730469 1012.48999023438 1019.51898193359 1031.90600585938 1040.21496582031 1044.05993652344 1044.32104492188 1046.91796875 1048.56396484375 1043.98095703125 1032.46301269531 1021.03900146484 1014.04998779297 1010.09100341797 1003.60101318359 1003.25903320312 1005.09399414062 1006.27398681641 1005.14599609375 1012.86901855469 1018.45397949219 1022.13696289062
959.830993652344 943.359008789062 938.731994628906 929.914978027344 922.669006347656 914.704956054688 914.0419921875 925.413024902344 940.122009277344 958.929992675781 953.81201171875 938.739013671875 931.844970703125 930.192016601562 932.706970214844 937.91796875 942.859008789062 946.223022460938 950.450988769531 955.378967285156 962.372009277344 971.768981933594 979.838012695312 981.872009277344 985.180969238281 987.973022460938 988.372009277344 987.89697265625 992.56298828125 992.906982421875 992.85400390625 995.406005859375 1004.48901367188 1020.53100585938 1039.14196777344 1053.541015625 1060.68103027344 1064.48205566406 1069.60498046875 1072.04895019531 1065.13098144531 1049.24194335938 1033.14294433594 1019.56799316406 1011.87896728516 1007.02899169922 1006.62603759766 1008.80499267578 1011.76202392578 1014.47900390625 1016.07202148438 1019.03698730469 1022.54602050781
958.192993164062 945.109985351562 940.68896484375 937.038024902344 932.160034179688 931.0400390625 928.403991699219 937.6259765625 946.740966796875 953.536010742188 945.296997070312 933.195007324219 927.557983398438 927.422973632812 928.674011230469 931.789978027344 934.721008300781 942.367004394531 949.706970214844 952.406005859375 957.002990722656 966.856994628906 975.523010253906 981.799011230469 984.14697265625 987.473022460938 990.403015136719 993.517028808594 991.986999511719 985.133972167969 982.529968261719 985.776977539062 999.184997558594 1025.22900390625 1052.07800292969 1072.68505859375 1077.64001464844 1080.376953125 1089.44396972656 1094.4599609375 1082.41296386719 1062.63195800781 1040.94799804688 1025.91296386719 1019.57800292969 1018.03503417969 1019.01501464844 1016.94500732422 1013.01202392578 1014.86700439453 1016.51702880859 1018.27099609375 1022.76202392578
947.591003417969 938.067016601562 938.494995117188 940.486999511719 940.885986328125 940.411987304688 935.364013671875 932.806030273438 933.747009277344 933.447021484375 930.211975097656 928.752990722656 924.390014648438 923.164001464844 926.101013183594 929.435974121094 934.004028320312 941.716003417969 945.958984375 950.732971191406 957.483032226562 965.664001464844 973.114990234375 979.789978027344 983.692016601562 986.921997070312 993.015991210938 996.465026855469 991.596008300781 989.380004882812 987.549011230469 988.31201171875 996.93798828125 1020.75701904297 1045.71398925781 1064.78796386719 1071.84704589844 1083.02795410156 1090.95397949219 1091.20300292969 1081.53198242188 1065.39099121094 1047.92199707031 1031.90002441406 1022.17401123047 1020.34497070312 1022.36798095703 1019.87902832031 1019.41101074219 1020.25701904297 1023.03503417969 1025.98303222656 1033.43200683594
934.643981933594 929.424987792969 935.786987304688 941.114013671875 937.038024902344 942.27099609375 933.678039550781 923.679992675781 920.768981933594 919.310974121094 919.890991210938 922.39501953125 925.295043945312 924.888000488281 924.880981445312 931.054016113281 935.156005859375 938.281005859375 943.140014648438 950.5419921875 957.034973144531 964.3330078125 971.629028320312 978.594970703125 984.380981445312 988.054992675781 993.968017578125 998.143981933594 1002.86901855469 1003.49298095703 1004.76000976562 1003.79803466797 1005.61297607422 1019.42797851562 1034.57397460938 1046.501953125 1054.71606445312 1066.54895019531 1076.20104980469 1074.31701660156 1066.416015625 1056.75695800781 1044.56701660156 1033.58605957031 1025.01696777344 1020.50604248047 1019.98498535156 1020.88098144531 1019.38598632812 1027.97900390625 1035.67504882812 1038.65197753906 1046.17895507812
922.302978515625 921.780029296875 930.486022949219 935.239990234375 934.796020507812 934.518005371094 929.863037109375 919.93701171875 914.069030761719 911.382019042969 915.174011230469 917.948974609375 918.994995117188 918.877014160156 920.192016601562 924.765014648438 929.802001953125 934.247985839844 940.177978515625 948.677001953125 955.533996582031 962.851013183594 969.25 976.299011230469 983.440979003906 985.065002441406 992.192993164062 999.635009765625 1009.67401123047 1020.22296142578 1027.09899902344 1022.25598144531 1016.93701171875 1017.20397949219 1024.99499511719 1031.9140625 1038.07104492188 1047.77795410156 1054.23303222656 1056.16296386719 1051.8740234375 1045.88903808594 1038.77404785156 1030.79797363281 1022.95397949219 1019.51300048828 1022.48901367188 1025.34204101562 1029.18103027344 1031.27294921875 1038.09399414062 1046.22399902344 1054.82104492188
912.168029785156 909.971008300781 919.018981933594 930.018981933594 934.833984375 928.122009277344 921.463989257812 917.975036621094 915.696960449219 912.06298828125 911.033020019531 911.551025390625 910.055969238281 908.609985351562 909.655029296875 914.700988769531 920.953002929688 926.765991210938 934.166015625 945.143005371094 953.206970214844 961.161010742188 969.320983886719 975.994018554688 981.358032226562 984.435974121094 989.080993652344 997.969970703125 1008.86999511719 1021.36499023438 1030.66394042969 1029.0859375 1018.23101806641 1014.42199707031 1017.39001464844 1023.33898925781 1026.9580078125 1033.0849609375 1038.21704101562 1039.9169921875 1039.7490234375 1035.01696777344 1030.49401855469 1022.72796630859 1019.63897705078 1020.93298339844 1021.94598388672 1026.28295898438 1030.01098632812 1034.63195800781 1043.60900878906 1058.78894042969 1065.72302246094
897.344970703125 899.202026367188 912.120971679688 924.239990234375 926.822998046875 921.952026367188 922.093994140625 920.013000488281 914.981018066406 907.807983398438 904.601013183594 901.578979492188 899.898986816406 900.913024902344 902.51904296875 906.328002929688 911.091979980469 916.914001464844 928.612976074219 940.823974609375 950.516967773438 961.049987792969 972.357971191406 979.737976074219 984.909973144531 988.716979980469 986.706970214844 988.800964355469 997.304992675781 1006.67199707031 1007.53399658203 1007.84399414062 1008.24597167969 1007.63201904297 1014.54498291016 1021.80999755859 1027.96203613281 1031.46801757812 1030.92895507812 1029.89794921875 1027.45104980469 1025.5 1022.71801757812 1024.07702636719 1019.38598632812 1017.28698730469 1017.90301513672 1020.87902832031 1029.64501953125 1047.76098632812 1062.82202148438 1068.70495605469 1071.22302246094
896.370971679688 896.473999023438 909.380981445312 920.875 923.143005371094 920.830993652344 920.992004394531 920.702026367188 913.203002929688 906.085998535156 899.429992675781 892.1669921875 896.068969726562 904.294006347656 907.548034667969 905.006042480469 898.638000488281 902.776977539062 918.828002929688 936.356018066406 949.14599609375 959.898010253906 969.656982421875 976.399963378906 983.559997558594 985.471008300781 982.663024902344 981.385009765625 981.89697265625 980.997009277344 977.931030273438 980.906982421875 987.247985839844 995.078002929688 1002.31500244141 1009.76300048828 1018.88702392578 1027.27905273438 1032.18103027344 1033.041015625 1032.80004882812 1034.33996582031 1034.64001464844 1032.94494628906 1026.86804199219 1026.06298828125 1026.39196777344 1031.75903320312 1048.62902832031 1056.3349609375 1060.28198242188 1066.97497558594 1069.82800292969
911.89697265625 913.85498046875 920.291015625 925.716003417969 928.101989746094 923.976013183594 920.414978027344 917.997009277344 915.634033203125 908.5 900.169982910156 890.330993652344 891.698974609375 901.231994628906 908.609985351562 905.405029296875 901.392028808594 907.409973144531 923.823974609375 939.674987792969 951.320983886719 960.893981933594 970.514038085938 976.393981933594 978.950012207031 979.786010742188 977.664978027344 972.992004394531 962.973999023438 949.093017578125 940.799987792969 942.882995605469 955.783996582031 973.823974609375 988.616027832031 1002.05499267578 1014.50299072266 1024.19299316406 1030.0830078125 1036.60803222656 1043.55505371094 1050.36499023438 1050.34802246094 1051.96496582031 1053.30200195312 1049.44604492188 1046.31005859375 1045.25 1045.49194335938 1047.05200195312 1053.64697265625 1058.00805664062 1059.59899902344
927.635009765625 931.294982910156 938.635009765625 937.885986328125 928.2490234375 923.884033203125 922.726989746094 923.18701171875 923.072998046875 919.647033691406 913.430969238281 906.345031738281 908.338989257812 916.242980957031 922.111999511719 921.099975585938 920.205017089844 926.809997558594 936.768005371094 948.747985839844 959.809020996094 967.242004394531 975.02001953125 977.114990234375 978.77001953125 978.675964355469 976.841979980469 968.549011230469 949.664001464844 922.1669921875 903.892028808594 904.718994140625 930.669982910156 960.025024414062 983.6259765625 998.572998046875 1008.33898925781 1017.19598388672 1025.09899902344 1035.51293945312 1046.51599121094 1051.62805175781 1050.98095703125 1053.81506347656 1055.55395507812 1051.96899414062 1044.31701660156 1040.78198242188 1039.36596679688 1041.7509765625 1046.36694335938 1047.52099609375 1042.61401367188
947.864990234375 947.911987304688 952.013977050781 948.804992675781 942.132995605469 941.119995117188 937.177001953125 940.048034667969 936.637023925781 934.009033203125 933.200012207031 930.898010253906 928.492004394531 933.026977539062 936.281982421875 937.961975097656 938.906982421875 941.973022460938 949.460998535156 958.666015625 966.536987304688 972.716979980469 978.776000976562 979.609008789062 982.293029785156 981.921997070312 978.635009765625 968.85302734375 949.002014160156 921.992004394531 894.906982421875 897.170043945312 926.041015625 956.8759765625 979.054992675781 992.723999023438 1002.65698242188 1013.70202636719 1026.30798339844 1038.97900390625 1048.90502929688 1050.43103027344 1048.00598144531 1053.63696289062 1054.10095214844 1050.56799316406 1036.458984375 1029.18395996094 1032.83703613281 1037.48999023438 1039.03295898438 1037.16296386719 1032.41101074219
959.286987304688 958.947998046875 960.8740234375 959.156005859375 953.377990722656 952.862976074219 948.556030273438 945.179992675781 943.130981445312 943.900024414062 946.648010253906 951.364990234375 952.739013671875 953.846984863281 954.593017578125 951.372009277344 954.242980957031 960.442016601562 967.129028320312 970.609985351562 973.424987792969 976.891967773438 981.210021972656 981.7080078125 981.799987792969 985.173034667969 986.119018554688 977.044982910156 965.56103515625 947.4599609375 931.195007324219 929.943969726562 944.993957519531 965.737976074219 981.587036132812 990.864013671875 1002.70001220703 1018.25701904297 1034.06005859375 1046.73095703125 1050.61401367188 1050.35595703125 1053.76306152344 1054.41296386719 1054.5400390625 1048.02099609375 1037.38000488281 1033.01501464844 1035.13696289062 1038.333984375 1038.80102539062 1029.59497070312 1015.23699951172
968.601989746094 969.924011230469 968.866027832031 964.132995605469 959.817016601562 957.932983398438 953.288024902344 948.223999023438 945.096008300781 943.351989746094 945.794982910156 950.565979003906 952.862976074219 957.098999023438 962.698974609375 967.239990234375 973.121032714844 984.502014160156 992.1240234375 988.791015625 982.387023925781 981.831970214844 984.843994140625 987.263977050781 986.013000488281 986.828002929688 987.460998535156 983.632995605469 975.1259765625 967.049011230469 959.898986816406 959.617980957031 966.14501953125 978.080017089844 989.39599609375 997.023986816406 1006.57098388672 1025.498046875 1040.6240234375 1052.61596679688 1054.31396484375 1056.73205566406 1059.33996582031 1059.34204101562 1060.68395996094 1055.25695800781 1048.03405761719 1044.89001464844 1042.36303710938 1047.01501464844 1039.61804199219 1020.88000488281 1004.17498779297
978.260009765625 979.556030273438 975.919006347656 967.416015625 965.635009765625 961.906982421875 958.242004394531 952.453979492188 947.278991699219 939.856994628906 938.875 940.775024414062 944.372009277344 951.507995605469 962.054992675781 974.486022949219 989.56298828125 1005.17102050781 1009.666015625 1005.72900390625 996.886962890625 991.549987792969 989.515991210938 988.716003417969 986.760009765625 986.892028808594 985.341003417969 983.815002441406 980.797973632812 978.544006347656 976.398010253906 978.030029296875 983.177978515625 989.388977050781 996.336975097656 1005.27600097656 1021.94201660156 1037.08996582031 1050.72106933594 1058.43103027344 1058.49499511719 1063.97399902344 1067.97204589844 1067.21496582031 1067.42395019531 1064.46496582031 1061.01293945312 1055.78002929688 1054.06896972656 1054.16796875 1056.06396484375 1033.9560546875 -3.4e+38
991.088989257812 989.914978027344 986.643005371094 982.815979003906 977.835021972656 971.194030761719 964.824035644531 958.071960449219 950.546020507812 944.726989746094 937.286010742188 937.210998535156 939.093994140625 947.205017089844 962.095031738281 978.72802734375 997.406005859375 1011.40502929688 1017.29797363281 1016.97094726562 1012.70599365234 1006.57501220703 1000.95397949219 994.491027832031 988.807006835938 988.194030761719 986.388977050781 982.989013671875 980.968017578125 980.549987792969 984.161987304688 989.02001953125 994.448974609375 1001.13299560547 1006.36999511719 1019.04998779297 1035.53295898438 1048.51196289062 1057.73498535156 1061.39599609375 1065.34094238281 1072.18701171875 1076.64196777344 1077.6240234375 1078.53698730469 1078.57897949219 1079.65502929688 1074.93505859375 1066.96997070312 1065.69799804688 1069.56591796875 -3.4e+38 -3.4e+38
1001.01702880859 1003.02996826172 1002.41900634766 995.971008300781 986.619995117188 984.890014648438 976.411010742188 969.351989746094 960.279968261719 948.969970703125 941.708984375 940.711975097656 941.89501953125 949.706970214844 967.080017089844 985.625 1002.24401855469 1014.11102294922 1018.78002929688 1019.41003417969 1017.14697265625 1013.82598876953 1009.39398193359 1006.33599853516 997.510009765625 994.543029785156 992.507019042969 988.552001953125 983.635986328125 984.341979980469 991.2919921875 999.489990234375 1007.33099365234 1012.70397949219 1019.20001220703 1033.48095703125 1049.126953125 1059.59497070312 1066.21704101562 1066.75903320312 1074.83898925781 1083.99499511719 1086.83898925781 1091.32006835938 1095.69494628906 1103.01599121094 1104.43603515625 1097.01904296875 1085.49499511719 1079.61596679688 -3.4e+38 -3.4e+38 -3.4e+38
