PastLayers/ppt.asc
NCOLS 292 
NROWS 291 
XLLCORNER -87.6458333327872 
YLLCORNER 24.4791666666667 
CELLSIZE 0.0416666666669039 
NODATA_value -3.4e+38 
[rows 216 to 239 of 291, columns 106 to 158 of 292]
-3.4e+38 -3.4e+38 -3.4e+38 -3.4e+38 -3.4e+38 -3.4e+38 -3.4e+38 -3.4e+38 -3.4e+38 -3.4e+38 -3.4e+38 -3.4e+38 -3.4e+38 -3.4e+38 -3.4e+38 1214.41198730469 1207.88098144531 1213.85498046875 1216.80798339844 1221.10107421875 1227.82507324219 1237.64697265625 1248.75402832031 1253.84594726562 1255.94897460938 1258.89697265625 1262.16296386719 1266.0419921875 1264.58093261719 1267.76293945312 1268.49096679688 1274.09997558594 1277.34497070312 1284.61999511719 1287.40600585938 1285.82800292969 1280.48596191406 1278.21203613281 1275.23693847656 1276.58703613281 1281.27099609375 1280.30102539062 1275.7080078125 1274.32397460938 1274.25903320312 1273.35803222656 1276.97399902344 1281.90698242188 1291.15600585938 1317.15295410156 1334.66198730469 1339.33801269531 1335.123046875
-3.4e+38 -3.4e+38 -3.4e+38 -3.4e+38 -3.4e+38 -3.4e+38 -3.4e+38 -3.4e+38 -3.4e+38 -3.4e+38 -3.4e+38 -3.4e+38 -3.4e+38 -3.4e+38 1235.05395507812 1230.5419921875 1223.13098144531 1218.38696289062 1221.66003417969 1221.08996582031 1222.93395996094 1232.4189453125 1245.09204101562 1257.02294921875 1260.61303710938 1263.64697265625 1272.90600585938 1277.72705078125 1278.67504882812 1279.5419921875 1279.08703613281 1284.78198242188 1289.01794433594 1293.99694824219 1293.09802246094 1290.9580078125 1288.72399902344 1286.78405761719 1284.49499511719 1285.11193847656 1287.21496582031 1283.51098632812 1278.95593261719 1282.333984375 1280.99194335938 1280.75402832031 1279.53002929688 1276.93493652344 1287.72399902344 1310.36206054688 1325.1689453125 1338.36303710938 1343.25598144531
-3.4e+38 -3.4e+38 -3.4e+38 -3.4e+38 -3.4e+38 -3.4e+38 -3.4e+38 -3.4e+38 -3.4e+38 -3.4e+38 -3.4e+38 -3.4e+38 1321.39294433594 1283.61901855469 1260.19995117188 1244.76196289062 1235.28796386719 1225.26293945312 1220.84997558594 1222.11596679688 1225.43798828125 1232.25793457031 1242.60302734375 1256.49694824219 1266.49597167969 1274.58996582031 1286.63195800781 1288.208984375 1295.38903808594 1295.22302246094 1291.76794433594 1290.09497070312 1292.20104980469 1295.43701171875 1294.626953125 1295.96606445312 1295.60803222656 1294.78405761719 1297.22094726562 1297.7900390625 1293.93603515625 1289.91296386719 1292.876953125 1289.5009765625 1285.90502929688 1280.78100585938 1275.01098632812 1268.94702148438 1277.18493652344 1293.39196777344 1310.72595214844 1323.65698242188 1328.07495117188
-3.4e+38 -3.4e+38 -3.4e+38 -3.4e+38 -3.4e+38 -3.4e+38 -3.4e+38 -3.4e+38 -3.4e+38 -3.4e+38 -3.4e+38 -3.4e+38 -3.4e+38 1341.31201171875 1298.84106445312 1262.07604980469 1235.89196777344 1222.80993652344 1216.87902832031 1216.43994140625 1223.2490234375 1237.82495117188 1252.31298828125 1263.34997558594 1278.24206542969 1280.71301269531 1283.60705566406 1290.35400390625 1298.875 1297.89196777344 1294.40197753906 1295.43395996094 1298.06994628906 1300.72900390625 1296.03405761719 1297.4609375 1296.35803222656 1298.47607421875 1297.72399902344 1295.00903320312 1292.11303710938 1294.04992675781 1297.626953125 1292.83703613281 1289.07897949219 1281.12097167969 1272.05200195312 1266.88500976562 1268.49206542969 1277.92199707031 1292.01098632812 1305.79296875 1315.06604003906
-3.4e+38 -3.4e+38 -3.4e+38 -3.4e+38 -3.4e+38 -3.4e+38 -3.4e+38 -3.4e+38 -3.4e+38 -3.4e+38 -3.4e+38 -3.4e+38 -3.4e+38 1377.44104003906 1342.10498046875 1271.83996582031 1226.82995605469 1208.84497070312 1203.21301269531 1207.57495117188 1218.86901855469 1240.06396484375 1265.91296386719 1279.40600585938 1278.05895996094 1284.62805175781 1290.3349609375 1295.5849609375 1300.38195800781 1298.92199707031 1298.53503417969 1303.97802734375 1307.31494140625 1307.64196777344 1302.98693847656 1298.9140625 1296.873046875 1295.51000976562 1293.5400390625 1289.41003417969 1288.27404785156 1290.63000488281 1293.20202636719 1290.56799316406 1282.73400878906 1274.76501464844 1264.06005859375 1265.89196777344 1266.93798828125 1271.03308105469 1284.20703125 1297.20495605469 1310.45397949219
-3.4e+38 -3.4e+38 -3.4e+38 -3.4e+38 -3.4e+38 -3.4e+38 -3.4e+38 -3.4e+38 -3.4e+38 -3.4e+38 -3.4e+38 -3.4e+38 -3.4e+38 -3.4e+38 1331.02905273438 1276.01196289062 1220.19702148438 1185.03393554688 1180.43298339844 1194.60498046875 1217.13598632812 1242.71704101562 1269.03002929688 1287.85595703125 1290.48400878906 1300.34997558594 1298.251953125 1303.625 1305.55004882812 1306.92895507812 1308.25 1310.77404785156 1314.69201660156 1319.93103027344 1312.24096679688 1302.93798828125 1292.708984375 1289.46704101562 1286.916015625 1283.01403808594 1282.41296386719 1281.77697753906 1287.43395996094 1293.02197265625 1285.63098144531 1267.89099121094 1242.62805175781 1238.66003417969 1249.86804199219 1267.84802246094 1278.21704101562 1294.44104003906 1300.70397949219
-3.4e+38 -3.4e+38 -3.4e+38 -3.4e+38 -3.4e+38 -3.4e+38 -3.4e+38 -3.4e+38 -3.4e+38 -3.4e+38 -3.4e+38 -3.4e+38 -3.4e+38 -3.4e+38 -3.4e+38 1255.55200195312 1212.42504882812 1179.45300292969 1168.57202148438 1191.73400878906 1223.99401855469 1254.0390625 1273.94799804688 1291.68994140625 1305.1689453125 1309.82299804688 1306.998046875 1305.73901367188 1311.56494140625 1316.17700195312 1321.65502929688 1326.580078125 1329.94995117188 1329.15502929688 1321.02502441406 1307.06799316406 1294.76098632812 1288.13696289062 1279.96203613281 1276.56799316406 1271.59997558594 1273.06799316406 1279.54699707031 1283.998046875 1276.55004882812 1254.00695800781 1232.15502929688 1224.11499023438 1227.17102050781 1246.71594238281 1267.42297363281 1281.85400390625 1287.65405273438
-3.4e+38 -3.4e+38 -3.4e+38 -3.4e+38 -3.4e+38 -3.4e+38 -3.4e+38 -3.4e+38 -3.4e+38 -3.4e+38 -3.4e+38 -3.4e+38 -3.4e+38 -3.4e+38 -3.4e+38 -3.4e+38 1204.30505371094 1182.40502929688 1178.77099609375 1200.24304199219 1235.291015625 1264.14697265625 1285.15795898438 1296.51098632812 1314.13806152344 1318.31799316406 1317.58703613281 1316.24194335938 1323.50903320312 1329.76306152344 1336.12097167969 1343.61193847656 1350.31896972656 1347.05102539062 1336.86401367188 1319.23999023438 1305.13208007812 1289.93298339844 1279.56506347656 1275.16296386719 1271.76599121094 1273.83703613281 1277.56494140625 1283.29504394531 1282.71801757812 1262.86193847656 1233.35803222656 1211.01000976562 1211.95495605469 1230.23095703125 1251.75903320312 1267.93200683594 1277.01000976562
-3.4e+38 -3.4e+38 -3.4e+38 -3.4e+38 -3.4e+38 -3.4e+38 -3.4e+38 -3.4e+38 -3.4e+38 -3.4e+38 -3.4e+38 -3.4e+38 -3.4e+38 -3.4e+38 -3.4e+38 -3.4e+38 -3.4e+38 1181.01000976562 1188.08996582031 1211.11706542969 1241.71899414062 1268.16796875 1291.11596679688 1301.82702636719 1320.56701660156 1325.8359375 1325.80395507812 1329.7099609375 1335.1689453125 1341.68603515625 1350.71899414062 1360.67395019531 1374.48596191406 1370.5009765625 1356.16198730469 1330.52795410156 1313.38098144531 1297.666015625 1287.19494628906 1279.0009765625 1280.17602539062 1277.4169921875 1280.92797851562 1289.17504882812 1290.5830078125 1278.04296875 1247.9560546875 1222.29895019531 1221.37097167969 1229.42102050781 1249.49096679688 1261.77905273438 1269.28002929688
-3.4e+38 -3.4e+38 -3.4e+38 -3.4e+38 -3.4e+38 -3.4e+38 -3.4e+38 -3.4e+38 -3.4e+38 -3.4e+38 -3.4e+38 -3.4e+38 -3.4e+38 -3.4e+38 -3.4e+38 -3.4e+38 -3.4e+38 1174.72595214844 1193.48999023438 1216.58703613281 1243.498046875 1272.09204101562 1296.31799316406 1304.82202148438 1322.27697753906 1331.916015625 1332.32006835938 1335.291015625 1340.05297851562 1348.63806152344 1358.80004882812 1370.39794921875 1389.19396972656 1393.3349609375 1366.51794433594 1338.55004882812 1317.77502441406 1303.06896972656 1294.73693847656 1292.05395507812 1286.71301269531 1287.09704589844 1288.07800292969 1293.73095703125 1297.40502929688 1290.06799316406 1273.88500976562 1249.80798339844 1241.01794433594 1240.85498046875 1251.02001953125 1257.60192871094 1261.72595214844
-3.4e+38 -3.4e+38 -3.4e+38 -3.4e+38 -3.4e+38 -3.4e+38 -3.4e+38 -3.4e+38 -3.4e+38 -3.4e+38 -3.4e+38 -3.4e+38 -3.4e+38 -3.4e+38 -3.4e+38 -3.4e+38 -3.4e+38 -3.4e+38 1182.6240234375 1209.88000488281 1239.57897949219 1266.5 1289.33203125 1299.62902832031 1319.83605957031 1334.1689453125 1337.8740234375 1341.43591308594 1344.34204101562 1346.61303710938 1356.26501464844 1365.97900390625 1378.32202148438 1377.42395019531 1361.99096679688 1339.63403320312 1321.5849609375 1311.01501464844 1308.31298828125 1304.70703125 1296.4599609375 1289.41198730469 1289.16394042969 1296.74401855469 1299.47497558594 1293.29296875 1280.51599121094 1260.42602539062 1246.59204101562 1247.26696777344 1254.02697753906 1255.94104003906 1254.7109375
-3.4e+38 -3.4e+38 -3.4e+38 -3.4e+38 -3.4e+38 -3.4e+38 -3.4e+38 -3.4e+38 -3.4e+38 -3.4e+38 -3.4e+38 -3.4e+38 -3.4e+38 -3.4e+38 -3.4e+38 -3.4e+38 -3.4e+38 -3.4e+38 1172.75695800781 1188.45703125 1220.59204101562 1258.458984375 1283.94006347656 1295.00903320312 1317.77099609375 1332.64892578125 1340.6669921875 1345.31896972656 1348.17602539062 1347.31506347656 1352.23095703125 1359.61694335938 1361.42700195312 1361.34802246094 1352.73693847656 1340.49401855469 1329.85498046875 1325.72497558594 1318.68005371094 1309.50402832031 1300.20703125 1291.58898925781 1291.33203125 1286.72900390625 1285.06494140625 1277.62097167969 1266.09497070312 1252.27001953125 1249.28503417969 1249.79504394531 1249.29296875 1246.90405273438 1248.06799316406
-3.4e+38 -3.4e+38 -3.4e+38 -3.4e+38 -3.4e+38 -3.4e+38 -3.4e+38 -3.4e+38 -3.4e+38 -3.4e+38 -3.4e+38 -3.4e+38 -3.4e+38 -3.4e+38 -3.4e+38 -3.4e+38 -3.4e+38 -3.4e+38 -3.4e+38 1184.86096191406 1212.78503417969 1249.93603515625 1282.34594726562 1296.50305175781 1313.96105957031 1330.44604492188 1344.20202636719 1350.97204589844 1350.57995605469 1353.14599609375 1353.30700683594 1351.92199707031 1356.42602539062 1365.03405761719 1355.96801757812 1342.95703125 1338.3310546875 1333.13305664062 1325.95104980469 1316.04797363281 1310.08996582031 1297.60595703125 1281.45397949219 1272.07299804688 1262.43005371094 1253.54699707031 1253.67297363281 1251.90100097656 1251.5009765625 1255.39599609375 1258.126953125 1254.88293457031 1252.15197753906
-3.4e+38 -3.4e+38 -3.4e+38 -3.4e+38 -3.4e+38 -3.4e+38 -3.4e+38 -3.4e+38 -3.4e+38 -3.4e+38 -3.4e+38 -3.4e+38 -3.4e+38 -3.4e+38 -3.4e+38 -3.4e+38 -3.4e+38 -3.4e+38 -3.4e+38 1193.916015625 1217.80102539062 1251.49694824219 1281.52600097656 1299.09094238281 1312.97900390625 1328.55200195312 1344.32897949219 1353.18493652344 1355.76098632812 1357.17797851562 1356.00805664062 1354.08996582031 1367.61694335938 1365.38500976562 1360.00305175781 1353.24096679688 1343.85595703125 1335.37805175781 1330.63000488281 1333.40100097656 1320.81201171875 1305.29895019531 1286.498046875 1270.86499023438 1251.92797851562 1245.34497070312 1253.42602539062 1260.19299316406 1265.79797363281 1269.51196289062 1273.11193847656 1271.29296875 1263.76403808594
-3.4e+38 -3.4e+38 -3.4e+38 -3.4e+38 -3.4e+38 -3.4e+38 -3.4e+38 -3.4e+38 -3.4e+38 -3.4e+38 -3.4e+38 -3.4e+38 -3.4e+38 -3.4e+38 -3.4e+38 -3.4e+38 -3.4e+38 -3.4e+38 -3.4e+38 -3.4e+38 1224.52197265625 1254.80200195312 1283.32495117188 1301.90197753906 1317.23596191406 1327.98303222656 1343.498046875 1359.49597167969 1360.37805175781 1358.39697265625 1359.26000976562 1365.05603027344 1367.23400878906 1362.47399902344 1362.03698730469 1357.19201660156 1353.60192871094 1347.90698242188 1355.02795410156 1347.97497558594 1333.35595703125 1315.84802246094 1297.39794921875 1279.15795898438 1267.57397460938 1266.11694335938 1273.60400390625 1279.27795410156 1281.84301757812 1287.5 1288.60095214844 1286.26904296875 1274.94702148438
-3.4e+38 -3.4e+38 -3.4e+38 -3.4e+38 -3.4e+38 -3.4e+38 -3.4e+38 -3.4e+38 -3.4e+38 -3.4e+38 -3.4e+38 -3.4e+38 -3.4e+38 -3.4e+38 -3.4e+38 -3.4e+38 -3.4e+38 -3.4e+38 -3.4e+38 -3.4e+38 1229.09399414062 1256.52099609375 1285.50402832031 1302.00805664062 1319.95092773438 1337.12902832031 1348.47595214844 1363.91906738281 1368.88793945312 1362.60205078125 1361.94299316406 1367.06701660156 1366.49597167969 1364.77502441406 1364.88098144531 1360.33703613281 1362.08703613281 1361.76599121094 1359.02600097656 1349.76904296875 1339.42797851562 1325.06799316406 1309.66906738281 1299.93798828125 1294.22705078125 1294.97204589844 1298.98803710938 1300.22705078125 1295.42504882812 1296.94799804688 1299.63098144531 1297.31799316406 1284.64196777344
-3.4e+38 -3.4e+38 -3.4e+38 -3.4e+38 -3.4e+38 -3.4e+38 -3.4e+38 -3.4e+38 -3.4e+38 -3.4e+38 -3.4e+38 -3.4e+38 -3.4e+38 -3.4e+38 -3.4e+38 -3.4e+38 -3.4e+38 -3.4e+38 -3.4e+38 -3.4e+38 -3.4e+38 1252.42297363281 1275.25 1297.80895996094 1314.73095703125 1334.25305175781 1349.06103515625 1363.46594238281 1368.78198242188 1363.80395507812 1362.72399902344 1364.69995117188 1367.96997070312 1368.21997070312 1370.63098144531 1375.16796875 1366.30102539062 1358.15002441406 1356.09497070312 1347.41394042969 1338.77099609375 1330.66101074219 1321.66796875 1314.85998535156 1314.18994140625 1316.56604003906 1318.86206054688 1317.42797851562 1307.74597167969 1305.54602050781 1311.43505859375 1313.43603515625 1305.44799804688
-3.4e+38 -3.4e+38 -3.4e+38 -3.4e+38 -3.4e+38 -3.4e+38 -3.4e+38 -3.4e+38 -3.4e+38 -3.4e+38 -3.4e+38 -3.4e+38 -3.4e+38 -3.4e+38 -3.4e+38 -3.4e+38 -3.4e+38 -3.4e+38 -3.4e+38 -3.4e+38 -3.4e+38 -3.4e+38 1269.46398925781 1287.28100585938 1309.45397949219 1327.14306640625 1344.35498046875 1356.18200683594 1359.8310546875 1361.50598144531 1365.59802246094 1369.27893066406 1376.30102539062 1379.77795410156 1384.31604003906 1377.07592773438 1368 1361.64404296875 1352.53100585938 1339.93603515625 1330.25305175781 1325.53393554688 1323.77807617188 1321.26306152344 1323.24304199219 1329.1259765625 1333.18298339844 1329.23901367188 1316.32104492188 1312.49304199219 1324.94104003906 1334.30700683594 1335.0439453125
-3.4e+38 -3.4e+38 -3.4e+38 -3.4e+38 -3.4e+38 -3.4e+38 -3.4e+38 -3.4e+38 -3.4e+38 -3.4e+38 -3.4e+38 -3.4e+38 -3.4e+38 -3.4e+38 -3.4e+38 -3.4e+38 -3.4e+38 -3.4e+38 -3.4e+38 -3.4e+38 -3.4e+38 -3.4e+38 1275.09204101562 1283.42395019531 1305.46606445312 1322.92993164062 1337.61193847656 1348.97998046875 1354.61694335938 1360.53002929688 1371.77502441406 1380.14196777344 1387.22192382812 1388.80895996094 1384.00402832031 1380.458984375 1373.09997558594 1365.06604003906 1352.42895507812 1337.73303222656 1324.90197753906 1317.61804199219 1310.40100097656 1311.18005371094 1322.2919921875 1337.94995117188 1347.041015625 1340.31591796875 1329.64099121094 1328.01098632812 1341.94995117188 1362.64099121094 1361.77001953125
-3.4e+38 -3.4e+38 -3.4e+38 -3.4e+38 -3.4e+38 -3.4e+38 -3.4e+38 -3.4e+38 -3.4e+38 -3.4e+38 -3.4e+38 -3.4e+38 -3.4e+38 -3.4e+38 -3.4e+38 -3.4e+38 -3.4e+38 -3.4e+38 -3.4e+38 -3.4e+38 -3.4e+38 -3.4e+38 -3.4e+38 1281.52697753906 1300.67102050781 1322.501953125 1335.67297363281 1349.99194335938 1359.03698730469 1372.58898925781 1384.67395019531 1389.74096679688 1389.51696777344 1387.14196777344 1385.541015625 1385.73803710938 1381.17700195312 1371.71301269531 1358.00402832031 1341.04699707031 1321.56701660156 1301.95703125 1279.63403320312 1292.94104003906 1313.35803222656 1350.70397949219 1373.14099121094 1353.56201171875 1340.99597167969 1337.68395996094 1351.07202148438 1365.49694824219 1377.05200195312
-3.4e+38 -3.4e+38 -3.4e+38 -3.4e+38 -3.4e+38 -3.4e+38 -3.4e+38 -3.4e+38 -3.4e+38 -3.4e+38 -3.4e+38 -3.4e+38 -3.4e+38 -3.4e+38 -3.4e+38 -3.4e+38 -3.4e+38 -3.4e+38 -3.4e+38 -3.4e+38 -3.4e+38 -3.4e+38 -3.4e+38 1282.9189453125 1297.92395019531 1321.07495117188 1338.49096679688 1355.11499023438 1366.74597167969 1384.84301757812 1391.47497558594 1393.40502929688 1392.95007324219 1388.56506347656 1386.5849609375 1391.22900390625 1395.93298339844 1390.32299804688 1374.48901367188 1351.13305664062 1320.22998046875 1291.19396972656 1272.3759765625 1288.34997558594 1305.18005371094 1339.48400878906 1358.89794921875 1350.47302246094 1345.37097167969 1346.65405273438 1355.67602539062 1366.70202636719 1371.2529296875
-3.4e+38 -3.4e+38 -3.4e+38 -3.4e+38 -3.4e+38 -3.4e+38 -3.4e+38 -3.4e+38 -3.4e+38 -3.4e+38 -3.4e+38 -3.4e+38 -3.4e+38 -3.4e+38 -3.4e+38 -3.4e+38 -3.4e+38 -3.4e+38 -3.4e+38 -3.4e+38 -3.4e+38 -3.4e+38 -3.4e+38 1286.20202636719 1296.82702636719 1316.67199707031 1335.8759765625 1356.80200195312 1366.98901367188 1388.76000976562 1401.46997070312 1402.82800292969 1398.73400878906 1390.48095703125 1388.88793945312 1392.89001464844 1402.26501464844 1398.07299804688 1376.44104003906 1354.02001953125 1336.45300292969 1309.27404785156 1296.79797363281 1300.17102050781 1311.34997558594 1330.1240234375 1341.08605957031 1344.08703613281 1346.19104003906 1352.92297363281 1360.29797363281 1366.40002441406 1371.59399414062
-3.4e+38 -3.4e+38 -3.4e+38 -3.4e+38 -3.4e+38 -3.4e+38 -3.4e+38 -3.4e+38 -3.4e+38 -3.4e+38 -3.4e+38 -3.4e+38 -3.4e+38 -3.4e+38 -3.4e+38 -3.4e+38 -3.4e+38 -3.4e+38 -3.4e+38 -3.4e+38 -3.4e+38 -3.4e+38 -3.4e+38 1293.57092285156 1294.55700683594 1313.33801269531 1334.23706054688 1353.42395019531 1365.24597167969 1383.11401367188 1398.875 1410.23498535156 1411.83203125 1404.17797851562 1397.83203125 1390.998046875 1396.07800292969 1389.60705566406 1372.23901367188 1365.82006835938 1358.08203125 1341.89196777344 1327.041015625 1324.53002929688 1331.30603027344 1338.18798828125 1341.9580078125 1343.92797851562 1353.56298828125 1367.36694335938 1369.26904296875 1370.09204101562 1369.56494140625
-3.4e+38 -3.4e+38 -3.4e+38 -3.4e+38 -3.4e+38 -3.4e+38 -3.4e+38 -3.4e+38 -3.4e+38 -3.4e+38 -3.4e+38 -3.4e+38 -3.4e+38 -3.4e+38 -3.4e+38 -3.4e+38 -3.4e+38 -3.4e+38 -3.4e+38 -3.4e+38 -3.4e+38 -3.4e+38 -3.4e+38 1294.21704101562 1295.26403808594 1309.89501953125 1329.56896972656 1352.85498046875 1365.46899414062 1378.03002929688 1391.32104492188 1409.30603027344 1419.2919921875 1413.85595703125 1407.35900878906 1397.98303222656 1391.50402832031 1391.96997070312 1384.06103515625 1381.38696289062 1383.75402832031 1373.21997070312 1359.2490234375 1348.97399902344 1348.25805664062 1352.31604003906 1356.86206054688 1359.13500976562 1367.123046875 1377.45104980469 1380.49096679688 1373.92700195312 1369.7509765625
