PastLayers/tdmean.asc
NCOLS 292 
NROWS 291 
XLLCORNER -87.6458333327872 
YLLCORNER 24.4791666666667 
CELLSIZE 0.0416666666669039 
NODATA_value -3.4e+38 
[rows 120 to 143 of 291, columns 106 to 158 of 292]
11.3340005874634 11.2800006866455 11.202000617981 11.2210006713867 11.1650009155273 11.1390008926392 11.0690002441406 11.0370006561279 11.0410003662109 11.1390008926392 11.1440000534058 11.1540002822876 11.1360006332397 11.1270008087158 11.1240005493164 11.1600008010864 11.1490001678467 11.1270008087158 11.1240005493164 11.1890001296997 11.2190008163452 11.1730003356934 11.1540002822876 11.121000289917 11.0700006484985 11.1550006866455 11.1110000610352 11.16100025177 11.1340007781982 11.0970001220703 11.113000869751 11.117000579834 11.1490001678467 11.1800003051758 11.1960000991821 11.2350006103516 11.2270002365112 11.2170009613037 11.2100009918213 11.2100009918213 11.1550006866455 11.1430006027222 11.1410007476807 11.1980009078979 11.2180004119873 11.3760004043579 11.4850006103516 11.5130004882812 11.6680002212524 11.7710008621216 -3.4e+38 -3.4e+38 -3.4e+38
11.363000869751 11.2750005722046 11.2440004348755 11.1980009078979 11.1670007705688 11.1310005187988 11.1230001449585 11.0990009307861 11.1300001144409 11.1890001296997 11.2220001220703 11.1910009384155 11.1190004348755 11.1100006103516 11.1560001373291 11.16100025177 11.121000289917 11.0890007019043 11.1150007247925 11.157000541687 11.2160005569458 11.2350006103516 11.2050008773804 11.1440000534058 11.0740003585815 11.1650009155273 11.1290006637573 11.1790008544922 11.1240005493164 11.1030006408691 11.1150007247925 11.1270008087158 11.1770009994507 11.1980009078979 11.193000793457 11.1840009689331 11.2230005264282 11.3050003051758 11.3150005340576 11.3360004425049 11.3020009994507 11.2590007781982 11.2710008621216 11.3290004730225 11.4450006484985 11.6110010147095 11.5930004119873 11.7360010147095 11.831000328064 -3.4e+38 -3.4e+38 -3.4e+38 -3.4e+38
11.3620004653931 11.2890005111694 11.2160005569458 11.193000793457 11.1850004196167 11.1330003738403 11.1280002593994 11.1050004959106 11.1180009841919 11.1660003662109 11.2290000915527 11.1840009689331 11.1360006332397 11.1310005187988 11.1600008010864 11.1620006561279 11.1470003128052 11.1300001144409 11.1350002288818 11.1700000762939 11.2240009307861 11.2220001220703 11.2220001220703 11.1870002746582 11.1030006408691 11.1030006408691 11.1340007781982 11.1520004272461 11.117000579834 11.1270008087158 11.1300001144409 11.1780004501343 11.2050008773804 11.2300004959106 11.2130002975464 11.2400007247925 11.2930002212524 11.3400001525879 11.4040002822876 11.4410009384155 11.4770002365112 11.443000793457 11.4390001296997 11.4720001220703 11.6090002059937 11.7050008773804 11.7520008087158 11.8740005493164 11.9200010299683 -3.4e+38 -3.4e+38 -3.4e+38 -3.4e+38
11.2830009460449 11.2590007781982 11.2530002593994 11.2790002822876 11.2500009536743 11.2410001754761 11.2030000686646 11.2360000610352 11.2260007858276 11.2150001525879 11.2560005187988 11.2100009918213 11.1700000762939 11.202000617981 11.2120008468628 11.2240009307861 11.2130002975464 11.2140007019043 11.2090005874634 11.1850004196167 11.1960000991821 11.2520008087158 11.2240009307861 11.1660003662109 11.0890007019043 11.1070003509521 11.1480007171631 11.1030006408691 11.1900005340576 11.1500005722046 11.1350002288818 11.2090005874634 11.242000579834 11.2480001449585 11.2720003128052 11.3100004196167 11.3690004348755 11.4140005111694 11.4790000915527 11.5180006027222 11.5900001525879 11.6320009231567 11.6240005493164 11.6310005187988 11.7740001678467 11.8160009384155 11.8830003738403 11.9610004425049 -3.4e+38 -3.4e+38 -3.4e+38 -3.4e+38 -3.4e+38
11.2920007705688 11.2430009841919 11.2590007781982 11.2740001678467 11.2550001144409 11.2090005874634 11.2160005569458 11.2320003509521 11.2650003433228 11.2710008621216 11.2610006332397 11.2940006256104 11.2760009765625 11.2660007476807 11.2500009536743 11.2680006027222 11.238000869751 11.2370004653931 11.2190008163452 11.1800003051758 11.1760005950928 11.2270002365112 11.2200002670288 11.1600008010864 11.1640005111694 11.1230001449585 11.1070003509521 11.1590003967285 11.1950006484985 11.1690006256104 11.1670007705688 11.2260007858276 11.3010005950928 11.3060007095337 11.3190002441406 11.3980007171631 11.4670009613037 11.5430002212524 11.5830001831055 11.6550006866455 11.7150001525879 11.7500009536743 11.7390003204346 11.7590007781982 11.9350004196167 11.952000617981 12.0240001678467 12.1580009460449 -3.4e+38 -3.4e+38 -3.4e+38 -3.4e+38 -3.4e+38
11.3140001296997 11.2830009460449 11.2840003967285 11.3040008544922 11.2690010070801 11.2290000915527 11.2040004730225 11.2550001144409 11.2710008621216 11.2660007476807 11.2930002212524 11.2950000762939 11.2950000762939 11.3120002746582 11.2880001068115 11.3050003051758 11.2370004653931 11.2210006713867 11.2520008087158 11.2230005264282 11.2050008773804 11.1900005340576 11.1810007095337 11.1840009689331 11.1690006256104 11.1730003356934 11.1500005722046 11.1690006256104 11.1840009689331 11.1670007705688 11.201000213623 11.2900009155273 11.3540000915527 11.3860006332397 11.4000005722046 11.4930009841919 11.5690002441406 11.6550006866455 11.6990003585815 11.7410001754761 11.8000001907349 11.8420009613037 11.8440008163452 11.9020004272461 12.0300006866455 12.0530004501343 12.1560001373291 -3.4e+38 -3.4e+38 -3.4e+38 -3.4e+38 -3.4e+38 -3.4e+38
11.3050003051758 11.2920007705688 11.3090009689331 11.3290004730225 11.2950000762939 11.2930002212524 11.2650003433228 11.3240003585815 11.331000328064 11.3080005645752 11.3650007247925 11.3840007781982 11.3540000915527 11.2900009155273 11.2970008850098 11.3010005950928 11.2950000762939 11.2640008926392 11.3200006484985 11.2830009460449 11.2440004348755 11.2300004959106 11.2270002365112 11.1990003585815 11.2200002670288 11.2050008773804 11.1920003890991 11.1900005340576 11.1720008850098 11.2240009307861 11.2900009155273 11.3800001144409 11.4220008850098 11.44700050354 11.5090007781982 11.6060009002686 11.6890001296997 11.7910003662109 11.8490009307861 11.863000869751 11.9000005722046 11.9800004959106 12.0390005111694 12.1140003204346 12.1460008621216 12.1680002212524 12.2890005111694 -3.4e+38 -3.4e+38 -3.4e+38 -3.4e+38 -3.4e+38 -3.4e+38
11.3250007629395 11.2980003356934 11.2850008010864 11.2940006256104 11.3390007019043 11.3100004196167 11.3440008163452 11.3730001449585 11.4050006866455 11.3740005493164 11.3580007553101 11.407000541687 11.371000289917 11.3370008468628 11.3750009536743 11.3760004043579 11.371000289917 11.3830003738403 11.3360004425049 11.2350006103516 11.2480001449585 11.2760009765625 11.2790002822876 11.2650003433228 11.2310009002686 11.2340002059937 11.1880006790161 11.1700000762939 11.2050008773804 11.2740001678467 11.3800001144409 11.4300003051758 11.4700002670288 11.4940004348755 11.5830001831055 11.6660003662109 11.7990007400513 11.9290008544922 12.0600004196167 12.0980005264282 12.0930004119873 12.1040010452271 12.1650009155273 12.2490005493164 12.2360010147095 12.2580003738403 12.4230003356934 -3.4e+38 -3.4e+38 -3.4e+38 -3.4e+38 -3.4e+38 -3.4e+38
11.3560009002686 11.3370008468628 11.3450002670288 11.3810005187988 11.4380006790161 11.4210004806519 11.4400005340576 11.4610004425049 11.4930009841919 11.4850006103516 11.4160003662109 11.4080009460449 11.3660001754761 11.3810005187988 11.4200000762939 11.4450006484985 11.4260005950928 11.3650007247925 11.3020009994507 11.2580003738403 11.2110004425049 11.2240009307861 11.2740001678467 11.282000541687 11.2990007400513 11.2540006637573 11.2530002593994 11.2360000610352 11.2610006332397 11.3330001831055 11.4170007705688 11.443000793457 11.5120000839233 11.5650005340576 11.7000007629395 11.82200050354 11.9420003890991 12.0700006484985 12.2340002059937 12.238000869751 12.1600008010864 12.2150001525879 12.3600006103516 12.3660001754761 12.3000001907349 12.3970003128052 12.5380010604858 -3.4e+38 -3.4e+38 -3.4e+38 -3.4e+38 -3.4e+38 -3.4e+38
11.3970003128052 11.4220008850098 11.4550008773804 11.4890003204346 11.5390005111694 11.4700002670288 11.5090007781982 11.53600025177 11.5210008621216 11.5220003128052 11.5130004882812 11.5070009231567 11.5000009536743 11.5340003967285 11.5390005111694 11.4940004348755 11.4220008850098 11.4240007400513 11.3530006408691 11.3100004196167 11.3290004730225 11.3250007629395 11.3110008239746 11.2590007781982 11.2440004348755 11.2920007705688 11.371000289917 11.3900003433228 11.3530006408691 11.3840007781982 11.4330005645752 11.4850006103516 11.5170001983643 11.6120004653931 11.7290000915527 11.8330001831055 11.9340009689331 12.0750007629395 12.202000617981 12.2390003204346 12.2180004119873 12.282000541687 12.3910007476807 12.326000213623 12.3720006942749 12.5400009155273 -3.4e+38 -3.4e+38 -3.4e+38 -3.4e+38 -3.4e+38 -3.4e+38 -3.4e+38
11.5060005187988 11.5170001983643 11.5380001068115 11.5460004806519 11.617000579834 11.5650005340576 11.5620002746582 11.617000579834 11.6430006027222 11.6150007247925 11.6110010147095 11.6540002822876 11.6860008239746 11.6740007400513 11.5800008773804 11.5440006256104 11.5170001983643 11.4370002746582 11.4440002441406 11.4490003585815 11.4290008544922 11.3800001144409 11.3350009918213 11.331000328064 11.3570003509521 11.3840007781982 11.3970003128052 11.3960008621216 11.3870000839233 11.4360008239746 11.5000009536743 11.5250005722046 11.5920009613037 11.6820001602173 11.7540006637573 11.8230009078979 11.8830003738403 12.0080003738403 12.1000003814697 12.1690006256104 12.238000869751 12.318000793457 12.3400001525879 12.3550004959106 12.5230007171631 -3.4e+38 -3.4e+38 -3.4e+38 -3.4e+38 -3.4e+38 -3.4e+38 -3.4e+38 -3.4e+38
11.5490007400513 11.5790004730225 11.6090002059937 11.6060009002686 11.6260004043579 11.5800008773804 11.6300001144409 11.693000793457 11.7540006637573 11.7950010299683 11.8230009078979 11.8700008392334 11.8340005874634 11.7290000915527 11.6790008544922 11.6290006637573 11.5550003051758 11.5620002746582 11.5410003662109 11.5200004577637 11.4980001449585 11.4200000762939 11.3910007476807 11.4280004501343 11.4250001907349 11.4120006561279 11.4540004730225 11.4220008850098 11.4630002975464 11.5190010070801 11.5800008773804 11.5890007019043 11.6350002288818 11.6830005645752 11.746000289917 11.7940006256104 11.8490009307861 11.9580001831055 12.076000213623 12.1660003662109 12.2650003433228 12.3250007629395 12.3780002593994 12.5380010604858 -3.4e+38 -3.4e+38 -3.4e+38 -3.4e+38 -3.4e+38 -3.4e+38 -3.4e+38 -3.4e+38 -3.4e+38
11.5820007324219 11.5710000991821 11.5850009918213 11.6020002365112 11.6230001449585 11.5850009918213 11.6440010070801 11.7230005264282 11.8230009078979 11.9130001068115 11.9900007247925 11.9970006942749 11.9280004501343 11.8440008163452 11.7230005264282 11.7240009307861 11.6680002212524 11.6300001144409 11.6350002288818 11.6400003433228 11.6100006103516 11.4750003814697 11.5120000839233 11.492000579834 11.4790000915527 11.4780006408691 11.5290002822876 11.5370006561279 11.5830001831055 11.5920009613037 11.6140003204346 11.5950002670288 11.6600008010864 11.6690006256104 11.7160005569458 11.7630004882812 11.8130006790161 11.9020004272461 12.0420007705688 12.1680002212524 12.2800006866455 12.3550004959106 12.4900007247925 12.6310005187988 -3.4e+38 -3.4e+38 -3.4e+38 -3.4e+38 -3.4e+38 -3.4e+38 -3.4e+38 -3.4e+38 -3.4e+38
11.5690002441406 11.5590009689331 11.6180009841919 11.617000579834 11.6310005187988 11.6270008087158 11.6620006561279 11.7920007705688 11.8640003204346 11.9650001525879 12.0100002288818 12.0200004577637 11.9540004730225 11.8700008392334 11.8170003890991 11.7760009765625 11.7350006103516 11.7030010223389 11.7240009307861 11.7110004425049 11.6660003662109 11.6740007400513 11.5820007324219 11.5650005340576 11.5570001602173 11.5800008773804 11.6140003204346 11.6150007247925 11.6500005722046 11.6490001678467 11.6580009460449 11.6550006866455 11.6540002822876 11.6590003967285 11.6960000991821 11.7430009841919 11.8080005645752 11.8870010375977 12.0350008010864 12.1710004806519 12.3030004501343 12.4100008010864 12.5240001678467 12.6500005722046 -3.4e+38 -3.4e+38 -3.4e+38 -3.4e+38 -3.4e+38 -3.4e+38 -3.4e+38 -3.4e+38 -3.4e+38
11.4590005874634 11.4710006713867 11.5750007629395 11.6050004959106 11.653000831604 11.653000831604 11.6800003051758 11.7540006637573 11.831000328064 11.8920001983643 11.9500007629395 11.9300003051758 11.8950004577637 11.8700008392334 11.8440008163452 11.8140001296997 11.7900009155273 11.78600025177 11.7840003967285 11.7800006866455 11.8010005950928 11.7660007476807 11.7500009536743 11.7340002059937 11.7070007324219 11.6890001296997 11.6840009689331 11.6940002441406 11.7210006713867 11.701000213623 11.6940002441406 11.6750001907349 11.6690006256104 11.6800003051758 11.7030010223389 11.7500009536743 11.8200006484985 11.9210004806519 12.0200004577637 12.1770009994507 12.32200050354 12.4350004196167 12.5470008850098 12.6760005950928 -3.4e+38 -3.4e+38 -3.4e+38 -3.4e+38 -3.4e+38 -3.4e+38 -3.4e+38 -3.4e+38 -3.4e+38
11.3360004425049 11.3890008926392 11.5300006866455 11.6250009536743 11.6620006561279 11.6600008010864 11.7130002975464 11.6920003890991 11.7710008621216 11.8400001525879 11.8560009002686 11.8920001983643 11.9130001068115 11.903000831604 11.8940010070801 11.8690004348755 11.8800001144409 11.8900003433228 11.9240007400513 11.9620008468628 11.9300003051758 11.9220008850098 11.8920001983643 11.8440008163452 11.8080005645752 11.7930002212524 11.7670001983643 11.7720003128052 11.7840003967285 11.7590007781982 11.7660007476807 11.7480001449585 11.7180004119873 11.7140007019043 11.7250003814697 11.7450008392334 11.8190002441406 11.8890008926392 12.0180006027222 12.1640005111694 12.3200006484985 12.4420003890991 12.5550003051758 12.6650009155273 -3.4e+38 -3.4e+38 -3.4e+38 -3.4e+38 -3.4e+38 -3.4e+38 -3.4e+38 -3.4e+38 -3.4e+38
11.4440002441406 11.4650001525879 11.5840005874634 11.6410007476807 11.6900005340576 11.702000617981 11.7260007858276 11.7720003128052 11.8390007019043 11.8530006408691 11.9150009155273 11.9490003585815 11.952000617981 11.9600009918213 11.9750003814697 11.9760007858276 11.9750003814697 11.9890003204346 12.0440006256104 12.0860004425049 12.1010007858276 12.1040010452271 12.0590009689331 11.9970006942749 11.9310007095337 11.8890008926392 11.8380002975464 11.8450002670288 11.8330001831055 11.8200006484985 11.7890005111694 11.7870006561279 11.7430009841919 11.7350006103516 11.7050008773804 11.7610006332397 11.8240003585815 11.9010009765625 12.0080003738403 12.1390008926392 12.3130006790161 12.4490003585815 12.5630006790161 12.6860008239746 -3.4e+38 -3.4e+38 -3.4e+38 -3.4e+38 -3.4e+38 -3.4e+38 -3.4e+38 -3.4e+38 -3.4e+38
11.576000213623 11.5940008163452 11.6280002593994 11.6830005645752 11.7280006408691 11.7310009002686 11.7660007476807 11.7640008926392 11.8450002670288 11.867000579834 11.9350004196167 11.9690008163452 11.9750003814697 11.9800004959106 11.9860010147095 12.0250005722046 12.0370006561279 12.0860004425049 12.1300001144409 12.2500009536743 12.3570003509521 12.3240003585815 12.2360010147095 12.1190004348755 12.0250005722046 11.9700002670288 11.9140005111694 11.8950004577637 11.8800001144409 11.8540000915527 11.8300008773804 11.8050003051758 11.7930002212524 11.7940006256104 11.7850008010864 11.8000001907349 11.8690004348755 11.9590005874634 12.0480003356934 12.1950006484985 12.3550004959106 12.4810009002686 12.6070003509521 -3.4e+38 -3.4e+38 -3.4e+38 -3.4e+38 -3.4e+38 -3.4e+38 -3.4e+38 -3.4e+38 -3.4e+38 -3.4e+38
11.6430006027222 11.6640005111694 11.7090005874634 11.7440004348755 11.7990007400513 11.7830009460449 11.7690010070801 11.8000001907349 11.8680009841919 11.9180002212524 11.9590005874634 11.9810009002686 12.0050001144409 12.0120010375977 12.0410003662109 12.0710000991821 12.1070003509521 12.157000541687 12.2250003814697 12.3650007247925 12.4750003814697 12.452000617981 12.3520002365112 12.2180004119873 12.1280002593994 12.068000793457 12.0090007781982 11.9790010452271 11.9330005645752 11.8900003433228 11.8590002059937 11.8390007019043 11.8550004959106 11.8640003204346 11.8810005187988 11.9290008544922 11.9860010147095 12.0610008239746 12.1480007171631 12.2990007400513 12.4270009994507 12.5390005111694 12.6760005950928 -3.4e+38 -3.4e+38 -3.4e+38 -3.4e+38 -3.4e+38 -3.4e+38 -3.4e+38 -3.4e+38 -3.4e+38 -3.4e+38
11.7250003814697 11.7210006713867 11.7540006637573 11.7670001983643 11.8420009613037 11.8240003585815 11.8960008621216 11.9200010299683 11.9350004196167 11.9310007095337 11.9830007553101 12.0030002593994 12.0290002822876 12.0140008926392 11.9990005493164 12.0900001525879 12.1350002288818 12.1810007095337 12.2810001373291 12.3770008087158 12.4150009155273 12.4060001373291 12.3440008163452 12.2220001220703 12.1790008544922 12.1340007781982 12.0950002670288 12.0890007019043 12.0590009689331 11.988000869751 11.9840002059937 11.9330005645752 11.9530010223389 11.996000289917 12.0300006866455 12.0480003356934 12.1060009002686 12.2110004425049 12.3250007629395 12.4460010528564 12.5300006866455 12.6230001449585 12.7790002822876 -3.4e+38 -3.4e+38 -3.4e+38 -3.4e+38 -3.4e+38 -3.4e+38 -3.4e+38 -3.4e+38 -3.4e+38 -3.4e+38
11.7910003662109 11.8020009994507 11.82200050354 11.8170003890991 11.867000579834 11.8390007019043 11.8880004882812 11.9340009689331 11.9590005874634 11.9700002670288 12.0130004882812 12.0150003433228 12.0630006790161 12.03600025177 12.0700006484985 12.0700006484985 12.121000289917 12.1900005340576 12.2550001144409 12.3350009918213 12.3280010223389 12.3190002441406 12.2600002288818 12.2300004959106 12.2140007019043 12.1650009155273 12.1280002593994 12.1500005722046 12.1700010299683 12.1510009765625 12.1260004043579 12.1330003738403 12.1540002822876 12.1600008010864 12.1880006790161 12.2100009918213 12.2360010147095 12.331000328064 12.4280004501343 12.5350008010864 12.6250009536743 12.738000869751 12.8600006103516 -3.4e+38 -3.4e+38 -3.4e+38 -3.4e+38 -3.4e+38 -3.4e+38 -3.4e+38 -3.4e+38 -3.4e+38 -3.4e+38
11.8200006484985 11.8380002975464 11.8620004653931 11.8730001449585 11.9060001373291 11.867000579834 11.8690004348755 11.9340009689331 11.9650001525879 11.988000869751 12.0190010070801 12.028000831604 12.0640001296997 12.1030006408691 12.0840005874634 12.0600004196167 12.0960006713867 12.1540002822876 12.2100009918213 12.2550001144409 12.238000869751 12.2400007247925 12.2240009307861 12.2230005264282 12.1990003585815 12.1780004501343 12.153000831604 12.1900005340576 12.2480001449585 12.2110004425049 12.1620006561279 12.1870002746582 12.2560005187988 12.2700004577637 12.3000001907349 12.3240003585815 12.3550004959106 12.4340009689331 12.5600004196167 12.6450004577637 12.7210006713867 12.8200006484985 12.9440002441406 -3.4e+38 -3.4e+38 -3.4e+38 -3.4e+38 -3.4e+38 -3.4e+38 -3.4e+38 -3.4e+38 -3.4e+38 -3.4e+38
11.8590002059937 11.8540000915527 11.8810005187988 11.8950004577637 11.9180002212524 11.8580007553101 11.8720006942749 11.9050006866455 11.9610004425049 12.0130004882812 12.0390005111694 12.0550003051758 12.0900001525879 12.1080007553101 12.1030006408691 12.081000328064 12.0870008468628 12.1110010147095 12.1790008544922 12.1870002746582 12.1990003585815 12.2080001831055 12.1870002746582 12.1700010299683 12.1890001296997 12.2170009613037 12.19700050354 12.2450008392334 12.2600002288818 12.2040004730225 12.1770009994507 12.2030010223389 12.2700004577637 12.3280010223389 12.4000005722046 12.4400005340576 12.5040006637573 12.5590009689331 12.6590003967285 12.7530002593994 12.827000617981 12.9010009765625 13.0070009231567 -3.4e+38 -3.4e+38 -3.4e+38 -3.4e+38 -3.4e+38 -3.4e+38 -3.4e+38 -3.4e+38 -3.4e+38 -3.4e+38
11.9240007400513 11.9240007400513 11.9120006561279 11.9340009689331 11.9120006561279 11.8940010070801 11.9060001373291 11.9280004501343 11.9590005874634 12.0040006637573 12.0570001602173 12.0690002441406 12.0930004119873 12.1060009002686 12.1000003814697 12.0990009307861 12.0900001525879 12.0950002670288 12.1350002288818 12.1670007705688 12.1830005645752 12.1520004272461 12.1420001983643 12.1650009155273 12.2000007629395 12.2320003509521 12.2790002822876 12.2790002822876 12.2580003738403 12.2290010452271 12.2130002975464 12.2030010223389 12.2600002288818 12.3590002059937 12.4480009078979 12.488000869751 12.5420007705688 12.6020002365112 12.7080001831055 12.7960004806519 12.863000869751 12.9340009689331 13.0290002822876 -3.4e+38 -3.4e+38 -3.4e+38 -3.4e+38 -3.4e+38 -3.4e+38 -3.4e+38 -3.4e+38 -3.4e+38 -3.4e+38
