PastLayers/tdmean.asc
NCOLS 292 
NROWS 291 
XLLCORNER -87.6458333327872 
YLLCORNER 24.4791666666667 
CELLSIZE 0.0416666666669039 
NODATA_value -3.4e+38 
[rows 48 to 71 of 291, columns 159 to 211 of 292]
7.51900053024292 7.51100015640259 7.63200044631958 7.53300046920776 7.59800052642822 7.71700048446655 7.79700040817261 8.05100059509277 7.81900024414062 7.72900056838989 7.67800045013428 7.77700042724609 7.76800060272217 7.78500032424927 7.83900022506714 7.85000038146973 7.92700052261353 7.94500017166138 7.97400045394897 7.96900033950806 7.96100044250488 7.9350004196167 7.93200016021729 7.93100023269653 7.92500019073486 7.96500015258789 7.99400043487549 8.04500007629395 8.08200073242188 8.06300067901611 7.96900033950806 7.96100044250488 7.99400043487549 8.00600051879883 8.06400012969971 8.09500026702881 8.14800071716309 8.16499996185303 8.1850004196167 8.23400020599365 8.23900032043457 8.22500038146973 8.26200008392334 8.30700016021729 8.34899997711182 8.45800018310547 8.50300025939941 8.58000087738037 8.61800003051758 8.58000087738037 8.57000064849854 8.56700038909912 8.5580005645752
7.64000034332275 7.70900058746338 7.61600017547607 7.45000028610229 7.48000049591064 7.62000036239624 7.75100040435791 7.72300052642822 7.72400045394897 7.68400049209595 7.70400047302246 7.7160005569458 7.74600028991699 7.77700042724609 7.81400060653687 7.87500047683716 7.89800024032593 7.95000028610229 7.97000026702881 7.96400022506714 7.98600053787231 8.00200080871582 8.01200008392334 8.08100032806396 8.09400081634521 8.07900047302246 8.09899997711182 8.12900066375732 8.17500019073486 8.14900016784668 8.13700008392334 8.08600044250488 8.09000015258789 8.15900039672852 8.18200016021729 8.17300033569336 8.17700004577637 8.23099994659424 8.28000068664551 8.31100082397461 8.30700016021729 8.30500030517578 8.32700061798096 8.32600021362305 8.39500045776367 8.52400016784668 8.57200050354004 8.56800079345703 8.57200050354004 8.58700084686279 8.58500003814697 8.57200050354004 8.59600067138672
7.67700052261353 7.7950005531311 7.75900030136108 7.77800035476685 7.80300045013428 7.73200035095215 7.6870002746582 7.65900039672852 7.7330002784729 7.69200038909912 7.69100046157837 7.764000415802 7.81300020217896 7.85000038146973 7.89900016784668 7.9370002746582 7.96000051498413 7.95600032806396 8.01700019836426 8.0290002822876 8.02700042724609 8.02200031280518 8.01500034332275 8.14000034332275 8.15799999237061 8.16200065612793 8.15200042724609 8.11400032043457 8.13000011444092 8.17100048065186 8.28299999237061 8.25900077819824 8.18600082397461 8.20900058746338 8.22900009155273 8.25900077819824 8.32000064849854 8.33300018310547 8.3100004196167 8.35000038146973 8.3720006942749 8.36700057983398 8.39100074768066 8.44600009918213 8.46000003814697 8.52700042724609 8.55900001525879 8.55900001525879 8.53200054168701 8.55100059509277 8.5600004196167 8.5310001373291 8.57800006866455
7.93100023269653 7.95500040054321 7.93000030517578 7.98400020599365 7.98900032043457 7.96500015258789 7.90900039672852 7.79000043869019 7.79800033569336 7.77800035476685 7.77000045776367 7.78900051116943 7.91600036621094 7.95600032806396 7.97500038146973 7.99400043487549 8.02300071716309 8.04900074005127 8.02700042724609 8.02000045776367 8.04400062561035 8.028000831604 8.06800079345703 8.15700054168701 8.19799995422363 8.17900085449219 8.12600040435791 8.14200019836426 8.18200016021729 8.22200012207031 8.32700061798096 8.32100009918213 8.30600070953369 8.26100063323975 8.27300071716309 8.33600044250488 8.39100074768066 8.39200019836426 8.35300064086914 8.40100002288818 8.43100070953369 8.40500068664551 8.41000080108643 8.44400024414062 8.54200077056885 8.53900051116943 8.57600021362305 8.55000019073486 8.53999996185303 8.55300045013428 8.53999996185303 8.53900051116943 8.61900043487549
8.01200008392334 7.97200059890747 8 8.04400062561035 8.05700016021729 8.09500026702881 8.00900077819824 8.0290002822876 8.03200054168701 7.98400020599365 7.94000053405762 7.94500017166138 8.02400016784668 8.04100036621094 8.03400039672852 8.01399993896484 8.01900005340576 8.06900024414062 8.05000019073486 8.0310001373291 8.04300022125244 8.04900074005127 8.08400058746338 8.14400005340576 8.15700054168701 8.13400077819824 8.14900016784668 8.19900035858154 8.22900009155273 8.31700038909912 8.34899997711182 8.38199996948242 8.375 8.36000061035156 8.3700008392334 8.40200042724609 8.42600059509277 8.40700054168701 8.41000080108643 8.45900058746338 8.47399997711182 8.45500087738037 8.45600032806396 8.54100036621094 8.55500030517578 8.57200050354004 8.58000087738037 8.58200073242188 8.56300067901611 8.5620002746582 8.52400016784668 8.56400012969971 8.67800045013428
8.02099990844727 7.99100017547607 8.07200050354004 8.05200004577637 8.05500030517578 8.12400054931641 8.13600063323975 8.11700057983398 8.08400058746338 8.04100036621094 7.9980001449585 8.05600070953369 8.13300037384033 8.14800071716309 8.08800029754639 8.07999992370605 8.06400012969971 8.0890007019043 8.07999992370605 8.0290002822876 8.07800006866455 8.12400054931641 8.13700008392334 8.14900016784668 8.13300037384033 8.15000057220459 8.19300079345703 8.24600028991699 8.1870002746582 8.23799991607666 8.36800003051758 8.40900039672852 8.42800045013428 8.42000007629395 8.42700004577637 8.4040002822876 8.41700077056885 8.43400001525879 8.43900012969971 8.47000026702881 8.4980001449585 8.51900005340576 8.54400062561035 8.60100078582764 8.60200023651123 8.61900043487549 8.67300033569336 8.60599994659424 8.60400009155273 8.59700012207031 8.56400012969971 8.60400009155273 8.72100067138672
8.05400085449219 8.0600004196167 8.09600067138672 8.11900043487549 8.11200046539307 8.13300037384033 8.18400001525879 8.18000030517578 8.09800052642822 8.01399993896484 8.02300071716309 8.06100082397461 8.12900066375732 8.20600032806396 8.17900085449219 8.16900062561035 8.153000831604 8.13700008392334 8.1830005645752 8.02000045776367 8.07900047302246 8.11800003051758 8.13800048828125 8.16499996185303 8.16900062561035 8.23600006103516 8.22399997711182 8.26100063323975 8.2140007019043 8.24400043487549 8.33300018310547 8.42000007629395 8.44400024414062 8.46200084686279 8.45400047302246 8.42100048065186 8.44900035858154 8.46300029754639 8.47200012207031 8.49600028991699 8.52400016784668 8.55000019073486 8.6200008392334 8.67300033569336 8.65900039672852 8.74300003051758 8.75400066375732 8.73700046539307 8.67400074005127 8.65500068664551 8.64500045776367 8.70400047302246 8.76000022888184
8.03999996185303 8.10900020599365 8.1850004196167 8.22900009155273 8.20900058746338 8.17700004577637 8.19300079345703 8.17500019073486 8.14500045776367 8.04100036621094 8.01100063323975 8.03900051116943 8.10599994659424 8.2140007019043 8.22800064086914 8.20200061798096 8.22000026702881 8.24900054931641 8.27500057220459 8.23300075531006 8.26200008392334 8.23200035095215 8.25100040435791 8.21900081634521 8.20900058746338 8.28000068664551 8.29200077056885 8.26200008392334 8.32000064849854 8.32100009918213 8.33400058746338 8.39300060272217 8.44799995422363 8.48200035095215 8.52200031280518 8.4970006942749 8.48400020599365 8.50200080871582 8.53200054168701 8.58500003814697 8.60700035095215 8.63700008392334 8.69600009918213 8.72900009155273 8.76500034332275 8.87700080871582 8.85200023651123 8.83000087738037 8.78200054168701 8.75900077819824 8.7790002822876 8.82600021362305 8.82800006866455
8.10599994659424 8.20000076293945 8.28299999237061 8.30500030517578 8.30300045013428 8.28900051116943 8.22500038146973 8.1850004196167 8.12400054931641 8.07999992370605 8.01600074768066 8.09899997711182 8.23799991607666 8.27100086212158 8.27500057220459 8.27100086212158 8.28000068664551 8.2450008392334 8.33700084686279 8.36000061035156 8.35000038146973 8.38400077819824 8.3720006942749 8.41600036621094 8.38000011444092 8.35500049591064 8.36900043487549 8.37100028991699 8.36600017547607 8.39400005340576 8.44300079345703 8.47500038146973 8.47200012207031 8.47399997711182 8.50200080871582 8.50800037384033 8.52300071716309 8.54900074005127 8.62100028991699 8.66800022125244 8.70300006866455 8.72900009155273 8.72300052642822 8.82400035858154 8.88000011444092 8.97300052642822 8.91700077056885 8.83200073242188 8.84600067138672 8.8410005569458 8.85599994659424 8.89200019836426 8.90900039672852
8.19099998474121 8.33400058746338 8.42300033569336 8.41700077056885 8.46700000762939 8.38500022888184 8.29500007629395 8.22800064086914 8.17800045013428 8.11900043487549 8.09899997711182 8.19200038909912 8.31700038909912 8.34200000762939 8.33500003814697 8.34400081634521 8.36700057983398 8.375 8.39800071716309 8.38300037384033 8.39700031280518 8.41600036621094 8.45500087738037 8.5 8.51000022888184 8.50600051879883 8.47399997711182 8.47399997711182 8.49000072479248 8.49900054931641 8.55600070953369 8.54900074005127 8.54500007629395 8.53700065612793 8.53200054168701 8.50699996948242 8.57400035858154 8.64000034332275 8.72000026702881 8.77600002288818 8.8080005645752 8.79400062561035 8.81900024414062 8.88199996948242 9.00699996948242 9.01700019836426 8.90500068664551 8.84500026702881 8.84700012207031 8.8720006942749 8.88500022888184 8.94200038909912 8.97500038146973
8.45000076293945 8.5290002822876 8.55900001525879 8.57000064849854 8.60200023651123 8.53600025177002 8.44600009918213 8.30900001525879 8.21900081634521 8.19799995422363 8.23200035095215 8.35200023651123 8.43000030517578 8.44400024414062 8.40700054168701 8.42300033569336 8.4370002746582 8.42000007629395 8.41100025177002 8.41600036621094 8.40799999237061 8.47600078582764 8.5 8.53999996185303 8.54300022125244 8.57500076293945 8.59400081634521 8.52100086212158 8.59500026702881 8.56900024414062 8.61600017547607 8.60200023651123 8.58300018310547 8.60100078582764 8.64500045776367 8.67500019073486 8.75500011444092 8.79900074005127 8.83800029754639 8.85800075531006 8.86100006103516 8.84500026702881 8.88600063323975 9.02500057220459 9.07700061798096 9.03600025177002 8.97900009155273 8.89000034332275 8.89100074768066 8.88400077819824 8.89600086212158 8.94600009918213 8.97500038146973
8.75699996948242 8.7140007019043 8.64700031280518 8.56900024414062 8.63100051879883 8.65700054168701 8.6230001449585 8.51200008392334 8.41100025177002 8.39200019836426 8.44300079345703 8.50100040435791 8.51200008392334 8.49300003051758 8.41400051116943 8.44700050354004 8.46300029754639 8.45500087738037 8.45900058746338 8.46000003814697 8.50500011444092 8.4660005569458 8.53500080108643 8.56300067901611 8.55000019073486 8.58500003814697 8.59800052642822 8.56500053405762 8.58000087738037 8.64100074768066 8.65200042724609 8.64400005340576 8.63300037384033 8.71200084686279 8.73200035095215 8.82900047302246 8.87400054931641 8.89300060272217 8.91900062561035 8.91100025177002 8.92500019073486 8.97399997711182 9.07400035858154 9.13900089263916 9.10200023651123 9.05900001525879 9.00600051879883 8.96900081634521 8.97000026702881 8.93900012969971 8.92300033569336 8.94400024414062 8.95800018310547
8.89300060272217 8.87900066375732 8.84500026702881 8.76700019836426 8.72900009155273 8.73900032043457 8.69799995422363 8.66000080108643 8.55500030517578 8.50900077819824 8.53800010681152 8.51900005340576 8.56400012969971 8.55200004577637 8.51900005340576 8.51000022888184 8.50300025939941 8.48000049591064 8.46900081634521 8.4950008392334 8.55300045013428 8.55100059509277 8.53200054168701 8.5580005645752 8.56500053405762 8.55000019073486 8.5600004196167 8.57000064849854 8.60599994659424 8.625 8.64300060272217 8.66300010681152 8.70300006866455 8.72399997711182 8.78200054168701 8.85000038146973 8.88100051879883 8.91300010681152 8.92300033569336 8.93800067901611 8.98900032043457 9.06900024414062 9.16100025177002 9.1540002822876 9.16499996185303 9.1540002822876 9.10100078582764 9.08500003814697 9.03200054168701 8.97900009155273 8.9350004196167 8.94600009918213 8.9660005569458
9.00600051879883 9.04900074005127 9.01200008392334 8.84500026702881 8.65799999237061 8.79400062561035 8.86100006103516 8.83000087738037 8.60400009155273 8.43800067901611 8.46200084686279 8.5 8.57400035858154 8.72399997711182 8.69099998474121 8.53500080108643 8.54900074005127 8.49300003051758 8.49600028991699 8.52700042724609 8.60400009155273 8.62800025939941 8.65200042724609 8.60599994659424 8.54500007629395 8.5580005645752 8.5600004196167 8.59400081634521 8.60300064086914 8.63600063323975 8.69300079345703 8.71200084686279 8.7450008392334 8.79700088500977 8.85000038146973 8.85700035095215 8.90200042724609 8.91400051116943 8.9370002746582 8.96900081634521 9.03800010681152 9.15500068664551 9.1870002746582 9.18200016021729 9.13400077819824 9.11300086975098 9.08300018310547 9.05300045013428 9.01000022888184 8.94700050354004 8.97900009155273 8.97000026702881 8.98600006103516
9.14800071716309 9.22900009155273 9.05200004577637 8.82299995422363 8.86800003051758 8.80400085449219 8.90200042724609 8.74400043487549 8.64800071716309 8.45300006866455 8.45900058746338 8.56800079345703 8.7140007019043 8.62400054931641 8.53800010681152 8.55700016021729 8.48700046539307 8.48500061035156 8.41400051116943 8.4660005569458 8.52000045776367 8.58400058746338 8.63899993896484 8.65900039672852 8.63500022888184 8.59600067138672 8.57100009918213 8.59400081634521 8.61100006103516 8.66700077056885 8.71000003814697 8.72800064086914 8.76000022888184 8.88900089263916 8.91000080108643 8.92000007629395 8.95700073242188 8.97300052642822 8.97300052642822 9.00699996948242 9.10600090026855 9.19600009918213 9.20700073242188 9.23300075531006 9.22000026702881 9.13800048828125 9.15700054168701 9.16000080108643 9.13400077819824 9.08200073242188 9.07400035858154 9.06900024414062 9.11100006103516
9.43100070953369 9.34000015258789 9.21700000762939 8.98200035095215 8.83400058746338 8.86800003051758 8.9350004196167 8.81700038909912 8.65500068664551 8.43000030517578 8.403000831604 8.55100059509277 8.62100028991699 8.45100021362305 8.42100048065186 8.52400016784668 8.53200054168701 8.4680004119873 8.38600063323975 8.44799995422363 8.51399993896484 8.5310001373291 8.60000038146973 8.68000030517578 8.68600082397461 8.65700054168701 8.63899993896484 8.65500068664551 8.70200061798096 8.71100044250488 8.74400043487549 8.75500011444092 8.84500026702881 8.94600009918213 8.99300003051758 9.02600002288818 9.03800010681152 9.09700012207031 9.11800003051758 9.13700008392334 9.20500087738037 9.27200031280518 9.32900047302246 9.34700012207031 9.35700035095215 9.32400035858154 9.33500003814697 9.35500049591064 9.36500072479248 9.34000015258789 9.28900051116943 9.25800037384033 9.27300071716309
9.59000015258789 9.47399997711182 9.3430004119873 9.08100032806396 8.8730001449585 8.84500026702881 8.85400009155273 8.9370002746582 8.8430004119873 8.47100067138672 8.37700080871582 8.60200023651123 8.68000030517578 8.4970006942749 8.49000072479248 8.42900085449219 8.45800018310547 8.43800067901611 8.38000011444092 8.41000080108643 8.50900077819824 8.54500007629395 8.62100028991699 8.66900062561035 8.69500064849854 8.7160005569458 8.7160005569458 8.77400016784668 8.75900077819824 8.80200004577637 8.82400035858154 8.86300086975098 8.97600078582764 8.9950008392334 9.04700088500977 9.11000061035156 9.1230001449585 9.16700077056885 9.23000049591064 9.27200031280518 9.3100004196167 9.38300037384033 9.42300033569336 9.47900009155273 9.45800018310547 9.48900032043457 9.54000091552734 9.55400085449219 9.58600044250488 9.57500076293945 9.52400016784668 9.44400024414062 9.49200057983398
9.59000015258789 9.47800064086914 9.33400058746338 9.17800045013428 9.03200054168701 8.91499996185303 8.86400032043457 8.86900043487549 8.88800048828125 8.66400051116943 8.52000045776367 8.74000072479248 8.69300079345703 8.54600048065186 8.50100040435791 8.42700004577637 8.4060001373291 8.42500019073486 8.4370002746582 8.528000831604 8.49400043487549 8.55500030517578 8.61500072479248 8.67200088500977 8.68800067901611 8.70100021362305 8.80700016021729 8.91300010681152 8.92500019073486 8.89700031280518 8.92000007629395 8.97900009155273 9.0310001373291 9.09600067138672 9.11400032043457 9.15500068664551 9.16400051116943 9.1830005645752 9.23800086975098 9.33400058746338 9.39500045776367 9.47399997711182 9.57000064849854 9.60400009155273 9.65200042724609 9.70100021362305 9.75400066375732 9.75600051879883 9.74200057983398 9.68200016021729 9.70300006866455 9.71300029754639 9.72600078582764
9.39500045776367 9.48000049591064 9.3730001449585 9.25100040435791 9.11900043487549 9.05600070953369 9.00300025939941 8.98800086975098 8.96700000762939 8.81700038909912 8.7180004119873 8.88800048828125 8.77100086212158 8.70000076293945 8.68000030517578 8.66200065612793 8.57600021362305 8.54400062561035 8.57900047302246 8.64100074768066 8.6230001449585 8.59000015258789 8.653000831604 8.7140007019043 8.73000049591064 8.75600051879883 8.9370002746582 9.03700065612793 9.05300045013428 9.01400089263916 9.02000045776367 9.07500076293945 9.11900043487549 9.13199996948242 9.18000030517578 9.24000072479248 9.27300071716309 9.27100086212158 9.31700038909912 9.41500091552734 9.46100044250488 9.52600002288818 9.62600040435791 9.65500068664551 9.83600044250488 9.83800029754639 9.83300018310547 9.85300064086914 9.81500053405762 9.80500030517578 9.82300090789795 9.92900085449219 10.1340007781982
9.45600032806396 9.41900062561035 9.34200000762939 9.29700088500977 9.11500072479248 9.01200008392334 8.96300029754639 8.98100090026855 8.97399997711182 8.97000026702881 8.93000030517578 9.06300067901611 8.96500015258789 8.89900016784668 8.82800006866455 8.82800006866455 8.70000076293945 8.62800025939941 8.67700004577637 8.79400062561035 8.80500030517578 8.78600025177002 8.778000831604 8.88600063323975 8.92600059509277 8.9680004119873 9.0910005569458 9.18100070953369 9.20800018310547 9.20400047302246 9.16100025177002 9.15100002288818 9.15900039672852 9.15700054168701 9.14500045776367 9.1830005645752 9.22500038146973 9.2810001373291 9.35600090026855 9.40000057220459 9.49900054931641 9.57300090789795 9.65100002288818 9.74400043487549 9.87800025939941 9.90000057220459 9.90900039672852 9.89000034332275 9.81300067901611 9.90900039672852 10.1050004959106 10.3130006790161 10.5290002822876
9.34700012207031 9.38900089263916 9.36400032043457 9.28400039672852 9.36900043487549 9.4660005569458 9.23400020599365 9.18200016021729 9.11200046539307 9.03400039672852 9.00300025939941 9.18600082397461 9.22900009155273 9.05900001525879 8.93000030517578 8.9330005645752 8.89000034332275 8.8120002746582 8.82600021362305 8.86800003051758 8.92300033569336 8.95200061798096 8.96200084686279 8.97200012207031 9.04400062561035 9.12100028991699 9.27400016784668 9.35000038146973 9.38100051879883 9.32600021362305 9.23600006103516 9.22700023651123 9.25900077819824 9.25 9.25100040435791 9.29300022125244 9.3080005645752 9.33700084686279 9.36500072479248 9.39900016784668 9.41600036621094 9.55000019073486 9.66200065612793 9.74300003051758 9.86200046539307 9.95000076293945 9.98500061035156 9.96900081634521 10.0180006027222 10.1660003662109 10.3590002059937 10.5510005950928 10.7600002288818
9.35900020599365 9.3700008392334 9.33600044250488 9.26400089263916 9.36000061035156 9.46900081634521 9.55900001525879 9.4350004196167 9.49900054931641 9.26800060272217 9.01800060272217 9.08200073242188 9.22900009155273 9.125 9.01700019836426 8.96000003814697 8.92800045013428 8.9330005645752 8.91499996185303 8.87900066375732 8.94000053405762 9.01200008392334 9.07200050354004 9.10700035095215 9.15000057220459 9.20300006866455 9.27500057220459 9.40700054168701 9.47600078582764 9.38100051879883 9.28800010681152 9.2450008392334 9.28900051116943 9.29500007629395 9.32100009918213 9.36000061035156 9.35600090026855 9.403000831604 9.37900066375732 9.43400001525879 9.44300079345703 9.50900077819824 9.64500045776367 9.72500038146973 9.85100078582764 9.97700023651123 10.0110006332397 10.1050004959106 10.2220001220703 10.3580007553101 10.5140008926392 10.6940002441406 -3.4e+38
9.43400001525879 9.32900047302246 9.37100028991699 9.32600021362305 9.31800079345703 9.50900077819824 9.56100082397461 9.4640007019043 9.43600082397461 9.33700084686279 9.2470006942749 9.14700031280518 9.2140007019043 9.10900020599365 9.06300067901611 9.05300045013428 9.07900047302246 9.09899997711182 9.0290002822876 8.99100017547607 9.01000022888184 9.04800033569336 9.08800029754639 9.15799999237061 9.20400047302246 9.26000022888184 9.33100032806396 9.39500045776367 9.4330005645752 9.3700008392334 9.30200004577637 9.26600074768066 9.31700038909912 9.30900001525879 9.33200073242188 9.39100074768066 9.4640007019043 9.47100067138672 9.44700050354004 9.47399997711182 9.47600078582764 9.49200057983398 9.57100009918213 9.68400001525879 9.8700008392334 10.0010004043579 10.1850004196167 10.335000038147 10.4490003585815 10.577000617981 10.6620006561279 -3.4e+38 -3.4e+38
9.43400001525879 9.41200065612793 9.37400054931641 9.39700031280518 9.32600021362305 9.29800033569336 9.55700016021729 9.4950008392334 9.37400054931641 9.40200042724609 9.33800029754639 9.24000072479248 9.22200012207031 9.06900024414062 9.03299999237061 9.04200077056885 9.1230001449585 9.1230001449585 9.10100078582764 9.10800075531006 9.1200008392334 9.14900016784668 9.16700077056885 9.20300006866455 9.21000003814697 9.2140007019043 9.24200057983398 9.31400012969971 9.34400081634521 9.33200073242188 9.27200031280518 9.29900074005127 9.37100028991699 9.38400077819824 9.38300037384033 9.39900016784668 9.44000053405762 9.49300003051758 9.50500011444092 9.47500038146973 9.46000003814697 9.52300071716309 9.60400009155273 9.7160005569458 9.903000831604 10.1560001373291 10.4240007400513 10.5800008773804 10.6860008239746 10.7690000534058 -3.4e+38 -3.4e+38 -3.4e+38
