PastLayers/tdmean.asc
NCOLS 292 
NROWS 291 
XLLCORNER -87.6458333327872 
YLLCORNER 24.4791666666667 
CELLSIZE 0.0416666666669039 
NODATA_value -3.4e+38 
[rows 72 to 95 of 291, columns 106 to 158 of 292]
8.84400081634521 8.7810001373291 8.7480001449585 8.70400047302246 8.69099998474121 8.60500049591064 8.48800086975098 8.39400005340576 8.35300064086914 8.35400009155273 8.30400085449219 8.27400016784668 8.32100009918213 8.43100070953369 8.63199996948242 8.71500015258789 8.73000049591064 8.76200008392334 8.69500064849854 8.69600009918213 8.76500034332275 8.79700088500977 8.88100051879883 8.93900012969971 9 9.08100032806396 9.18200016021729 9.26900005340576 9.3120002746582 9.17000007629395 8.99200057983398 9.24900054931641 9.34500026702881 9.26800060272217 9.36100006103516 9.21100044250488 9.05900001525879 9.19099998474121 9.26900005340576 9.25800037384033 9.34400081634521 9.38500022888184 9.31500053405762 9.278000831604 9.34899997711182 9.44000053405762 9.38800048828125 9.33700084686279 9.35500049591064 9.48700046539307 9.58600044250488 9.65100002288818 9.63200092315674
8.81300067901611 8.76900005340576 8.75800037384033 8.69799995422363 8.70200061798096 8.66000080108643 8.67900085449219 8.56100082397461 8.53500080108643 8.5290002822876 8.55200004577637 8.53200054168701 8.61900043487549 8.75 8.80500030517578 8.778000831604 8.82600021362305 8.85800075531006 8.76000022888184 8.73400020599365 8.81500053405762 8.875 8.903000831604 9.01500034332275 9.13600063323975 9.21100044250488 9.29400062561035 9.3410005569458 9.37400054931641 9.34200000762939 9.23400020599365 9.38900089263916 9.43000030517578 9.4680004119873 9.38199996948242 9.35400009155273 9.18800067901611 9.1850004196167 9.19300079345703 9.35000038146973 9.41400051116943 9.47200012207031 9.54500007629395 9.58700084686279 9.4040002822876 9.50700092315674 9.46200084686279 9.48900032043457 9.43400001525879 9.41500091552734 9.39700031280518 9.50800037384033 9.49000072479248
8.73200035095215 8.71900081634521 8.72700023651123 8.71900081634521 8.6850004196167 8.64900016784668 8.64700031280518 8.64400005340576 8.56800079345703 8.57900047302246 8.6220006942749 8.71900081634521 8.79500007629395 8.81400012969971 8.83400058746338 8.83700084686279 8.85700035095215 8.87900066375732 8.82000064849854 8.74300003051758 8.79600048065186 8.89100074768066 8.94600009918213 9.07500076293945 9.19200038909912 9.30600070953369 9.41300010681152 9.35400009155273 9.27000045776367 9.38500022888184 9.44000053405762 9.47900009155273 9.52300071716309 9.50500011444092 9.45400047302246 9.403000831604 9.35700035095215 9.37400054931641 9.39000034332275 9.47000026702881 9.44700050354004 9.45400047302246 9.47000026702881 9.51500034332275 9.61800003051758 9.57000064849854 9.5 9.5600004196167 9.49600028991699 9.48500061035156 9.4950008392334 9.4680004119873 9.45400047302246
8.76300048828125 8.73500061035156 8.70900058746338 8.73300075531006 8.70500087738037 8.67200088500977 8.66400051116943 8.66200065612793 8.70400047302246 8.69000053405762 8.69500064849854 8.74300003051758 8.75900077819824 8.82100009918213 8.85000038146973 8.86800003051758 8.85900020599365 8.85100078582764 8.83500003814697 8.85500049591064 8.91200065612793 8.94900035858154 9.0290002822876 9.13700008392334 9.28900051116943 9.39900016784668 9.49900054931641 9.44900035858154 9.27000045776367 9.43000030517578 9.59700012207031 9.61600017547607 9.49900054931641 9.51600074768066 9.59800052642822 9.58400058746338 9.55000019073486 9.54100036621094 9.58400058746338 9.61000061035156 9.51200008392334 9.50100040435791 9.47300052642822 9.47399997711182 9.48700046539307 9.56300067901611 9.6200008392334 9.64400005340576 9.56500053405762 9.48400020599365 9.52700042724609 9.49400043487549 9.46900081634521
8.80400085449219 8.81400012969971 8.79300022125244 8.79500007629395 8.75200080871582 8.6870002746582 8.68400001525879 8.72200012207031 8.72600078582764 8.76100063323975 8.76200008392334 8.77200031280518 8.86800003051758 8.91000080108643 8.89100074768066 8.89100074768066 8.84800052642822 8.88800048828125 8.91499996185303 8.97800064086914 9.04800033569336 9.03900051116943 9.16499996185303 9.27400016784668 9.37400054931641 9.49000072479248 9.57500076293945 9.50300025939941 9.54000091552734 9.59400081634521 9.68400001525879 9.69900035858154 9.58400058746338 9.57500076293945 9.66800022125244 9.75400066375732 9.72800064086914 9.7470006942749 9.77600002288818 9.70700073242188 9.59900093078613 9.54300022125244 9.46200084686279 9.43800067901611 9.47700023651123 9.50200080871582 9.50400066375732 9.58000087738037 9.62800025939941 9.65200042724609 9.58600044250488 9.55300045013428 9.5600004196167
8.85000038146973 8.87400054931641 8.86500072479248 8.86400032043457 8.875 8.78800010681152 8.78800010681152 8.76200008392334 8.80700016021729 8.83400058746338 8.84800052642822 8.86200046539307 8.92900085449219 8.93600082397461 8.91200065612793 8.89000034332275 8.87900066375732 8.95000076293945 9 9.06400012969971 9.16800022125244 9.21000003814697 9.29800033569336 9.42200088500977 9.51200008392334 9.52000045776367 9.57000064849854 9.63600063323975 9.70500087738037 9.74100017547607 9.72900009155273 9.71500015258789 9.68600082397461 9.64800071716309 9.72700023651123 9.79100036621094 9.83400058746338 9.85400009155273 9.89900016784668 9.76900005340576 9.70400047302246 9.59900093078613 9.56800079345703 9.50900077819824 9.43000030517578 9.40100002288818 9.47000026702881 9.55300045013428 9.56100082397461 9.64100074768066 9.69000053405762 9.72100067138672 9.74600028991699
8.9040002822876 8.9950008392334 9.03700065612793 8.98600006103516 8.94099998474121 8.89900016784668 8.85700035095215 8.86900043487549 8.96100044250488 8.92700004577637 8.86400032043457 8.95900058746338 8.97600078582764 8.96900081634521 8.97000026702881 8.92600059509277 8.92000007629395 9.02500057220459 9.10900020599365 9.19300079345703 9.24100017547607 9.27200031280518 9.39300060272217 9.47399997711182 9.6200008392334 9.67700004577637 9.64500045776367 9.69000053405762 9.73500061035156 9.7180004119873 9.71300029754639 9.67500019073486 9.70500087738037 9.74100017547607 9.76400089263916 9.79700088500977 9.89100074768066 9.92400074005127 9.90500068664551 9.8080005645752 9.66100025177002 9.57800006866455 9.60000038146973 9.54600048065186 9.50300025939941 9.47600078582764 9.44700050354004 9.47000026702881 9.57700061798096 9.55400085449219 9.62100028991699 9.61400032043457 9.73500061035156
9.20600032806396 9.20300006866455 9.09400081634521 9.08000087738037 9.01600074768066 8.94900035858154 8.89900016784668 8.99000072479248 8.9980001449585 8.98000049591064 8.95600032806396 8.92300033569336 9.00500011444092 9.02600002288818 9.13500022888184 8.97700023651123 9.01100063323975 9.03900051116943 9.13900089263916 9.21200084686279 9.26500034332275 9.35500049591064 9.43600082397461 9.52400016784668 9.64400005340576 9.66700077056885 9.72000026702881 9.77600002288818 9.73000049591064 9.71100044250488 9.74300003051758 9.71700000762939 9.66100025177002 9.70200061798096 9.77700042724609 9.79600048065186 9.83200073242188 9.8720006942749 9.82300090789795 9.74300003051758 9.65900039672852 9.65900039672852 9.5910005569458 9.56700038909912 9.59900093078613 9.52500057220459 9.59000015258789 9.46100044250488 9.5600004196167 9.63000011444092 9.653000831604 9.70200061798096 9.7160005569458
9.41300010681152 9.32100009918213 9.19500064849854 9.13900089263916 9.09000015258789 9.04900074005127 9.00699996948242 9.04400062561035 9.03999996185303 9.04500007629395 9.03200054168701 9.06599998474121 9.01600074768066 9.11500072479248 9.20400047302246 9.153000831604 9.13300037384033 9.12900066375732 9.17500019073486 9.25900077819824 9.3430004119873 9.37600040435791 9.45900058746338 9.50900077819824 9.58400058746338 9.64700031280518 9.6200008392334 9.653000831604 9.69200038909912 9.69000053405762 9.66900062561035 9.68000030517578 9.66100025177002 9.53200054168701 9.60700035095215 9.67800045013428 9.70800018310547 9.78500080108643 9.78299999237061 9.7160005569458 9.61500072479248 9.66600036621094 9.61500072479248 9.66900062561035 9.64300060272217 9.59000015258789 9.57800006866455 9.55400085449219 9.51900005340576 9.61000061035156 9.64700031280518 9.70700073242188 9.69600009918213
9.61900043487549 9.44900035858154 9.25500011444092 9.14400005340576 9.16700077056885 9.13400077819824 9.13000011444092 9.10200023651123 9.08400058746338 9.07600021362305 9.0890007019043 9.13900089263916 9.0890007019043 9.16499996185303 9.29000091552734 9.26300048828125 9.19400024414062 9.22399997711182 9.25500011444092 9.30000019073486 9.35400009155273 9.39100074768066 9.46500015258789 9.52700042724609 9.53200054168701 9.55500030517578 9.61300086975098 9.63100051879883 9.62100028991699 9.63800048828125 9.7180004119873 9.6540002822876 9.71200084686279 9.63600063323975 9.42000007629395 9.48000049591064 9.60000038146973 9.653000831604 9.6200008392334 9.63800048828125 9.57600021362305 9.6870002746582 9.57600021362305 9.528000831604 9.653000831604 9.63200092315674 9.50900077819824 9.5620002746582 9.52400016784668 9.528000831604 9.61200046539307 9.67100048065186 9.66800022125244
9.72300052642822 9.60800075531006 9.41300010681152 9.30400085449219 9.26700019836426 9.27000045776367 9.2810001373291 9.20000076293945 9.13900089263916 9.13000011444092 9.16300010681152 9.23000049591064 9.22700023651123 9.23300075531006 9.26400089263916 9.35600090026855 9.33200073242188 9.34500026702881 9.3720006942749 9.38600063323975 9.41800022125244 9.44500064849854 9.4660005569458 9.49400043487549 9.54500007629395 9.53800010681152 9.58700084686279 9.53000068664551 9.54200077056885 9.6220006942749 9.69000053405762 9.74300003051758 9.75500011444092 9.67000007629395 9.66100025177002 9.36100006103516 9.42200088500977 9.55500030517578 9.55000019073486 9.57000064849854 9.52600002288818 9.61800003051758 9.69000053405762 9.56400012969971 9.49300003051758 9.54900074005127 9.68600082397461 9.653000831604 9.61600017547607 9.61700057983398 9.57200050354004 9.6230001449585 9.65700054168701
9.73200035095215 9.57100009918213 9.46300029754639 9.39200019836426 9.29400062561035 9.3080005645752 9.32100009918213 9.27100086212158 9.27700042724609 9.23600006103516 9.22900009155273 9.25200080871582 9.30500030517578 9.42800045013428 9.31400012969971 9.40000057220459 9.42500019073486 9.43000030517578 9.43100070953369 9.45600032806396 9.4680004119873 9.49400043487549 9.54200077056885 9.58800029754639 9.62100028991699 9.57900047302246 9.59000015258789 9.58300018310547 9.62400054931641 9.63700008392334 9.64100074768066 9.78900051116943 9.79100036621094 9.74900054931641 9.54900074005127 9.46000003814697 9.41900062561035 9.48200035095215 9.61000061035156 9.72600078582764 9.57400035858154 9.55500030517578 9.78000068664551 9.64000034332275 9.59900093078613 9.57500076293945 9.60100078582764 9.59000015258789 9.64900016784668 9.60500049591064 9.55300045013428 9.60400009155273 9.64600086212158
9.68400001525879 9.4680004119873 9.42400074005127 9.3730001449585 9.33600044250488 9.32500076293945 9.34899997711182 9.32800006866455 9.3390007019043 9.34200000762939 9.32300090789795 9.30400085449219 9.278000831604 9.35800075531006 9.44400024414062 9.28000068664551 9.47200012207031 9.49300003051758 9.52000045776367 9.53000068664551 9.54100036621094 9.53000068664551 9.53800010681152 9.5620002746582 9.59400081634521 9.61900043487549 9.66800022125244 9.72500038146973 9.72300052642822 9.73800086975098 9.79500007629395 9.69500064849854 9.65799999237061 9.7450008392334 9.7140007019043 9.61900043487549 9.64700031280518 9.6830005645752 9.85900020599365 9.9660005569458 9.84500026702881 9.86000061035156 9.82300090789795 9.71900081634521 9.70000076293945 9.54000091552734 9.53200054168701 9.53700065612793 9.63500022888184 9.69200038909912 9.67900085449219 9.63800048828125 9.63700008392334
9.5600004196167 9.42900085449219 9.40000057220459 9.36700057983398 9.38000011444092 9.34500026702881 9.36900043487549 9.38800048828125 9.41500091552734 9.41900062561035 9.36700057983398 9.33100032806396 9.35100078582764 9.35700035095215 9.45600032806396 9.47500038146973 9.42200088500977 9.5290002822876 9.58600044250488 9.58300018310547 9.58400058746338 9.60800075531006 9.66700077056885 9.67200088500977 9.64400005340576 9.78600025177002 9.86700057983398 9.75600051879883 9.80400085449219 9.83800029754639 9.78299999237061 9.80100059509277 9.89400005340576 9.78700065612793 9.71500015258789 9.70000076293945 9.6830005645752 9.7790002822876 9.82000064849854 9.97100067138672 10.0600004196167 10.0130004882812 9.75400066375732 9.62700080871582 9.56800079345703 9.58100032806396 9.59900093078613 9.5930004119873 9.67200088500977 9.67900085449219 9.72600078582764 9.8100004196167 9.75800037384033
9.45400047302246 9.46700000762939 9.50600051879883 9.51500034332275 9.48900032043457 9.46200084686279 9.49300003051758 9.46200084686279 9.42500019073486 9.42800045013428 9.3730001449585 9.33600044250488 9.39900016784668 9.45000076293945 9.4660005569458 9.50700092315674 9.47399997711182 9.56100082397461 9.5930004119873 9.61700057983398 9.59600067138672 9.67000007629395 9.7140007019043 9.76600074768066 9.78500080108643 9.79200077056885 9.778000831604 9.71300029754639 9.80500030517578 9.84600067138672 9.95400047302246 10.0540008544922 9.9640007019043 9.8720006942749 9.81700038909912 9.89100074768066 9.89800071716309 9.86000061035156 9.8080005645752 9.8730001449585 9.95300006866455 10.1100006103516 9.8080005645752 9.70000076293945 9.57300090789795 9.57900047302246 9.60400009155273 9.66100025177002 9.72800064086914 9.77600002288818 9.80000019073486 9.82300090789795 9.86100006103516
9.43100070953369 9.4060001373291 9.32600021362305 9.36400032043457 9.48300075531006 9.51500034332275 9.63100051879883 9.4970006942749 9.4370002746582 9.40100002288818 9.36000061035156 9.41700077056885 9.45500087738037 9.4640007019043 9.47700023651123 9.52100086212158 9.4950008392334 9.42300033569336 9.528000831604 9.64100074768066 9.72500038146973 9.778000831604 9.80600070953369 9.86500072479248 9.9350004196167 9.85200023651123 9.75200080871582 9.73200035095215 9.75800037384033 9.85400009155273 10 9.88700008392334 9.83000087738037 9.87600040435791 9.86000061035156 9.84700012207031 9.94900035858154 10.0970001220703 9.96700000762939 10.0430002212524 10.1150007247925 10.2450008392334 10.1290006637573 9.84700012207031 9.70300006866455 9.77200031280518 9.7450008392334 9.77000045776367 9.82800006866455 9.91200065612793 9.97800064086914 9.97700023651123 9.98300075531006
9.45700073242188 9.42700004577637 9.37900066375732 9.2790002822876 9.375 9.5 9.62700080871582 9.60500049591064 9.48400020599365 9.403000831604 9.36300086975098 9.40500068664551 9.41900062561035 9.42000007629395 9.45600032806396 9.47800064086914 9.54400062561035 9.5910005569458 9.60700035095215 9.6870002746582 9.75600051879883 9.88900089263916 9.88900089263916 9.97200012207031 9.97600078582764 9.9970006942749 10.0700006484985 9.98300075531006 9.93900012969971 9.94000053405762 9.92600059509277 9.90100002288818 9.85900020599365 9.8700008392334 10.0110006332397 10.0440006256104 10.0010004043579 10.1260004043579 10.2200002670288 10.2110004425049 10.2450008392334 10.3050003051758 10.2290000915527 10.0420007705688 9.86500072479248 9.85900020599365 9.83700084686279 9.94600009918213 9.96500015258789 10.0080003738403 10.0180006027222 10.0290002822876 10.0450000762939
9.41900062561035 9.47700023651123 9.5310001373291 9.4350004196167 9.32600021362305 9.42500019073486 9.57500076293945 9.62700080871582 9.63000011444092 9.53500080108643 9.47399997711182 9.43200016021729 9.47000026702881 9.52400016784668 9.5600004196167 9.59700012207031 9.61400032043457 9.68600082397461 9.73900032043457 9.75300025939941 9.8390007019043 9.95500087738037 9.9350004196167 10.0140008926392 10.0240001678467 10.0430002212524 10.0390005111694 10.0150003433228 10.0170001983643 10.0640001296997 10.0370006561279 10.0180006027222 9.90800094604492 9.903000831604 9.91300010681152 10.0880002975464 10.1450004577637 10.1700000762939 10.3090000152588 10.32200050354 10.2600002288818 10.3000001907349 10.2450008392334 10.1490001678467 10.0470008850098 9.99900054931641 9.98900032043457 10.0240001678467 10.0740003585815 10.1200008392334 10.0490007400513 10.0550003051758 9.99400043487549
9.55700016021729 9.53800010681152 9.39200019836426 9.375 9.49200057983398 9.46300029754639 9.60400009155273 9.67900085449219 9.65799999237061 9.64700031280518 9.60800075531006 9.58100032806396 9.55600070953369 9.60900020599365 9.63700008392334 9.60200023651123 9.57900047302246 9.7160005569458 9.8430004119873 9.92700004577637 10.0150003433228 10.0630006790161 10.1000003814697 10.1100006103516 10.0900001525879 10.1000003814697 10.1200008392334 10.1190004348755 10.0630006790161 10.0670003890991 10.1330003738403 10.0630006790161 9.97500038146973 10.0880002975464 10.0790004730225 10.0070009231567 10.1850004196167 10.2990007400513 10.2990007400513 10.3430004119873 10.2810001373291 10.2760000228882 10.32200050354 10.282000541687 10.2220001220703 10.0660009384155 10.0530004501343 10.1100006103516 10.121000289917 10.1720008850098 10.2000007629395 10.1680002212524 10.1460008621216
9.47800064086914 9.50800037384033 9.62700080871582 9.61400032043457 9.65700054168701 9.61100006103516 9.60200023651123 9.76300048828125 9.77700042724609 9.72900009155273 9.72800064086914 9.64900016784668 9.60900020599365 9.56700038909912 9.51600074768066 9.66700077056885 9.70700073242188 9.65799999237061 9.80400085449219 9.99000072479248 10.1000003814697 10.1820001602173 10.2890005111694 10.335000038147 10.32200050354 10.2920007705688 10.2790002822876 10.2330007553101 10.2200002670288 10.2450008392334 10.2430000305176 10.1330003738403 10.0450000762939 10.2090005874634 10.1370000839233 10.0790004730225 10.1470003128052 10.2220001220703 10.3250007629395 10.3040008544922 10.2950000762939 10.3170003890991 10.3520002365112 10.3370008468628 10.2810001373291 10.121000289917 10.081000328064 10.1960000991821 10.2770004272461 10.2680006027222 10.1880006790161 10.1880006790161 10.1940002441406
9.57200050354004 9.57900047302246 9.50600051879883 9.62900066375732 9.70700073242188 9.72400093078613 9.64500045776367 9.81500053405762 9.87100028991699 9.84500026702881 9.82500076293945 9.83400058746338 9.81600093841553 9.69200038909912 9.59800052642822 9.68900012969971 9.81600093841553 9.83500003814697 9.78000068664551 9.85000038146973 9.99400043487549 10.1540002822876 10.1780004501343 10.2710008621216 10.3040008544922 10.3050003051758 10.3050003051758 10.2300004959106 10.1820001602173 10.2500009536743 10.3590002059937 10.3820009231567 10.201000213623 10.3280000686646 10.2320003509521 10.0780000686646 10.1580009460449 10.1920003890991 10.3150005340576 10.4650001525879 10.4190006256104 10.3560009002686 10.3130006790161 10.3820009231567 10.3470001220703 10.2140007019043 10.1980009078979 10.2300004959106 10.2940006256104 10.3040008544922 10.238000869751 10.1850004196167 10.0910005569458
9.79800033569336 9.76200008392334 9.65200042724609 9.73500061035156 9.69900035858154 9.71900081634521 9.6850004196167 9.84700012207031 9.89400005340576 9.92700004577637 9.90700054168701 9.92900085449219 9.89500045776367 9.77700042724609 9.66500091552734 9.71300029754639 9.84400081634521 9.90800094604492 9.94000053405762 9.93400001525879 9.9040002822876 10.0880002975464 10.0650005340576 10.1700000762939 10.1740007400513 10.1800003051758 10.1790008544922 10.193000793457 10.3160009384155 10.3480005264282 10.4200000762939 10.4170007705688 10.443000793457 10.3760004043579 10.2500009536743 10.2000007629395 10.1990003585815 10.3290004730225 10.3080005645752 10.3500003814697 10.3340005874634 10.3410005569458 10.3620004653931 10.4300003051758 10.4340009689331 10.3380002975464 10.2690000534058 10.2630004882812 10.2940006256104 10.2750005722046 10.2870006561279 10.2050008773804 10.0700006484985
9.81500053405762 9.83000087738037 9.84900093078613 9.86900043487549 9.82100009918213 9.84400081634521 9.82700061798096 9.88200092315674 9.93100070953369 9.97600078582764 9.97400093078613 9.94500064849854 9.96300029754639 9.92000007629395 9.82200050354004 9.80400085449219 9.79100036621094 9.95400047302246 10.0800008773804 10.0980005264282 10 10.1680002212524 10.2440004348755 10.1820001602173 10.1850004196167 10.0730009078979 10.1270008087158 10.1180000305176 10.1660003662109 10.3340005874634 10.2690000534058 10.3470001220703 10.4800004959106 10.5000009536743 10.41100025177 10.282000541687 10.3280000686646 10.4060001373291 10.4720001220703 10.4300003051758 10.3000001907349 10.4550008773804 10.4900007247925 10.4760007858276 10.3650007247925 10.4390001296997 10.4140005111694 10.3030004501343 10.2680006027222 10.2320003509521 10.2280006408691 10.1860008239746 10.1180000305176
9.85700035095215 9.87900066375732 9.88400077819824 9.91700077056885 9.94100093841553 9.92300033569336 9.95600032806396 9.9060001373291 9.96700000762939 9.97600078582764 10.0200004577637 10.0030002593994 9.97700023651123 10.0080003738403 9.99400043487549 9.9040002822876 9.84200000762939 9.9980001449585 10.1920003890991 10.2540006637573 10.1280002593994 10.2130002975464 10.3090000152588 10.3420009613037 10.2520008087158 10.19700050354 10.2490005493164 10.2300004959106 10.1190004348755 10.1200008392334 10.1600008010864 10.2950000762939 10.4150009155273 10.5250005722046 10.6240005493164 10.5160007476807 10.4900007247925 10.4500007629395 10.5500001907349 10.5650005340576 10.6070003509521 10.5640001296997 10.4360008239746 10.4340009689331 10.3720006942749 10.3130006790161 10.3430004119873 10.3290004730225 10.2710008621216 10.2200002670288 10.1180000305176 10.0550003051758 10.081000328064
