PastLayers/tdmean.asc
NCOLS 292 
NROWS 291 
XLLCORNER -87.6458333327872 
YLLCORNER 24.4791666666667 
CELLSIZE 0.0416666666669039 
NODATA_value -3.4e+38 
[rows 0 to 23 of 291, columns 106 to 158 of 292]
-3.4e+38 -3.4e+38 -3.4e+38 -3.4e+38 -3.4e+38 -3.4e+38 -3.4e+38 -3.4e+38 -3.4e+38 -3.4e+38 -3.4e+38 -3.4e+38 -3.4e+38 -3.4e+38 -3.4e+38 -3.4e+38 -3.4e+38 -3.4e+38 -3.4e+38 -3.4e+38 -3.4e+38 -3.4e+38 -3.4e+38 -3.4e+38 -3.4e+38 -3.4e+38 -3.4e+38 -3.4e+38 -3.4e+38 -3.4e+38 -3.4e+38 -3.4e+38 -3.4e+38 -3.4e+38 -3.4e+38 -3.4e+38 -3.4e+38 2.89200019836426 3.43200016021729 3.47900009155273 -3.4e+38 -3.4e+38 -3.4e+38 -3.4e+38 -3.4e+38 -3.4e+38 -3.4e+38 -3.4e+38 -3.4e+38 -3.4e+38 -3.4e+38 -3.4e+38 -3.4e+38
-3.4e+38 -3.4e+38 -3.4e+38 -3.4e+38 -3.4e+38 -3.4e+38 -3.4e+38 -3.4e+38 -3.4e+38 -3.4e+38 -3.4e+38 -3.4e+38 -3.4e+38 -3.4e+38 -3.4e+38 -3.4e+38 -3.4e+38 -3.4e+38 -3.4e+38 -3.4e+38 -3.4e+38 -3.4e+38 -3.4e+38 -3.4e+38 -3.4e+38 -3.4e+38 -3.4e+38 -3.4e+38 -3.4e+38 -3.4e+38 -3.4e+38 -3.4e+38 -3.4e+38 -3.4e+38 -3.4e+38 -3.4e+38 -3.4e+38 3.48900008201599 3.51000022888184 3.68600010871887 3.56700015068054 3.70600008964539 3.49300026893616 3.47300004959106 3.19400024414062 3.27700018882751 3.47200012207031 3.59300017356873 3.44000005722046 3.42400026321411 3.48800015449524 3.7240002155304 3.67900013923645
-3.4e+38 -3.4e+38 -3.4e+38 -3.4e+38 -3.4e+38 -3.4e+38 -3.4e+38 -3.4e+38 -3.4e+38 -3.4e+38 -3.4e+38 -3.4e+38 -3.4e+38 -3.4e+38 -3.4e+38 -3.4e+38 -3.4e+38 -3.4e+38 -3.4e+38 -3.4e+38 -3.4e+38 -3.4e+38 -3.4e+38 -3.4e+38 -3.4e+38 -3.4e+38 -3.4e+38 -3.4e+38 -3.4e+38 -3.4e+38 -3.4e+38 -3.4e+38 -3.4e+38 -3.4e+38 -3.4e+38 -3.4e+38 -3.4e+38 3.47000026702881 3.55900025367737 3.69600009918213 3.56600022315979 3.20700025558472 3.15000009536743 3.05700016021729 3.19100022315979 3.20300006866455 3.41900014877319 3.60600018501282 3.66700005531311 3.25400018692017 3.63000011444092 3.74200010299683 3.84100008010864
-3.4e+38 -3.4e+38 -3.4e+38 -3.4e+38 -3.4e+38 -3.4e+38 -3.4e+38 -3.4e+38 -3.4e+38 -3.4e+38 -3.4e+38 -3.4e+38 -3.4e+38 -3.4e+38 -3.4e+38 -3.4e+38 -3.4e+38 -3.4e+38 -3.4e+38 -3.4e+38 -3.4e+38 -3.4e+38 -3.4e+38 -3.4e+38 -3.4e+38 -3.4e+38 -3.4e+38 -3.4e+38 -3.4e+38 -3.4e+38 -3.4e+38 -3.4e+38 -3.4e+38 -3.4e+38 -3.4e+38 -3.4e+38 -3.4e+38 3.45100021362305 3.42500019073486 3.41700005531311 3.24300026893616 3.41200017929077 3.38600015640259 3.30200004577637 3.24500012397766 3.29300022125244 3.58500027656555 3.62200021743774 2.83200001716614 3.13700008392334 3.39600014686584 3.53300023078918 3.6470000743866
-3.4e+38 -3.4e+38 -3.4e+38 -3.4e+38 -3.4e+38 -3.4e+38 -3.4e+38 -3.4e+38 -3.4e+38 -3.4e+38 -3.4e+38 -3.4e+38 -3.4e+38 -3.4e+38 -3.4e+38 -3.4e+38 -3.4e+38 -3.4e+38 -3.4e+38 -3.4e+38 -3.4e+38 -3.4e+38 -3.4e+38 -3.4e+38 -3.4e+38 -3.4e+38 -3.4e+38 -3.4e+38 -3.4e+38 -3.4e+38 -3.4e+38 -3.4e+38 -3.4e+38 -3.4e+38 -3.4e+38 -3.4e+38 3.5090000629425 3.35500025749207 3.5290002822876 3.45400023460388 3.55700016021729 3.48700022697449 3.26500010490417 3.09300017356873 3.41000008583069 3.69100022315979 3.86100029945374 3.84400010108948 3.23000025749207 3.56500005722046 3.35500025749207 4.30000019073486 3.84300017356873
-3.4e+38 -3.4e+38 -3.4e+38 -3.4e+38 -3.4e+38 -3.4e+38 -3.4e+38 -3.4e+38 -3.4e+38 -3.4e+38 -3.4e+38 -3.4e+38 -3.4e+38 -3.4e+38 -3.4e+38 -3.4e+38 -3.4e+38 -3.4e+38 -3.4e+38 -3.4e+38 -3.4e+38 -3.4e+38 -3.4e+38 -3.4e+38 -3.4e+38 -3.4e+38 -3.4e+38 -3.4e+38 -3.4e+38 -3.4e+38 -3.4e+38 -3.4e+38 -3.4e+38 -3.4e+38 -3.4e+38 -3.4e+38 3.46600008010864 3.36300015449524 3.42300009727478 3.4830002784729 3.41100025177002 3.38600015640259 3.34100008010864 3.47700023651123 3.75500011444092 3.81300020217896 3.87000012397766 3.71300005912781 4.03999996185303 4.7810001373291 4.86200046539307 4.9210000038147 4.90000009536743
-3.4e+38 -3.4e+38 -3.4e+38 -3.4e+38 -3.4e+38 -3.4e+38 -3.4e+38 -3.4e+38 -3.4e+38 -3.4e+38 -3.4e+38 -3.4e+38 -3.4e+38 -3.4e+38 -3.4e+38 -3.4e+38 -3.4e+38 -3.4e+38 -3.4e+38 -3.4e+38 -3.4e+38 -3.4e+38 -3.4e+38 -3.4e+38 -3.4e+38 -3.4e+38 -3.4e+38 -3.4e+38 -3.4e+38 -3.4e+38 -3.4e+38 -3.4e+38 -3.4e+38 3.60500025749207 3.41400027275085 3.50800013542175 2.85700011253357 3.07000017166138 3.38500022888184 3.45500016212463 3.36900019645691 3.54600024223328 3.54300022125244 3.69900012016296 3.89800024032593 4.54200029373169 4.77000045776367 4.91600036621094 5.00600004196167 5.00200033187866 4.98400020599365 4.9350004196167 4.89000034332275
-3.4e+38 -3.4e+38 -3.4e+38 -3.4e+38 -3.4e+38 -3.4e+38 -3.4e+38 -3.4e+38 -3.4e+38 -3.4e+38 -3.4e+38 -3.4e+38 -3.4e+38 -3.4e+38 -3.4e+38 -3.4e+38 -3.4e+38 -3.4e+38 -3.4e+38 -3.4e+38 -3.4e+38 -3.4e+38 -3.4e+38 -3.4e+38 -3.4e+38 -3.4e+38 -3.4e+38 -3.4e+38 -3.4e+38 -3.4e+38 -3.4e+38 -3.4e+38 3.62200021743774 3.68500018119812 3.57300019264221 3.34800004959106 3.05800008773804 3.4610002040863 3.54900026321411 3.60500025749207 3.61900019645691 3.68100023269653 3.70900011062622 3.54400014877319 3.69400024414062 4.76600027084351 5.00700044631958 5.16800022125244 4.97800016403198 5.04900026321411 4.84400033950806 4.85000038146973 4.87700033187866
-3.4e+38 -3.4e+38 -3.4e+38 -3.4e+38 -3.4e+38 -3.4e+38 -3.4e+38 -3.4e+38 -3.4e+38 -3.4e+38 -3.4e+38 -3.4e+38 -3.4e+38 -3.4e+38 -3.4e+38 -3.4e+38 -3.4e+38 -3.4e+38 -3.4e+38 -3.4e+38 -3.4e+38 -3.4e+38 -3.4e+38 -3.4e+38 -3.4e+38 -3.4e+38 -3.4e+38 -3.4e+38 -3.4e+38 -3.4e+38 -3.4e+38 3.58000016212463 3.52700018882751 3.3840000629425 3.21000003814697 3.37200021743774 3.33400011062622 3.5770001411438 3.71900010108948 3.76400017738342 3.68900012969971 3.54700016975403 3.58000016212463 4.37100028991699 4.93200016021729 5.02600002288818 4.86900043487549 5.0620002746582 4.9850001335144 4.79500007629395 4.71400022506714 4.76000022888184 4.88200044631958
-3.4e+38 -3.4e+38 -3.4e+38 -3.4e+38 -3.4e+38 -3.4e+38 -3.4e+38 -3.4e+38 -3.4e+38 -3.4e+38 -3.4e+38 -3.4e+38 -3.4e+38 -3.4e+38 -3.4e+38 -3.4e+38 -3.4e+38 -3.4e+38 -3.4e+38 -3.4e+38 -3.4e+38 -3.4e+38 -3.4e+38 -3.4e+38 -3.4e+38 -3.4e+38 -3.4e+38 -3.4e+38 -3.4e+38 -3.4e+38 3.47100019454956 3.17500019073486 2.92400002479553 3.19500017166138 3.43900012969971 3.6340000629425 3.59100008010864 3.66800022125244 3.66900014877319 3.90200018882751 4.19800043106079 4.21000003814697 4.72600030899048 4.89700031280518 4.80900001525879 4.85900020599365 4.86400032043457 5.03500032424927 5.01900005340576 4.91500043869019 4.75300025939941 4.73800039291382 4.91600036621094
-3.4e+38 -3.4e+38 -3.4e+38 -3.4e+38 -3.4e+38 -3.4e+38 -3.4e+38 -3.4e+38 -3.4e+38 -3.4e+38 -3.4e+38 -3.4e+38 -3.4e+38 -3.4e+38 -3.4e+38 -3.4e+38 -3.4e+38 -3.4e+38 -3.4e+38 -3.4e+38 -3.4e+38 -3.4e+38 -3.4e+38 -3.4e+38 -3.4e+38 -3.4e+38 -3.4e+38 -3.4e+38 -3.4e+38 3.4760000705719 3.34200024604797 3.38700008392334 3.0220000743866 3.16900014877319 3.49900007247925 3.67900013923645 3.3490002155304 3.31900024414062 3.33900022506714 3.56500005722046 4.2810001373291 4.70500040054321 4.71500015258789 4.88100004196167 4.9350004196167 4.95900011062622 5.0290002822876 5.1100001335144 5.05400037765503 5.04100036621094 4.96700000762939 4.91900014877319 4.99300003051758
-3.4e+38 -3.4e+38 -3.4e+38 -3.4e+38 -3.4e+38 -3.4e+38 -3.4e+38 -3.4e+38 -3.4e+38 -3.4e+38 -3.4e+38 -3.4e+38 -3.4e+38 -3.4e+38 -3.4e+38 -3.4e+38 -3.4e+38 -3.4e+38 -3.4e+38 -3.4e+38 -3.4e+38 -3.4e+38 3.18600010871887 3.58400011062622 3.67300009727478 3.43200016021729 -3.4e+38 -3.4e+38 -3.4e+38 3.14400005340576 3.58100008964539 3.45900011062622 3.04900026321411 2.92000007629395 2.83400011062622 3.48200011253357 3.80400013923645 3.5550000667572 4.11199998855591 4.35000038146973 4.59500026702881 4.98200035095215 4.88600015640259 4.92500019073486 5.08300018310547 5.05700016021729 5.06400012969971 5.11700010299683 5.15200042724609 5.11200046539307 5.11900043487549 5.00100040435791 5.11700010299683
-3.4e+38 -3.4e+38 -3.4e+38 -3.4e+38 -3.4e+38 -3.4e+38 -3.4e+38 -3.4e+38 -3.4e+38 -3.4e+38 -3.4e+38 -3.4e+38 -3.4e+38 -3.4e+38 -3.4e+38 -3.4e+38 -3.4e+38 -3.4e+38 -3.4e+38 -3.4e+38 3.82000017166138 3.87900018692017 3.59700012207031 3.60600018501282 3.40700006484985 3.04000020027161 2.75400018692017 2.85300016403198 3.32400012016296 3.45500016212463 3.67400026321411 3.59800028800964 3.32900023460388 2.95400023460388 3.17600011825562 4.13400030136108 4.60200023651123 4.58500003814697 4.7790002822876 4.80400037765503 5.08900022506714 4.92700004577637 4.96700000762939 5.24100017547607 5.26100015640259 5.28000020980835 5.26800012588501 5.23200035095215 5.20800018310547 5.19000005722046 5.07100009918213 5.15500020980835 5.28300046920776
-3.4e+38 -3.4e+38 -3.4e+38 -3.4e+38 -3.4e+38 -3.4e+38 -3.4e+38 -3.4e+38 -3.4e+38 -3.4e+38 -3.4e+38 -3.4e+38 -3.4e+38 4.71600008010864 4.26800012588501 -3.4e+38 -3.4e+38 -3.4e+38 -3.4e+38 3.83200025558472 3.70100021362305 4.21900033950806 4.22000026702881 3.79800009727478 3.66800022125244 3.51500010490417 3.51000022888184 3.54600024223328 3.59100008010864 3.37900018692017 3.67600011825562 3.73000025749207 3.65900015830994 3.65900015830994 3.8730001449585 4.27400016784668 5.09400033950806 4.86900043487549 4.99400043487549 5.10400009155273 5.28400039672852 5.32400035858154 5.43200016021729 5.38400030136108 5.19500017166138 5.37200021743774 5.29000043869019 5.33800029754639 5.22100019454956 5.26700019836426 5.31400012969971 5.46900033950806 5.56600046157837
-3.4e+38 -3.4e+38 -3.4e+38 -3.4e+38 -3.4e+38 -3.4e+38 -3.4e+38 -3.4e+38 -3.4e+38 -3.4e+38 -3.4e+38 4.375 4.27400016784668 4.70500040054321 4.48000001907349 -3.4e+38 -3.4e+38 -3.4e+38 3.507000207901 3.61600017547607 4.00900030136108 3.90100026130676 4.22700023651123 4.49900007247925 4.36300039291382 4.07300043106079 3.48400020599365 3.60000014305115 3.69900012016296 3.507000207901 3.69300007820129 3.84100008010864 3.83800029754639 4.01100015640259 4.33000040054321 4.4060001373291 4.49200010299683 5.17100048065186 5.25700044631958 5.21400022506714 5.40300035476685 5.21700048446655 5.17500019073486 5.50100040435791 5.4980001449585 5.52800035476685 5.61400032043457 5.76800012588501 5.8600001335144 5.75700044631958 5.7330002784729 5.68900012969971 5.87200021743774
-3.4e+38 -3.4e+38 -3.4e+38 -3.4e+38 -3.4e+38 -3.4e+38 -3.4e+38 -3.4e+38 -3.4e+38 -3.4e+38 -3.4e+38 4.9350004196167 5.08800029754639 4.48400020599365 4.91200017929077 4.72300004959106 4.68400001525879 4.1540002822876 4.08300018310547 3.89600014686584 3.90900015830994 3.99600028991699 3.88500022888184 3.74100017547607 3.83300018310547 3.49000024795532 3.46600008010864 3.74500012397766 3.68500018119812 3.57900023460388 3.8360002040863 3.83500027656555 3.87500023841858 4.1870002746582 4.22700023651123 4.50900030136108 5.35500001907349 5.37200021743774 5.53400039672852 5.47800016403198 5.41700029373169 5.42200040817261 5.50900030136108 5.55700016021729 5.34700012207031 5.58400011062622 5.92300033569336 5.83000040054321 5.7480001449585 5.82600021362305 5.87500047683716 5.74300050735474 5.94900035858154
-3.4e+38 -3.4e+38 -3.4e+38 -3.4e+38 -3.4e+38 -3.4e+38 -3.4e+38 -3.4e+38 5.89300012588501 5.05800008773804 4.6080002784729 5.33300018310547 5.31500005722046 5.08700037002563 4.71200037002563 4.32200002670288 4.34899997711182 4.24400043487549 3.86600017547607 4.08500003814697 4.39800024032593 3.92700028419495 3.70400023460388 3.91500020027161 4.19300031661987 3.75800013542175 3.64000010490417 3.69300007820129 3.74400019645691 3.94200015068054 4.02600002288818 4.00900030136108 4.06100034713745 4.64200019836426 4.97700023651123 4.5789999961853 5.49400043487549 5.61400032043457 5.59400033950806 5.59900045394897 5.5310001373291 5.45900011062622 5.44300031661987 5.62600040435791 5.69200038909912 5.76500034332275 5.89300012588501 5.84400033950806 5.74600028991699 5.88400030136108 5.85900020599365 5.75000047683716 5.79500007629395
-3.4e+38 -3.4e+38 -3.4e+38 -3.4e+38 -3.4e+38 -3.4e+38 -3.4e+38 -3.4e+38 4.7810001373291 5.49100017547607 5.44400024414062 5.32200002670288 4.88400030136108 5.10900020599365 5.11700010299683 4.64000034332275 4.45800018310547 4.52700042724609 4.51999998092651 3.9830002784729 4.0290002822876 3.8600001335144 3.49300026893616 3.45300006866455 3.85000014305115 3.7240002155304 3.98200011253357 4.05800008773804 4.16300010681152 4.36700010299683 4.68100023269653 4.28900003433228 4.43800020217896 5.08200025558472 5.58100032806396 5.75500011444092 5.70300006866455 5.64400005340576 5.66400003433228 5.64500045776367 5.59800004959106 5.65000009536743 5.48700046539307 5.73400020599365 5.76700019836426 5.79300022125244 5.74100017547607 5.99500036239624 5.71000003814697 5.72000026702881 5.91900014877319 5.81500005722046 5.72400045394897
-3.4e+38 -3.4e+38 -3.4e+38 -3.4e+38 -3.4e+38 -3.4e+38 -3.4e+38 4.4370002746582 4.89900016784668 4.95700025558472 5.07600021362305 5.7330002784729 5.64000034332275 5.64200019836426 5.60400009155273 5.45900011062622 5.48700046539307 5.39200019836426 4.92000007629395 4.22399997711182 3.98700022697449 3.86100029945374 3.42300009727478 2.54400014877319 3.50500011444092 3.82500028610229 4.17500019073486 4.56500005722046 5.01100015640259 5.34600019454956 4.71000003814697 4.78500032424927 4.98900032043457 5.80700016021729 5.82800006866455 5.8120002746582 5.80400037765503 5.77400016784668 5.70400047302246 5.67400026321411 5.63400030136108 5.69700050354004 5.77100038528442 5.82400035858154 5.79600048065186 5.78500032424927 5.75900030136108 5.72600030899048 5.69900035858154 5.70400047302246 5.75200033187866 5.71000003814697 5.75400018692017
-3.4e+38 -3.4e+38 -3.4e+38 -3.4e+38 -3.4e+38 -3.4e+38 4.45500040054321 4.5310001373291 4.96400022506714 4.84800004959106 4.80200004577637 5.54500007629395 5.88700008392334 5.77500009536743 5.75600004196167 5.66900014877319 5.639000415802 5.36600017547607 4.84400033950806 4.35900020599365 4.10500001907349 3.21200013160706 3.4520001411438 2.33000016212463 3.68500018119812 4.29400014877319 4.4810004234314 4.74000024795532 5.56400012969971 4.99500036239624 4.82000017166138 5.48600006103516 5.80500030517578 5.80100011825562 5.76300048828125 5.71400022506714 5.79900026321411 5.81500005722046 5.80900049209595 5.71500015258789 5.77000045776367 5.8600001335144 5.84500026702881 5.80900049209595 5.76200008392334 5.77500009536743 5.76700019836426 5.72600030899048 5.74400043487549 5.73800039291382 5.72100019454956 5.76200008392334 5.80400037765503
-3.4e+38 3.94900012016296 4.72300004959106 5.02800035476685 4.86800003051758 4.32200002670288 4.72300004959106 4.82500028610229 4.6870002746582 4.70100021362305 4.80100011825562 5.14400005340576 5.69100046157837 5.88400030136108 5.72700023651123 5.72700023651123 5.61500024795532 4.84800004959106 4.63500022888184 4.77500009536743 4.35900020599365 2.97700023651123 2.55600023269653 2.89900016784668 4.13400030136108 4.37600040435791 4.67000007629395 5.01600027084351 5.47900009155273 5.63800048828125 5.72900009155273 5.80700016021729 5.86600017547607 5.82000017166138 5.80100011825562 5.83100032806396 5.83900022506714 5.75300025939941 5.6540002822876 5.76200008392334 5.78600025177002 5.81100034713745 5.91300010681152 5.86900043487549 5.83900022506714 5.83400011062622 5.83800029754639 5.77400016784668 5.75000047683716 5.77000045776367 5.75500011444092 5.75000047683716 5.8100004196167
3.63600015640259 4.14400005340576 3.57500028610229 4.40100002288818 4.76200008392334 4.514000415802 4.56100034713745 4.45600032806396 4.68600034713745 4.89000034332275 5.32900047302246 5.71500015258789 5.88500022888184 5.87400007247925 5.7180004119873 5.71400022506714 6.05900049209595 5.56400012969971 5.00800037384033 4.64800024032593 3.4740002155304 4.27700042724609 3.46400022506714 3.79700016975403 4.17200040817261 4.25800037384033 4.50100040435791 5.51100015640259 5.69000005722046 5.70400047302246 5.7020001411438 5.73000049591064 5.80600023269653 5.77600049972534 5.72100019454956 5.79900026321411 5.82800006866455 5.80400037765503 5.35100030899048 5.1060004234314 5.32600021362305 5.42400026321411 5.91400051116943 5.91400051116943 5.90500020980835 5.92100048065186 5.88800048828125 5.86100006103516 5.84500026702881 5.85500049591064 5.82600021362305 5.86300039291382 5.96200037002563
3.16500020027161 3.16400003433228 4.37600040435791 4.47900009155273 4.74100017547607 5.2180004119873 4.70100021362305 4.64900016784668 4.93400001525879 5.38800048828125 5.41200017929077 5.57500028610229 5.8560004234314 5.80700016021729 5.65300035476685 5.92800045013428 5.93900012969971 5.58500003814697 5.39400005340576 4.92000007629395 4.66500043869019 4.60000038146973 4.23900032043457 4.51700019836426 5.04400014877319 5.10100030899048 5.58000040054321 5.7180004119873 5.73900032043457 5.59200048446655 5.68800020217896 5.68300008773804 5.69000005722046 5.75600004196167 5.80100011825562 5.80200004577637 5.48600006103516 5.39900016784668 5.58400011062622 5.68800020217896 5.89900016784668 5.99400043487549 6.04400014877319 5.91600036621094 6.05700016021729 6.08900022506714 6.04900026321411 6.0310001373291 6.01800012588501 5.99300050735474 5.97200012207031 6.0290002822876 6.01600027084351
4.36199998855591 4.59200000762939 4.49200010299683 4.50800037384033 4.62200021743774 4.90700006484985 4.78900003433228 4.72100019454956 4.73400020599365 4.88100004196167 4.79100036621094 5.6230001449585 5.81700038909912 5.75300025939941 5.69700050354004 5.56300020217896 5.79700040817261 5.68000030517578 5.97100019454956 5.64600038528442 5.05100011825562 4.97500038146973 4.47300004959106 4.69099998474121 5.6850004196167 5.77400016784668 5.78200006484985 5.72300004959106 5.69200038909912 5.73900032043457 5.55800008773804 5.32500028610229 5.73400020599365 5.73200035095215 5.52200031280518 4.80200004577637 4.66100025177002 5.00500011444092 5.08400011062622 5.44500017166138 5.73400020599365 5.97400045394897 6.07900047302246 6.16200017929077 6.17500019073486 6.09900045394897 6.07000017166138 6.03800010681152 6.02700042724609 6.02600049972534 6.09100008010864 6.08700037002563 6.04200029373169
