PastLayers/tmax.asc
NCOLS 292 
NROWS 291 
XLLCORNER -87.6458333327872 
YLLCORNER 24.4791666666667 
CELLSIZE 0.0416666666669039 
NODATA_value -3.4e+38 
[rows 48 to 71 of 291, columns 53 to 105 of 292]
20.2496662139893 21.6417503356934 21.5250835418701 21.6385822296143 20.9924163818359 21.1814155578613 21.3287506103516 21.1014175415039 20.9759159088135 21.7159996032715 21.8959159851074 22.074333190918 22.1394157409668 22.0722503662109 22.0339164733887 22.0340003967285 21.908166885376 21.7810840606689 21.4842491149902 20.9908332824707 20.6075000762939 20.75608253479 20.7207508087158 20.3965835571289 20.0025825500488 19.8225841522217 19.4676666259766 19.3766670227051 18.9859161376953 19.1679992675781 20.0556659698486 20.5356674194336 20.7170009613037 20.8722496032715 20.9789161682129 20.7796669006348 20.6567497253418 20.714750289917 20.6731662750244 20.4235000610352 20.3563327789307 20.6063327789307 20.7080841064453 20.8423328399658 20.8713340759277 20.8433322906494 20.8530826568604 20.8181667327881 20.8527507781982 21.4427490234375 21.888916015625 21.9398326873779 22.0349159240723
21.6361675262451 21.5640830993652 21.6961669921875 21.8845825195312 20.842248916626 21.4356670379639 21.5061664581299 21.0273342132568 20.6544170379639 21.6299171447754 22.0395832061768 22.066333770752 22.0085830688477 22.0834159851074 22.0178337097168 22.0575008392334 21.9005832672119 21.7099170684814 20.9577503204346 21.2597503662109 21.0267505645752 21.0459995269775 20.8149166107178 20.3264999389648 19.7150821685791 18.8761672973633 18.9303340911865 20.0298328399658 20.3291664123535 20.4669170379639 20.4869995117188 20.5512504577637 20.8509159088135 21.0483341217041 21.1010837554932 21.0704174041748 20.9724159240723 20.8216667175293 20.6545829772949 20.4702491760254 20.6379165649414 20.7992496490479 20.829833984375 20.8775005340576 20.679500579834 20.6473331451416 20.6598339080811 20.7780838012695 21.2302494049072 21.7075824737549 21.9580841064453 21.9002494812012 21.9164161682129
21.7060832977295 21.8915004730225 21.9817504882812 21.5409164428711 21.6733322143555 21.6325836181641 21.4265003204346 21.6545009613037 21.0485000610352 21.417667388916 22.0500831604004 22.0553321838379 21.921667098999 21.8102493286133 21.8850841522217 22.0000839233398 21.88108253479 21.646333694458 21.1301670074463 20.8786659240723 21.1564159393311 21.0493335723877 20.86549949646 20.5130004882812 20.5171661376953 20.1498336791992 19.1458339691162 20.1696662902832 20.6212501525879 20.6219997406006 20.6004161834717 20.5494995117188 20.8061676025391 20.9338340759277 21.1608333587646 21.1768341064453 20.9559173583984 20.9322509765625 20.8201675415039 20.6139163970947 20.6464157104492 20.6224174499512 20.9581661224365 20.7695827484131 20.6911659240723 20.4459991455078 20.7375011444092 21.2068328857422 21.4788341522217 21.9169158935547 21.9304161071777 22.0030002593994 22.0179996490479
22.0190830230713 22.025749206543 21.8748340606689 21.2195835113525 21.8731670379639 21.3959159851074 21.2843341827393 22.0266666412354 21.9284172058105 21.798999786377 22.0552501678467 21.9331665039062 21.9162502288818 21.6644992828369 21.841833114624 21.9516658782959 21.8446674346924 21.8581657409668 21.4690837860107 20.884916305542 21.0650825500488 20.7813339233398 20.3232498168945 20.5923328399658 20.7535839080811 20.7254161834717 20.3673343658447 20.2975006103516 20.5681667327881 20.7293338775635 20.7084999084473 20.8192501068115 20.7898330688477 20.9890003204346 21.056583404541 21.1605834960938 21.1852493286133 21.13450050354 21.0068340301514 20.9457511901855 20.8622493743896 20.9645004272461 21.0186672210693 20.8721675872803 20.6960830688477 21.0408325195312 21.4846668243408 21.6175842285156 21.6049175262451 21.8801670074463 21.8595008850098 21.9953327178955 22.0755825042725
22.0218334197998 22.0863342285156 21.1058330535889 21.8001670837402 21.8407497406006 21.7175827026367 21.6797504425049 21.820333480835 22.0990829467773 21.9158325195312 21.8058338165283 21.777416229248 21.7324161529541 21.5022506713867 21.7366676330566 21.8796672821045 21.7942504882812 21.7697505950928 21.5782489776611 21.0143337249756 20.8286666870117 20.1505832672119 20.3436660766602 20.9267501831055 20.9714164733887 21.1438331604004 20.9824161529541 20.7369174957275 20.6738338470459 20.8804168701172 21.0310001373291 20.9163341522217 20.921667098999 21.0527496337891 21.1310005187988 21.2803325653076 21.1911659240723 21.2115001678467 21.1179161071777 21.0855827331543 21.0833339691162 21.2045001983643 21.046667098999 20.8783340454102 21.2153339385986 21.5492496490479 21.5499992370605 21.4270000457764 21.6208324432373 21.9034156799316 22.0259170532227 22.0244159698486 21.9302501678467
22.095832824707 21.9254169464111 21.4682502746582 21.4716663360596 21.8199157714844 21.8309993743896 22.0244159698486 22.0665836334229 21.9531669616699 21.9343338012695 21.6204166412354 21.7158336639404 21.7274169921875 21.4505825042725 21.6849174499512 21.775749206543 21.7625827789307 21.6254177093506 21.1469173431396 20.9789161682129 20.7371654510498 20.5952491760254 20.7272510528564 21.0039176940918 21.2407493591309 21.101583480835 21.2205829620361 21.0136661529541 21.0325832366943 21.172082901001 21.271333694458 21.1371669769287 21.2556667327881 21.1371669769287 21.1925830841064 21.2185001373291 21.0900840759277 21.1765842437744 21.2794170379639 21.2329998016357 21.2924175262451 21.2220840454102 21.1002502441406 21.3916664123535 21.4485836029053 21.6690826416016 21.6377506256104 21.6035823822021 21.6956672668457 21.8817501068115 21.9969997406006 22.1097507476807 22.0536670684814
21.7304172515869 21.4444160461426 21.4705829620361 21.0702495574951 21.1421661376953 21.8160839080811 21.9844169616699 21.9943332672119 21.8608341217041 21.3617496490479 21.4796657562256 21.4177494049072 21.7765007019043 21.4531669616699 21.4190006256104 21.5591659545898 21.6545009613037 21.5675010681152 21.2750835418701 20.4419174194336 20.828332901001 21.0909175872803 20.886417388916 20.9785003662109 21.3807506561279 21.3796672821045 21.4962501525879 21.4321670532227 21.3759994506836 21.33424949646 21.2415008544922 21.1695003509521 21.1481666564941 21.0324172973633 21.1385841369629 21.351167678833 21.2451667785645 21.3351669311523 21.1940002441406 21.2493343353271 21.5101661682129 21.4869174957275 21.5086669921875 21.6844177246094 21.7466659545898 21.8387508392334 21.9203338623047 21.9891662597656 21.9349174499512 21.931583404541 22.0419158935547 22.0885829925537 22.1678333282471
21.169750213623 21.199499130249 21.5849990844727 21.7609996795654 21.9005832672119 21.9598331451416 21.9723339080811 21.7705841064453 21.5980834960938 21.6295833587646 21.6050834655762 21.6412506103516 21.4428329467773 21.6341667175293 21.6271667480469 21.6371669769287 21.5563335418701 20.7687492370605 20.5483341217041 20.5205841064453 21.2638339996338 21.1030826568604 20.797248840332 21.1776657104492 21.5564994812012 21.490083694458 21.4774169921875 21.5150833129883 21.5006675720215 21.3678340911865 21.2794990539551 21.2469158172607 21.2119159698486 20.9285831451416 21.1037502288818 21.316333770752 21.3782501220703 21.2858333587646 21.1054172515869 21.1370830535889 21.5801677703857 21.744083404541 21.6608333587646 21.7900829315186 21.9277496337891 22.0065841674805 22.0675010681152 22.0667495727539 22.1688327789307 22.1416664123535 22.085916519165 22.181583404541 22.0518341064453
21.982666015625 21.8360004425049 21.9691677093506 21.9139175415039 21.6979160308838 21.6737499237061 21.8624992370605 21.7714996337891 21.7477493286133 21.7880840301514 21.829833984375 21.8446674346924 21.7672500610352 21.8106670379639 21.736083984375 21.7866668701172 21.4286670684814 21.1989994049072 21.1315841674805 21.2417488098145 21.4674167633057 21.4263343811035 21.5214157104492 21.6028327941895 21.3334159851074 21.1352500915527 21.2690010070801 21.1778335571289 21.1631660461426 21.2279167175293 21.1252498626709 21.0770835876465 21.2120838165283 21.3786659240723 21.3435001373291 21.4036674499512 21.3212509155273 21.1665000915527 21.1871662139893 21.3694171905518 21.502082824707 21.7546672821045 21.8395004272461 21.9451675415039 21.9451675415039 21.9486675262451 22.0200824737549 22.1790828704834 22.2215003967285 22.2210006713867 22.216667175293 22.2064990997314 22.2428340911865
22.1446666717529 22.041166305542 22.0214157104492 21.8962497711182 21.6809997558594 21.7366676330566 21.7080001831055 21.7112503051758 21.7479991912842 21.8160839080811 21.88450050354 21.8875007629395 21.8301658630371 21.75608253479 21.8605842590332 21.8099994659424 21.4775829315186 21.4470825195312 21.5548324584961 21.3915004730225 21.6118335723877 21.5553340911865 21.369083404541 21.3252506256104 21.3350830078125 21.2927494049072 21.2054176330566 21.2137508392334 21.2185840606689 21.2845001220703 21.1773338317871 21.183666229248 21.423583984375 21.3905830383301 21.4452495574951 21.4023342132568 21.2169170379639 21.169584274292 21.4027500152588 21.478666305542 21.7231674194336 21.8322505950928 21.9652500152588 21.8379993438721 22.011999130249 22.0517501831055 21.9927501678467 21.9397506713867 21.9835834503174 22.0971660614014 22.0676670074463 22.075834274292 22.1413326263428
22.158166885376 22.0893325805664 21.9820003509521 21.8987503051758 21.8550834655762 21.8148326873779 21.8173332214355 21.8020000457764 21.7752494812012 21.77516746521 21.832332611084 21.9261665344238 21.9615840911865 21.805082321167 21.9128341674805 21.8422508239746 21.6437492370605 21.6975841522217 21.6393337249756 21.7287502288818 21.7138328552246 21.5179176330566 21.2978324890137 21.3717498779297 21.3955001831055 21.3756675720215 21.3470840454102 21.2703342437744 21.2424163818359 21.323917388916 21.0440006256104 21.1177501678467 21.369083404541 21.3770008087158 21.3905830383301 21.2780838012695 21.2993335723877 21.547082901001 21.4844169616699 21.7129993438721 21.7290840148926 22.0181674957275 22.1961669921875 22.0690841674805 21.9903335571289 21.992166519165 22.2199993133545 22.0132503509521 21.9788341522217 22.0547504425049 22.0924167633057 22.1478328704834 22.160083770752
22.0829162597656 21.9494171142578 21.9918327331543 22.0048332214355 21.9612503051758 21.9436664581299 21.9407501220703 21.8840007781982 21.8147506713867 21.8109169006348 21.8600826263428 21.9534168243408 21.9594993591309 21.9615840911865 21.9763336181641 21.957332611084 21.7261657714844 21.7349166870117 21.6951675415039 21.7534160614014 21.5122509002686 21.5230827331543 21.5380840301514 21.470666885376 21.3614158630371 21.4541664123535 21.4095840454102 21.3003330230713 21.1822490692139 21.2877502441406 21.1425838470459 21.4042491912842 21.5402507781982 21.421667098999 21.2622509002686 21.1870822906494 21.4542503356934 21.7670001983643 21.8768329620361 21.8808326721191 22.0195007324219 22.0002498626709 22.1533336639404 22.2685832977295 22.1764163970947 22.1119174957275 22.248083114624 22.2699165344238 22.1177501678467 22.1755828857422 22.0662498474121 22.1527500152588 22.2334995269775
21.9044170379639 21.9866676330566 22.0141658782959 22.0639171600342 22.0719165802002 22.0181674957275 21.9868335723877 21.9479999542236 21.8811664581299 21.8735008239746 21.8649158477783 21.9199180603027 21.8885841369629 21.8129177093506 21.6927509307861 21.7952499389648 21.8599166870117 21.8106670379639 21.7703342437744 21.577917098999 21.3463325500488 21.5188331604004 21.513500213623 21.363000869751 21.3714160919189 21.1776676177979 21.1798324584961 21.1758327484131 21.2649993896484 21.1837501525879 21.2573337554932 21.4511661529541 21.4874172210693 21.3561668395996 21.3946666717529 21.2700004577637 21.2964172363281 21.5852508544922 21.8719997406006 22.1784992218018 22.1454162597656 22.169584274292 22.1424999237061 22.3187503814697 22.3040008544922 22.2666664123535 22.319917678833 22.3603343963623 22.175500869751 22.2356662750244 22.0900840759277 22.2070827484131 22.2479991912842
-3.4e+38 21.8959999084473 22.0396671295166 22.1389999389648 22.1451663970947 22.0735836029053 22.0322494506836 21.9570827484131 21.9074172973633 21.8522510528564 21.7370834350586 21.6970825195312 21.7145004272461 21.780834197998 21.7744998931885 21.863582611084 21.8047504425049 21.818416595459 21.7445011138916 21.4934997558594 21.35325050354 21.5115833282471 21.3682498931885 21.0677490234375 21.2783336639404 21.1810836791992 21.220832824707 21.330415725708 21.2221660614014 21.2517490386963 21.4304161071777 21.5869998931885 21.6006660461426 21.4999160766602 21.4220008850098 21.3087501525879 21.4864158630371 21.6067504882812 21.8813323974609 21.9229164123535 22.0981674194336 22.3288326263428 22.3624172210693 22.4373340606689 22.4134159088135 22.2550830841064 22.1877498626709 22.3369159698486 22.2818336486816 22.2777500152588 22.1749172210693 22.2140007019043 22.2515830993652
-3.4e+38 21.8567504882812 21.9806671142578 22.1290836334229 22.1774997711182 22.0760841369629 22.0323333740234 21.9459991455078 21.8890838623047 21.9029159545898 21.7403335571289 21.5680828094482 21.6875839233398 21.7549991607666 21.7962493896484 21.706916809082 21.6887493133545 21.6521663665771 21.5723323822021 21.3922500610352 21.3159160614014 21.2620010375977 21.1739158630371 21.2549171447754 21.39674949646 21.4993343353271 21.4645004272461 21.3098335266113 21.4313335418701 21.541166305542 21.4561672210693 21.4000835418701 21.3870830535889 21.5048332214355 21.5311660766602 21.4463329315186 21.549165725708 21.7315826416016 21.7272491455078 21.7607498168945 21.9346656799316 21.9454174041748 22.1949157714844 22.2994995117188 22.1963329315186 22.3196659088135 22.2931671142578 22.2041664123535 22.281665802002 22.3870830535889 22.2712497711182 22.2143325805664 22.3117504119873
-3.4e+38 21.8101673126221 21.9137496948242 22.007833480835 22.0418338775635 21.9827499389648 21.9519996643066 21.8565006256104 21.6100845336914 21.5589160919189 21.4891662597656 21.4697494506836 21.6266670227051 21.7296676635742 21.7725830078125 21.6559162139893 21.5851669311523 21.5080833435059 21.441915512085 21.3875827789307 21.1564998626709 21.1179161071777 21.2425003051758 21.4352493286133 21.3704166412354 21.4559173583984 21.2784156799316 21.3932495117188 21.4688339233398 21.3423328399658 21.457332611084 21.5334167480469 21.6534996032715 21.6765842437744 21.5096664428711 21.5693340301514 21.7819995880127 21.6886672973633 21.9099998474121 21.9789161682129 22.0720825195312 22.1440830230713 22.0993347167969 22.1379165649414 22.1346664428711 22.2572498321533 22.3586673736572 22.3834171295166 22.3160839080811 22.3715839385986 22.363582611084 22.3694171905518 22.3749160766602
-3.4e+38 21.4016666412354 21.6090831756592 21.7920837402344 21.8041667938232 21.6979160308838 21.5017509460449 21.4834175109863 21.2342510223389 21.191333770752 21.1520824432373 21.2875003814697 21.5364990234375 21.7096672058105 21.6585006713867 21.5477504730225 21.5440826416016 21.4942493438721 21.4798336029053 21.4164161682129 21.2665824890137 21.1754989624023 21.3506660461426 21.4600830078125 21.4428329467773 21.3056659698486 21.4354991912842 21.3855838775635 21.3642501831055 21.3815822601318 21.5279998779297 21.6393337249756 21.6823329925537 21.6852493286133 21.5895824432373 21.5694160461426 21.8158340454102 21.9667510986328 21.9124164581299 22.1321659088135 22.1733341217041 22.2625007629395 22.328332901001 22.2534999847412 22.2670001983643 22.2719173431396 22.2980842590332 22.3912506103516 22.570333480835 22.6366672515869 22.5398330688477 22.5219173431396 22.4933338165283
-3.4e+38 21.3731670379639 21.3505840301514 21.4479160308838 21.5266666412354 21.5566673278809 21.5619163513184 21.5569171905518 21.3771667480469 21.2807502746582 21.222583770752 21.3208332061768 21.5671672821045 21.5915832519531 21.4829158782959 21.5402507781982 21.6419162750244 21.6013336181641 21.5169162750244 21.4623336791992 21.2569160461426 21.3404998779297 21.2532501220703 21.5917491912842 21.6139163970947 21.6030826568604 21.4701671600342 21.4942493438721 21.4918327331543 21.3101673126221 21.4586658477783 21.5366668701172 21.7169170379639 21.5137500762939 21.5345840454102 21.5634174346924 21.6402492523193 21.9424991607666 22.128833770752 22.1122493743896 22.1401672363281 22.1766662597656 22.2959175109863 22.4341659545898 22.4010009765625 22.2492504119873 22.3147506713867 22.3884162902832 22.5013332366943 22.6145839691162 22.6692504882812 22.5593338012695 22.5709171295166
-3.4e+38 -3.4e+38 21.3559169769287 21.4133338928223 21.4482498168945 21.4242496490479 21.513500213623 21.5161666870117 21.5394172668457 21.3436660766602 21.2564163208008 21.0490837097168 21.3607501983643 21.4770832061768 21.5302505493164 21.5694999694824 21.6336669921875 21.5598335266113 21.5314159393311 21.4952507019043 21.3187503814697 21.5160827636719 21.5860004425049 21.8380832672119 21.7012500762939 21.5559997558594 21.6339168548584 21.482084274292 21.2798328399658 21.1884994506836 21.4008331298828 21.513334274292 21.7554168701172 21.5647506713867 21.7066669464111 21.7445831298828 21.7408332824707 21.8246669769287 21.9495830535889 22.1612510681152 22.1104164123535 22.095832824707 22.1955833435059 22.3334159851074 22.3648338317871 22.4428329467773 22.4551677703857 22.4000835418701 22.3735828399658 22.4994163513184 22.6752510070801 22.7071666717529 22.6439990997314
-3.4e+38 -3.4e+38 21.4148330688477 21.4172496795654 21.4350833892822 21.392333984375 21.2486667633057 21.4585838317871 21.4060840606689 21.2544994354248 21.1933326721191 21.2782497406006 21.4532489776611 21.4950008392334 21.5488338470459 21.5441665649414 21.5520839691162 21.3185005187988 21.3894996643066 21.5685005187988 21.2654991149902 21.6485004425049 21.7882499694824 21.6591663360596 21.5609169006348 21.5890007019043 21.5300006866455 21.3875007629395 21.35325050354 21.4238338470459 21.4109992980957 21.68141746521 21.9009170532227 21.8689994812012 21.8043327331543 21.8573341369629 21.9570007324219 21.9132499694824 22.0120010375977 22.132833480835 22.2619171142578 22.1057510375977 22.2950839996338 22.3956661224365 22.4120826721191 22.4279174804688 22.4167499542236 22.4870834350586 22.4179992675781 22.5167503356934 22.7012500762939 22.7588329315186 22.6693325042725
-3.4e+38 -3.4e+38 21.4734992980957 21.3324165344238 21.2880821228027 21.3114166259766 21.2252502441406 21.3112506866455 21.1577491760254 21.1561660766602 21.3059158325195 21.3739166259766 21.3999176025391 21.4502506256104 21.4373340606689 21.3430004119873 21.1491661071777 21.263916015625 21.4450836181641 21.5522499084473 21.7169170379639 21.8053340911865 21.6410827636719 21.4021663665771 21.3365001678467 21.2981662750244 21.3111667633057 21.3239994049072 21.429666519165 21.6255836486816 21.5354995727539 21.6464157104492 21.8831672668457 21.9985828399658 21.8070831298828 22.1245002746582 22.2640838623047 22.0959167480469 22.0728340148926 22.310583114624 22.3718338012695 22.2299995422363 22.283166885376 22.3396663665771 22.3765830993652 22.3567504882812 22.4097499847412 22.5780830383301 22.4418334960938 22.5074157714844 22.6965007781982 22.8640842437744 22.6219997406006
-3.4e+38 -3.4e+38 21.4571666717529 21.4294166564941 21.2828330993652 21.0880832672119 21.0954170227051 21.1487503051758 21.1959171295166 21.394416809082 21.4740829467773 21.1319999694824 21.2015838623047 21.3404998779297 21.3043327331543 21.2266674041748 21.3234157562256 21.6097507476807 21.5341663360596 21.9289989471436 21.9072494506836 21.7122497558594 21.6519165039062 21.4402503967285 21.3150005340576 21.4443340301514 21.5951671600342 21.6669158935547 21.7544174194336 21.7660827636719 21.7511672973633 21.8379993438721 21.8590831756592 22.1401672363281 22.1884994506836 22.2332496643066 22.4170837402344 22.2053337097168 22.2205009460449 22.3500003814697 22.4099998474121 22.2364177703857 22.3829174041748 22.3452491760254 22.3990001678467 22.4701671600342 22.4814167022705 22.46875 22.6848335266113 22.6156673431396 22.660083770752 22.8034172058105 22.4956665039062
-3.4e+38 -3.4e+38 21.3554992675781 20.878833770752 21.0275840759277 21.0837497711182 21.1200828552246 21.2325839996338 21.4146671295166 21.5655002593994 21.5769157409668 21.431999206543 21.4448337554932 21.5550003051758 21.562915802002 21.5070838928223 21.7797508239746 21.7593326568604 22.0563335418701 22.0181674957275 21.9344158172607 21.7929172515869 21.6203327178955 21.3425006866455 21.3825836181641 21.6859169006348 21.6763324737549 21.8446655273438 21.8955001831055 21.9699172973633 21.998083114624 21.9349994659424 22.0145835876465 21.933666229248 22.0804996490479 22.3813343048096 22.4850006103516 22.3966674804688 22.3574161529541 22.4536666870117 22.3723335266113 22.2080001831055 22.3263339996338 22.4539165496826 22.4444999694824 22.4020824432373 22.4810009002686 22.6669998168945 22.6959171295166 22.7469177246094 22.6184997558594 22.7240829467773 22.5594158172607
-3.4e+38 -3.4e+38 -3.4e+38 21.0715007781982 21.2485828399658 21.2909164428711 21.3331661224365 21.5206661224365 21.5800838470459 21.6081657409668 21.4019165039062 21.3589172363281 21.2609157562256 21.2474155426025 21.5670833587646 21.9468326568604 22.1340827941895 22.0003337860107 21.8285007476807 21.9192504882812 21.781665802002 21.6224155426025 21.4113330841064 21.3482494354248 21.5040836334229 21.521333694458 21.6710834503174 21.7841663360596 21.730749130249 21.9330005645752 22.0327491760254 22.1749172210693 22.0952491760254 22.1124172210693 22.1757507324219 22.3038330078125 22.6116676330566 22.4910831451416 22.3754997253418 22.5598335266113 22.3675003051758 22.396333694458 22.2943325042725 22.4002494812012 22.5387496948242 22.6151657104492 22.5852508544922 22.5637493133545 22.56858253479 22.6645011901855 22.5219993591309 22.5919990539551 22.4871673583984
