PastLayers/tmax.asc
NCOLS 292 
NROWS 291 
XLLCORNER -87.6458333327872 
YLLCORNER 24.4791666666667 
CELLSIZE 0.0416666666669039 
NODATA_value -3.4e+38 
[rows 120 to 143 of 291, columns 53 to 105 of 292]
-3.4e+38 -3.4e+38 -3.4e+38 -3.4e+38 -3.4e+38 -3.4e+38 -3.4e+38 -3.4e+38 -3.4e+38 25.043083190918 24.9682502746582 24.8680000305176 24.8379173278809 24.8011665344238 24.7495002746582 24.7525005340576 24.7479991912842 24.7094173431396 24.6744174957275 24.6381664276123 24.6929168701172 24.6472492218018 24.7784156799316 24.8889999389648 24.9074172973633 25.00608253479 25.095251083374 25.1694164276123 25.2531661987305 25.2950000762939 25.3490829467773 25.3394165039062 25.2569999694824 25.1011657714844 24.9825000762939 24.922082901001 24.8612499237061 24.7072505950928 24.5766658782959 24.535249710083 24.5503330230713 24.6646671295166 24.7781658172607 24.7525005340576 24.6875 24.7352504730225 24.8495006561279 24.9318332672119 25.0686664581299 25.0098342895508 25.0583324432373 25.0465831756592 25.1063346862793
-3.4e+38 -3.4e+38 -3.4e+38 -3.4e+38 -3.4e+38 -3.4e+38 -3.4e+38 -3.4e+38 -3.4e+38 25.0044174194336 24.9277496337891 24.8824996948242 24.8738327026367 24.8758335113525 24.9109172821045 24.8315010070801 24.7789993286133 24.7486667633057 24.7172508239746 24.6498336791992 24.6800842285156 24.6823329925537 24.7737503051758 24.9049987792969 24.9815826416016 25.0334167480469 25.1375827789307 25.2388324737549 25.2975826263428 25.327917098999 25.4075832366943 25.3876667022705 25.279167175293 25.0692501068115 25.0260009765625 24.982250213623 24.8546676635742 24.652250289917 24.6643333435059 24.6477508544922 24.6287498474121 24.7471675872803 24.7922496795654 24.8643341064453 24.7394161224365 24.6849174499512 24.7824172973633 24.9440841674805 25.0241661071777 25.0880832672119 25.0814170837402 25.1573333740234 25.1925830841064
-3.4e+38 -3.4e+38 -3.4e+38 -3.4e+38 -3.4e+38 -3.4e+38 -3.4e+38 -3.4e+38 -3.4e+38 24.9823341369629 24.9458332061768 24.9827499389648 24.99391746521 24.9883327484131 25.035083770752 24.9728336334229 24.8960838317871 24.8110008239746 24.7399158477783 24.7309169769287 24.7290840148926 24.7433338165283 24.8375835418701 24.9387493133545 25.03125 25.0792503356934 25.1348342895508 25.2518329620361 25.2756671905518 25.3290843963623 25.3581657409668 25.3209991455078 25.2199993133545 25.0912494659424 24.9756660461426 24.9260005950928 24.8559169769287 24.6885833740234 24.7330837249756 24.7768325805664 24.6781673431396 24.8129997253418 24.833833694458 24.7978324890137 24.8316669464111 24.6858329772949 24.6438331604004 24.7644157409668 24.988582611084 25.1486663818359 25.19358253479 25.2689170837402 25.3068332672119
-3.4e+38 -3.4e+38 -3.4e+38 -3.4e+38 -3.4e+38 -3.4e+38 -3.4e+38 -3.4e+38 -3.4e+38 24.9790000915527 24.9568328857422 25.02174949646 25.0756664276123 25.0722503662109 25.1067504882812 25.0976657867432 24.9925842285156 24.8588333129883 24.7771663665771 24.7474994659424 24.7884998321533 24.8703327178955 24.9426670074463 25.0143337249756 25.085750579834 25.0990829467773 25.1202507019043 25.1820831298828 25.2521667480469 25.30299949646 25.331916809082 25.2941665649414 25.204833984375 25.0540008544922 25.0231666564941 24.8985004425049 24.6863327026367 24.7417507171631 24.8107509613037 24.8524169921875 24.7950839996338 24.7597503662109 24.882833480835 24.8256664276123 24.847583770752 24.767749786377 24.7198333740234 24.8476657867432 24.9393329620361 25.0495834350586 25.1862487792969 25.3209171295166 25.4226665496826
-3.4e+38 -3.4e+38 -3.4e+38 -3.4e+38 -3.4e+38 -3.4e+38 -3.4e+38 -3.4e+38 -3.4e+38 25.0205001831055 25.0083332061768 25.0860824584961 25.1377506256104 25.2474174499512 25.2000007629395 25.205249786377 25.121166229248 24.9512500762939 24.9055824279785 24.8847503662109 24.9385833740234 24.9810829162598 25.0149993896484 25.0960826873779 25.1410827636719 25.1787490844727 25.1932506561279 25.2155838012695 25.2215003967285 25.2845001220703 25.3174171447754 25.2530002593994 25.1314163208008 25.0670833587646 24.8858337402344 24.7525005340576 24.7759990692139 24.7585830688477 24.9055004119873 24.9018325805664 24.9045829772949 24.855749130249 24.9361667633057 24.8797492980957 24.8519992828369 24.8999176025391 24.8271675109863 24.9558334350586 25.039249420166 25.1295833587646 25.2525005340576 25.3389987945557 25.5368347167969
-3.4e+38 -3.4e+38 -3.4e+38 -3.4e+38 -3.4e+38 -3.4e+38 -3.4e+38 -3.4e+38 25.1340827941895 25.0509166717529 25.0634994506836 25.0909996032715 25.2810840606689 25.2971668243408 25.2666664123535 25.2362499237061 25.1901664733887 25.0264987945557 24.9747505187988 25.0260009765625 25.0719165802002 25.0880832672119 25.1079998016357 25.1679172515869 25.1844997406006 25.238166809082 25.2856674194336 25.2886657714844 25.2430000305176 25.2450008392334 25.2595825195312 25.2319164276123 25.165584564209 25.0691661834717 24.9357509613037 24.8244171142578 24.8692493438721 24.9021663665771 24.9500007629395 25.0629997253418 25.0499172210693 24.9839172363281 24.9897499084473 24.9760837554932 24.8704166412354 24.9800834655762 24.9627494812012 25.0340003967285 25.1485843658447 25.2313327789307 25.402416229248 25.5130004882812 25.6407508850098
-3.4e+38 -3.4e+38 -3.4e+38 -3.4e+38 -3.4e+38 -3.4e+38 -3.4e+38 -3.4e+38 25.2185840606689 25.1724166870117 25.1801662445068 25.1807498931885 25.2485828399658 25.3176670074463 25.3400840759277 25.2647495269775 25.2024154663086 25.0431671142578 25.0072498321533 25.0330829620361 25.0840835571289 25.138334274292 25.1865825653076 25.1534175872803 25.1692504882812 25.2374172210693 25.3597507476807 25.3409175872803 25.2590827941895 25.2374172210693 25.230583190918 25.2466659545898 25.2250823974609 25.2211666107178 25.1361656188965 25.0360832214355 25.0313339233398 25.113582611084 25.0814170837402 25.1199169158936 25.2030830383301 25.2124156951904 25.1480007171631 25.0860004425049 24.9821662902832 25.0562496185303 25.1137504577637 25.1334991455078 25.2211666107178 25.3603324890137 25.5152492523193 25.6670837402344 25.7276668548584
-3.4e+38 -3.4e+38 -3.4e+38 -3.4e+38 -3.4e+38 -3.4e+38 -3.4e+38 -3.4e+38 25.2344169616699 25.1897506713867 25.1493339538574 25.1618328094482 25.2179164886475 25.2938327789307 25.3043327331543 25.2773342132568 25.2275829315186 25.0809173583984 25.0400009155273 25.0801658630371 25.0254173278809 25.0657501220703 25.1257495880127 25.0461654663086 25.0617504119873 25.1793327331543 25.3391666412354 25.3523330688477 25.2875003814697 25.2496662139893 25.2064170837402 25.2223339080811 25.2719173431396 25.2848339080811 25.2579174041748 25.2523326873779 25.2585830688477 25.2882499694824 25.2928333282471 25.322582244873 25.3061656951904 25.2508335113525 25.2679176330566 25.21875 25.2055835723877 25.2105007171631 25.2505836486816 25.1939163208008 25.3334999084473 25.453332901001 25.5907497406006 25.6897506713867 25.7224159240723
-3.4e+38 -3.4e+38 -3.4e+38 -3.4e+38 -3.4e+38 -3.4e+38 -3.4e+38 -3.4e+38 25.2857494354248 25.2720832824707 25.2574996948242 25.1820831298828 25.2451667785645 25.2609996795654 25.2609996795654 25.2512493133545 25.2175846099854 25.1132507324219 25.0314998626709 25.0481662750244 25.0571670532227 25.0044994354248 24.9964160919189 25.0193328857422 24.9877490997314 25.1193332672119 25.263500213623 25.3253326416016 25.3684158325195 25.2746677398682 25.1879997253418 25.212833404541 25.2853336334229 25.2715835571289 25.2915840148926 25.3586673736572 25.4184169769287 25.4574165344238 25.5000839233398 25.5243339538574 25.4685840606689 25.3853321075439 25.3055839538574 25.3306674957275 25.3643341064453 25.3612499237061 25.3687496185303 25.3142509460449 25.3872509002686 25.52516746521 25.6294174194336 25.6772499084473 25.693000793457
-3.4e+38 -3.4e+38 -3.4e+38 -3.4e+38 -3.4e+38 -3.4e+38 -3.4e+38 -3.4e+38 25.2994995117188 25.3160839080811 25.3000831604004 25.2693328857422 25.2371673583984 25.2679996490479 25.2638339996338 25.22483253479 25.257417678833 25.1550827026367 25.1025829315186 25.0679168701172 25.0065841674805 24.9481678009033 24.9825000762939 24.9887504577637 25.0191669464111 25.0564994812012 25.1587505340576 25.2378330230713 25.320333480835 25.2553329467773 25.1946659088135 25.1841659545898 25.1946659088135 25.2563343048096 25.3159999847412 25.3994159698486 25.4712505340576 25.5763339996338 25.6945838928223 25.7654991149902 25.6772499084473 25.5041675567627 25.4410839080811 25.3824157714844 25.34983253479 25.3892498016357 25.3527488708496 25.3391666412354 25.38108253479 25.45924949646 25.560583114624 25.6241664886475 25.6831665039062
-3.4e+38 -3.4e+38 -3.4e+38 -3.4e+38 -3.4e+38 -3.4e+38 -3.4e+38 -3.4e+38 25.3915004730225 25.3853340148926 25.3941669464111 25.3657493591309 25.3430824279785 25.3502502441406 25.3166656494141 25.3079166412354 25.2540836334229 25.2178325653076 25.1560001373291 25.1040840148926 25.0915832519531 25.002082824707 24.9701671600342 25.0067501068115 24.9907493591309 25.0054168701172 25.1101665496826 25.1707496643066 25.1990833282471 25.1791667938232 25.1037502288818 25.1035842895508 25.1315841674805 25.2340831756592 25.2781658172607 25.4194164276123 25.4667491912842 25.593334197998 25.7474994659424 25.8039169311523 25.7434158325195 25.6099166870117 25.5159168243408 25.4470825195312 25.4095840454102 25.3970012664795 25.3506660461426 25.353084564209 25.3783340454102 25.4130001068115 25.4747505187988 25.5573329925537 25.5839996337891
-3.4e+38 -3.4e+38 -3.4e+38 -3.4e+38 -3.4e+38 -3.4e+38 -3.4e+38 -3.4e+38 -3.4e+38 25.5667495727539 25.5709171295166 25.5150833129883 25.5023326873779 25.4903335571289 25.365083694458 25.3408336639404 25.2574157714844 25.2515830993652 25.1925830841064 25.1729164123535 25.1700820922852 25.0873336791992 25.0637493133545 25.0076675415039 25.0165004730225 25.0405006408691 25.1029167175293 25.1377506256104 25.0840835571289 25.0417499542236 25.0058326721191 25.027250289917 25.066499710083 25.144832611084 25.203332901001 25.3355827331543 25.4182510375977 25.5300827026367 25.6475830078125 25.6539173126221 25.6512508392334 25.5694160461426 25.4842491149902 25.43141746521 25.4137496948242 25.3957500457764 25.3853340148926 25.3899154663086 25.4199161529541 25.4694995880127 25.486083984375 25.5235824584961 25.5191669464111
-3.4e+38 -3.4e+38 -3.4e+38 -3.4e+38 -3.4e+38 -3.4e+38 -3.4e+38 -3.4e+38 -3.4e+38 -3.4e+38 25.6849994659424 25.6264171600342 25.62158203125 25.5877494812012 25.4824180603027 25.3726673126221 25.3273334503174 25.3062496185303 25.2987499237061 25.2737503051758 25.2162494659424 25.1718330383301 25.1457500457764 25.0927505493164 25.1008338928223 25.1295833587646 25.105583190918 25.0640830993652 25.0427494049072 24.9050827026367 24.9314155578613 24.9785842895508 25.0134162902832 25.070499420166 25.1281661987305 25.2458324432373 25.3351669311523 25.4328327178955 25.5307502746582 25.5229167938232 25.5406665802002 25.5155830383301 25.484748840332 25.4221668243408 25.3802490234375 25.3600006103516 25.4064159393311 25.4014167785645 25.3871669769287 25.4265003204346 25.4297504425049 25.4850006103516 25.4677505493164
-3.4e+38 -3.4e+38 -3.4e+38 -3.4e+38 -3.4e+38 -3.4e+38 -3.4e+38 -3.4e+38 -3.4e+38 -3.4e+38 25.7723331451416 25.6278324127197 25.5954170227051 25.5162506103516 25.4762496948242 25.4693336486816 25.4365825653076 25.4227504730225 25.4055004119873 25.3728332519531 25.3152503967285 25.250415802002 25.2090835571289 25.1912498474121 25.2009162902832 25.1685829162598 25.1151676177979 25.0295829772949 24.8843326568604 24.8235836029053 24.8717498779297 24.9324169158936 24.9562492370605 25.0235004425049 25.0614166259766 25.124584197998 25.1603336334229 25.2854995727539 25.3553333282471 25.3715839385986 25.3822498321533 25.4026660919189 25.3860836029053 25.3635845184326 25.337833404541 25.3079166412354 25.3621673583984 25.3549175262451 25.3695831298828 25.3798332214355 25.3787498474121 25.3950004577637 25.3505821228027
-3.4e+38 -3.4e+38 -3.4e+38 -3.4e+38 25.4020004272461 25.4074993133545 25.4178333282471 25.4231662750244 25.5102500915527 25.5929164886475 25.7210826873779 25.5969161987305 25.5389175415039 25.5073337554932 25.4741668701172 25.4997501373291 25.4990825653076 25.4221668243408 25.3872509002686 25.3584156036377 25.3197498321533 25.3358325958252 25.2499160766602 25.2406673431396 25.2008323669434 25.1065006256104 24.9580841064453 24.7790832519531 24.7611656188965 24.7795829772949 24.824499130249 24.8741664886475 24.8702507019043 24.9392509460449 24.9503326416016 25.0031661987305 25.0746669769287 25.1396656036377 25.2190837860107 25.2762508392334 25.3037490844727 25.3001670837402 25.3344173431396 25.3177490234375 25.3014163970947 25.3003330230713 25.3519992828369 25.3362503051758 25.3407497406006 25.374584197998 25.333833694458 25.2810001373291 25.2644996643066
25.2828330993652 25.3480834960938 25.3940010070801 25.435998916626 25.4704170227051 25.4621658325195 25.4473323822021 25.4366664886475 25.4679164886475 25.5444164276123 25.6630001068115 25.601749420166 25.5116653442383 25.5017509460449 25.5024166107178 25.4773330688477 25.4824161529541 25.4096660614014 25.3460006713867 25.3248329162598 25.3330001831055 25.3296661376953 25.2614154815674 25.2492504119873 25.1560001373291 25.0062503814697 24.7705001831055 24.7602500915527 24.7607498168945 24.7395000457764 24.7829170227051 24.7994174957275 24.8497505187988 24.8534164428711 24.8705825805664 24.9065837860107 24.9857501983643 25.0273323059082 25.0989170074463 25.1502494812012 25.1850833892822 25.2539176940918 25.2905826568604 25.2786655426025 25.3166656494141 25.3274173736572 25.3167495727539 25.2912502288818 25.3402500152588 25.3688335418701 25.3041667938232 25.2549171447754 25.2452507019043
25.2692489624023 25.372917175293 25.4530830383301 25.5259170532227 25.5514163970947 25.5052490234375 25.5034999847412 25.4891662597656 25.4682502746582 25.4978332519531 25.5503330230713 25.6146659851074 25.4754161834717 25.4261665344238 25.4266662597656 25.3900833129883 25.4284992218018 25.3625011444092 25.3250827789307 25.3041667938232 25.3421669006348 25.3059997558594 25.2674160003662 25.1688327789307 24.9405841827393 24.738166809082 24.7644996643066 24.7700004577637 24.7254161834717 24.6975002288818 24.698917388916 24.734748840332 24.8192501068115 24.8094997406006 24.8365001678467 24.7574996948242 24.796501159668 24.9320831298828 25.0045833587646 25.0655002593994 25.1465835571289 25.2620830535889 25.2600002288818 25.3127498626709 25.322416305542 25.3724174499512 25.3640003204346 25.3464164733887 25.3567504882812 25.3981666564941 25.3875007629395 25.3391666412354 25.3182487487793
25.3121662139893 25.4111671447754 25.5228328704834 25.5922508239746 25.6458339691162 25.6198329925537 25.6025829315186 25.5154991149902 25.5026664733887 25.4839172363281 25.472583770752 25.4899997711182 25.3814163208008 25.3405838012695 25.2859992980957 25.2409992218018 25.2742500305176 25.2590007781982 25.2547492980957 25.326416015625 25.2423324584961 25.2450828552246 25.0704154968262 24.8522491455078 24.7610836029053 24.7200832366943 24.6949996948242 24.7946662902832 24.7635841369629 24.7238330841064 24.7317504882812 24.7445831298828 24.7583332061768 24.7665843963623 24.6160831451416 24.5974159240723 24.6099166870117 24.7855834960938 24.9154167175293 25.0091667175293 25.1061668395996 25.2237491607666 25.293249130249 25.3384170532227 25.4175834655762 25.3943328857422 25.4036674499512 25.4093341827393 25.3980827331543 25.4352493286133 25.4688339233398 25.3847503662109 25.3621654510498
25.3254165649414 25.4011669158936 25.5129165649414 25.6275825500488 25.7135829925537 25.7086658477783 25.6453342437744 25.5830001831055 25.5357494354248 25.4750003814697 25.4225826263428 25.3585834503174 25.2880840301514 25.2537498474121 25.1833343505859 25.1687507629395 25.1648330688477 25.1940841674805 25.2308330535889 25.2050838470459 25.1011657714844 24.939582824707 24.7754993438721 24.7868328094482 24.7994995117188 24.6964168548584 24.7251663208008 24.8168334960938 24.8521671295166 24.8421669006348 24.7754993438721 24.826000213623 24.7748336791992 24.6298332214355 24.4149169921875 24.3779163360596 24.577751159668 24.7660007476807 24.8697509765625 25.0111675262451 25.082332611084 25.1832504272461 25.2684993743896 25.3949165344238 25.5215835571289 25.519832611084 25.4664173126221 25.4475002288818 25.4643325805664 25.4419994354248 25.3933334350586 25.390417098999 25.3735828399658
25.295166015625 25.3860836029053 25.4507503509521 25.5945835113525 25.7195835113525 25.7478332519531 25.6136665344238 25.6124172210693 25.5575828552246 25.4759998321533 25.4042510986328 25.263500213623 25.1496658325195 25.105167388916 25.0511665344238 25.0638332366943 25.1187496185303 25.1282501220703 25.0577507019043 24.7764167785645 24.6973342895508 24.7427501678467 24.7835826873779 24.851749420166 24.7134170532227 24.7462501525879 24.7664165496826 24.863582611084 24.8959999084473 24.8998336791992 24.9566669464111 24.8380012512207 24.6712493896484 24.4800834655762 24.3843326568604 24.3646659851074 24.5738334655762 24.7959995269775 24.8408336639404 24.9700012207031 25.0749168395996 25.1922492980957 25.3229160308838 25.4605827331543 25.5928325653076 25.626916885376 25.5314998626709 25.4627494812012 25.4167499542236 25.3519172668457 25.3349170684814 25.3385829925537 25.4092502593994
25.2740001678467 25.3751659393311 25.5686664581299 25.6724166870117 25.7493343353271 25.8169174194336 25.6273326873779 25.5584163665771 25.4909172058105 25.380916595459 25.2998332977295 25.1620826721191 25.1204166412354 25.0680828094482 24.8892498016357 24.8062496185303 24.6916675567627 24.6378326416016 24.6178340911865 24.6009178161621 24.750415802002 24.7259159088135 24.8420009613037 24.8739166259766 24.7980003356934 24.8705005645752 24.841667175293 24.8073329925537 24.941333770752 25.0298328399658 24.8570823669434 24.7501659393311 24.6005840301514 24.6521663665771 24.5622501373291 24.59375 24.6757507324219 24.7549171447754 24.8514995574951 24.951000213623 25.0593338012695 25.1456661224365 25.285083770752 25.4484996795654 25.5698337554932 25.5608329772949 25.4894161224365 25.4433326721191 25.3662490844727 25.306999206543 25.2959175109863 25.3385009765625 25.3924999237061
25.2650833129883 25.3864994049072 25.5335006713867 25.6754989624023 25.7199172973633 25.7446670532227 25.6391658782959 25.5450839996338 25.4527492523193 25.3018341064453 25.1937503814697 24.9874172210693 25.0344161987305 24.9682502746582 24.7825832366943 24.5770835876465 24.4825000762939 24.4929161071777 24.4283332824707 24.4856662750244 24.6545829772949 24.7600841522217 24.7875823974609 24.919750213623 24.8901672363281 24.7964992523193 24.8134994506836 24.9870834350586 25.0249176025391 24.829833984375 24.7744998931885 24.7460842132568 24.6937503814697 24.6717491149902 24.6665840148926 24.7794170379639 24.8524169921875 24.8484172821045 24.9500007629395 24.9286670684814 25.0370006561279 25.128999710083 25.2241668701172 25.3400840759277 25.4239177703857 25.4047508239746 25.3594169616699 25.3953342437744 25.3698329925537 25.3254165649414 25.3385829925537 25.2987499237061 25.3799991607666
25.2534160614014 25.3202495574951 25.3912506103516 25.4849166870117 25.52174949646 25.6417503356934 25.6054172515869 25.5171661376953 25.3401660919189 25.1973323822021 25.1148338317871 25.0270004272461 24.9850006103516 24.9326667785645 24.6864166259766 24.5705833435059 24.3947486877441 24.1924991607666 24.2671661376953 24.433666229248 24.6840000152588 24.8686676025391 24.7943344116211 24.9616661071777 24.7770824432373 24.7891654968262 24.9326667785645 24.9936656951904 24.8168334960938 24.8936653137207 24.9402503967285 24.833833694458 24.8309173583984 24.8580837249756 24.7787494659424 24.7690010070801 24.8206672668457 24.9066677093506 24.8816661834717 24.9772510528564 25.0033340454102 25.0965003967285 25.1517505645752 25.2699165344238 25.3648338317871 25.3360004425049 25.2957496643066 25.2798328399658 25.339750289917 25.4673328399658 25.4126663208008 25.3216667175293 25.4028339385986
25.1624164581299 25.1396675109863 25.1535835266113 25.2800827026367 25.1020832061768 25.3122501373291 25.545166015625 25.3462505340576 25.1692504882812 25.1337509155273 25.0891666412354 25.0825824737549 25.0460834503174 24.8195838928223 24.6968326568604 24.4897499084473 24.3095836639404 24.2253341674805 24.3350830078125 24.6476669311523 24.7974166870117 24.7789173126221 24.9675827026367 24.9074993133545 24.7956657409668 24.8885841369629 24.9892501831055 25.0126667022705 25.0165843963623 24.9793338775635 24.9599170684814 24.8774166107178 24.8320827484131 24.8905830383301 24.8878326416016 24.802583694458 24.8545837402344 24.8579177856445 24.8609161376953 24.9490833282471 25.0791664123535 25.1323337554932 25.1806678771973 25.2923336029053 25.3544998168945 25.306999206543 25.2927494049072 25.1992492675781 25.2343330383301 25.3330001831055 25.4050006866455 25.4246673583984 25.3980827331543
