PastLayers/tmax.asc
NCOLS 292 
NROWS 291 
XLLCORNER -87.6458333327872 
YLLCORNER 24.4791666666667 
CELLSIZE 0.0416666666669039 
NODATA_value -3.4e+38 
[rows 216 to 239 of 291, columns 106 to 158 of 292]
-3.4e+38 -3.4e+38 -3.4e+38 -3.4e+38 -3.4e+38 -3.4e+38 -3.4e+38 -3.4e+38 -3.4e+38 -3.4e+38 -3.4e+38 -3.4e+38 -3.4e+38 -3.4e+38 -3.4e+38 26.6184997558594 26.9599990844727 27.0124988555908 27.0948333740234 27.1456661224365 27.1860828399658 27.2827491760254 27.3255844116211 27.3375835418701 27.3891658782959 27.4252490997314 27.4902496337891 27.5405006408691 27.5949172973633 27.6901664733887 27.7854995727539 27.8719177246094 27.9313335418701 27.9781665802002 28.00608253479 27.9659156799316 27.9479999542236 27.9930839538574 28.0641670227051 28.1289157867432 28.2025833129883 28.2474994659424 28.2145004272461 28.1405830383301 28.1064167022705 28.0540828704834 28.0125827789307 27.9554996490479 27.9500007629395 27.9326667785645 27.8983325958252 27.8633327484131 27.8389167785645
-3.4e+38 -3.4e+38 -3.4e+38 -3.4e+38 -3.4e+38 -3.4e+38 -3.4e+38 -3.4e+38 -3.4e+38 -3.4e+38 -3.4e+38 -3.4e+38 -3.4e+38 -3.4e+38 26.4257507324219 26.8013324737549 27.0445003509521 27.0966663360596 27.1594161987305 27.2068328857422 27.2367496490479 27.2934989929199 27.3239994049072 27.3565826416016 27.394416809082 27.4678325653076 27.4722499847412 27.5551662445068 27.6010837554932 27.7183322906494 27.8299999237061 27.9068336486816 27.9608345031738 27.9838333129883 28.0126667022705 27.9948329925537 27.9840831756592 27.9967498779297 28.0591659545898 28.1006660461426 28.1187496185303 28.1280822753906 28.148250579834 28.1157493591309 28.0964164733887 28.0585823059082 28.0193328857422 27.972749710083 27.9734153747559 27.9214992523193 27.8887500762939 27.8474159240723 27.8251667022705
-3.4e+38 -3.4e+38 -3.4e+38 -3.4e+38 -3.4e+38 -3.4e+38 -3.4e+38 -3.4e+38 -3.4e+38 -3.4e+38 -3.4e+38 -3.4e+38 25.6873340606689 26.1047496795654 26.6848335266113 26.97825050354 27.1489162445068 27.1772499084473 27.2001667022705 27.2709999084473 27.3262500762939 27.3404998779297 27.3829154968262 27.4173336029053 27.4549160003662 27.4888324737549 27.4930000305176 27.5633335113525 27.6575832366943 27.7619171142578 27.8727493286133 27.9300842285156 27.9954166412354 28.0357494354248 28.0675830841064 27.9899158477783 27.9858341217041 28.0239162445068 28.044750213623 28.0529174804688 28.0386657714844 28.02516746521 28.0828342437744 28.0661659240723 28.0943336486816 28.0643329620361 28.023416519165 27.986499786377 27.9597492218018 27.9151668548584 27.8920822143555 27.8487510681152 27.8108329772949
-3.4e+38 -3.4e+38 -3.4e+38 -3.4e+38 -3.4e+38 -3.4e+38 -3.4e+38 -3.4e+38 -3.4e+38 -3.4e+38 -3.4e+38 -3.4e+38 -3.4e+38 26.1410827636719 26.6830005645752 27.0995826721191 27.1956672668457 27.1337509155273 27.1169166564941 27.2490005493164 27.3255004882812 27.3791656494141 27.4346675872803 27.4938335418701 27.5284175872803 27.5315837860107 27.5914173126221 27.6464996337891 27.7196674346924 27.8251667022705 27.885082244873 27.9365005493164 28.0183334350586 28.06858253479 28.0513343811035 28.0244998931885 28.0518341064453 28.0347499847412 28.0058326721191 28.0121669769287 28.0602493286133 28.0185832977295 28.0555000305176 28.0450000762939 28.0502490997314 28.0432510375977 28.0174999237061 27.994083404541 27.9670009613037 27.9334163665771 27.8966655731201 27.8569164276123 27.8199996948242
-3.4e+38 -3.4e+38 -3.4e+38 -3.4e+38 -3.4e+38 -3.4e+38 -3.4e+38 -3.4e+38 -3.4e+38 -3.4e+38 -3.4e+38 -3.4e+38 -3.4e+38 26.0309162139893 26.427583694458 26.8080005645752 26.9447498321533 26.8764171600342 26.9976673126221 27.1868343353271 27.3075828552246 27.4076671600342 27.4166660308838 27.4827499389648 27.556583404541 27.6125831604004 27.6832504272461 27.6859169006348 27.7459163665771 27.8484992980957 27.8829174041748 27.9671669006348 28.0267505645752 28.0490837097168 28.019250869751 28.0287494659424 28.0493335723877 28.0404167175293 28.0370826721191 28.0111656188965 28.0408325195312 28.0300846099854 28.0492496490479 28.044584274292 28.0852508544922 28.0848331451416 28.0550003051758 28.0244178771973 27.9862499237061 27.9472503662109 27.9195823669434 27.890998840332 27.8442497253418
-3.4e+38 -3.4e+38 -3.4e+38 -3.4e+38 -3.4e+38 -3.4e+38 -3.4e+38 -3.4e+38 -3.4e+38 -3.4e+38 -3.4e+38 -3.4e+38 -3.4e+38 -3.4e+38 26.2485008239746 26.502082824707 26.6850833892822 26.6446666717529 26.8449172973633 27.1060829162598 27.3349990844727 27.4963340759277 27.571834564209 27.6424160003662 27.713249206543 27.7525825500488 27.7459163665771 27.7330837249756 27.7659168243408 27.8379993438721 27.9403324127197 27.974666595459 28.0169162750244 28.0328330993652 28.0298328399658 28.0324993133545 28.0190830230713 28.0218334197998 28.0319995880127 28.0307502746582 28.0632495880127 28.0560836791992 28.05299949646 28.082332611084 28.0734996795654 28.0890827178955 28.0825843811035 28.0647506713867 28.0421676635742 27.9825839996338 27.9194164276123 27.8954162597656 27.8474998474121
-3.4e+38 -3.4e+38 -3.4e+38 -3.4e+38 -3.4e+38 -3.4e+38 -3.4e+38 -3.4e+38 -3.4e+38 -3.4e+38 -3.4e+38 -3.4e+38 -3.4e+38 -3.4e+38 -3.4e+38 26.2888336181641 26.4842491149902 26.5415840148926 26.8542499542236 27.1666679382324 27.4867496490479 27.7241668701172 27.8313331604004 27.8940830230713 27.9173336029053 27.8542499542236 27.827917098999 27.7642498016357 27.791332244873 27.8723335266113 27.9640827178955 27.9896659851074 28.0030841827393 28.0300006866455 28.0044994354248 28.003999710083 28.0064163208008 28.0219993591309 28.0320835113525 28.0585842132568 28.0676670074463 28.0845832824707 28.0381660461426 28.0696678161621 28.0762500762939 28.0885009765625 28.10325050354 28.0830001831055 28.0573329925537 28.0083332061768 27.9519996643066 27.8916664123535 27.8389167785645
-3.4e+38 -3.4e+38 -3.4e+38 -3.4e+38 -3.4e+38 -3.4e+38 -3.4e+38 -3.4e+38 -3.4e+38 -3.4e+38 -3.4e+38 -3.4e+38 -3.4e+38 -3.4e+38 -3.4e+38 -3.4e+38 26.4109992980957 26.6560001373291 26.9072494506836 27.2815837860107 27.623083114624 27.8350830078125 27.9542503356934 28.0736656188965 28.0139999389648 27.8941669464111 27.826416015625 27.8024997711182 27.8347492218018 27.9091663360596 27.9769172668457 28.0128326416016 28.0383338928223 28.0477504730225 28.0497512817383 28.0428333282471 28.0631675720215 28.081916809082 28.0737495422363 28.0486660003662 28.0624160766602 28.1031665802002 28.079833984375 28.1019172668457 28.1085834503174 28.1050834655762 28.1159172058105 28.0929164886475 28.0556659698486 28.0140838623047 27.9888343811035 27.9057502746582 27.8388328552246
-3.4e+38 -3.4e+38 -3.4e+38 -3.4e+38 -3.4e+38 -3.4e+38 -3.4e+38 -3.4e+38 -3.4e+38 -3.4e+38 -3.4e+38 -3.4e+38 -3.4e+38 -3.4e+38 -3.4e+38 -3.4e+38 -3.4e+38 26.6693344116211 26.8293342590332 27.2633323669434 27.6149997711182 27.8699989318848 28.0269165039062 28.0781669616699 28.0531673431396 27.9653339385986 27.9118328094482 27.874584197998 27.8916664123535 27.9543342590332 27.9653339385986 28.027416229248 28.1155834197998 28.1100006103516 28.0928325653076 28.0971660614014 28.0920829772949 28.0795822143555 28.0661659240723 28.0464172363281 28.0810832977295 28.0986671447754 28.1125831604004 28.1165008544922 28.1323337554932 28.1185836791992 28.1307506561279 28.1280822753906 28.0871658325195 28.0282497406006 28.0008335113525 27.9337501525879 27.8539161682129
-3.4e+38 -3.4e+38 -3.4e+38 -3.4e+38 -3.4e+38 -3.4e+38 -3.4e+38 -3.4e+38 -3.4e+38 -3.4e+38 -3.4e+38 -3.4e+38 -3.4e+38 -3.4e+38 -3.4e+38 -3.4e+38 -3.4e+38 26.6012496948242 26.7864170074463 27.1377506256104 27.5421676635742 27.8441677093506 28.0065841674805 28.0855827331543 28.0500831604004 27.9562492370605 27.911750793457 27.8886661529541 27.922248840332 27.9836654663086 27.9769172668457 28.015832901001 28.1430835723877 28.1175003051758 28.1226673126221 28.1119995117188 28.1038341522217 28.0849170684814 28.0845832824707 28.0479164123535 28.092248916626 28.1136665344238 28.1605834960938 28.1390838623047 28.0954170227051 28.1050834655762 28.1410007476807 28.1498336791992 28.111499786377 28.0597496032715 28.0168323516846 27.9739170074463 27.9037494659424
-3.4e+38 -3.4e+38 -3.4e+38 -3.4e+38 -3.4e+38 -3.4e+38 -3.4e+38 -3.4e+38 -3.4e+38 -3.4e+38 -3.4e+38 -3.4e+38 -3.4e+38 -3.4e+38 -3.4e+38 -3.4e+38 -3.4e+38 -3.4e+38 26.7678337097168 26.908332824707 27.3526668548584 27.7395839691162 27.9629173278809 28.0145835876465 27.9890003204346 27.9384994506836 27.890417098999 27.8947505950928 27.9231662750244 27.9729175567627 27.9756660461426 28.0438327789307 28.1264991760254 28.1268329620361 28.1056671142578 28.1024169921875 28.1060009002686 28.0905838012695 28.0785827636719 28.083833694458 28.1334171295166 28.1597499847412 28.1779174804688 28.1798324584961 28.1433334350586 28.0986671447754 28.1317501068115 28.1546669006348 28.1054172515869 28.0571670532227 28.0349998474121 27.9839992523193 27.9330825805664
-3.4e+38 -3.4e+38 -3.4e+38 -3.4e+38 -3.4e+38 -3.4e+38 -3.4e+38 -3.4e+38 -3.4e+38 -3.4e+38 -3.4e+38 -3.4e+38 -3.4e+38 -3.4e+38 -3.4e+38 -3.4e+38 -3.4e+38 -3.4e+38 26.6253337860107 26.7522506713867 27.0936660766602 27.5223331451416 27.7819175720215 27.884916305542 27.9056663513184 27.8932495117188 27.8632488250732 27.8756656646729 27.8692493438721 27.9303321838379 28.005500793457 28.0394172668457 28.0644989013672 28.072582244873 28.0833339691162 28.1035003662109 28.1135845184326 28.0950832366943 28.0843334197998 28.0886669158936 28.1284999847412 28.1492500305176 28.1710834503174 28.1870002746582 28.1781673431396 28.1418342590332 28.1664161682129 28.128999710083 28.0830841064453 28.0494995117188 28.0203342437744 27.9726676940918 27.9360008239746
-3.4e+38 -3.4e+38 -3.4e+38 -3.4e+38 -3.4e+38 -3.4e+38 -3.4e+38 -3.4e+38 -3.4e+38 -3.4e+38 -3.4e+38 -3.4e+38 -3.4e+38 -3.4e+38 -3.4e+38 -3.4e+38 -3.4e+38 -3.4e+38 -3.4e+38 26.7174167633057 26.8324165344238 27.2974166870117 27.6067504882812 27.7663326263428 27.8060836791992 27.8327503204346 27.8546676635742 27.8246669769287 27.8451671600342 27.9546661376953 28.0218334197998 28.0527496337891 28.0699996948242 28.0850009918213 28.1146678924561 28.1194171905518 28.0815830230713 28.0835838317871 28.083667755127 28.0792503356934 28.1125831604004 28.1496658325195 28.162166595459 28.1704998016357 28.1587505340576 28.140417098999 28.1319999694824 28.0874176025391 28.0415840148926 28.0236663818359 27.9925842285156 27.9546661376953 27.9340839385986
-3.4e+38 -3.4e+38 -3.4e+38 -3.4e+38 -3.4e+38 -3.4e+38 -3.4e+38 -3.4e+38 -3.4e+38 -3.4e+38 -3.4e+38 -3.4e+38 -3.4e+38 -3.4e+38 -3.4e+38 -3.4e+38 -3.4e+38 -3.4e+38 -3.4e+38 26.5738334655762 26.6690826416016 26.9843330383301 27.4234161376953 27.6868324279785 27.798999786377 27.829833984375 27.8195838928223 27.827751159668 27.8579158782959 27.9235000610352 27.9695835113525 28.0497493743896 28.0616664886475 28.0737495422363 28.0896663665771 28.0729160308838 28.0904998779297 28.109167098999 28.1158332824707 28.1183338165283 28.1279163360596 28.1533336639404 28.1275825500488 28.1371669769287 28.1157493591309 28.1250839233398 28.0925006866455 28.0566673278809 28.0004177093506 27.9990005493164 27.964916229248 27.9291667938232 27.8937492370605
-3.4e+38 -3.4e+38 -3.4e+38 -3.4e+38 -3.4e+38 -3.4e+38 -3.4e+38 -3.4e+38 -3.4e+38 -3.4e+38 -3.4e+38 -3.4e+38 -3.4e+38 -3.4e+38 -3.4e+38 -3.4e+38 -3.4e+38 -3.4e+38 -3.4e+38 -3.4e+38 26.673583984375 26.7738342285156 27.1205825805664 27.4661674499512 27.6972503662109 27.7547492980957 27.7650833129883 27.7939167022705 27.8037490844727 27.8539161682129 27.9173336029053 27.9893341064453 28.0440826416016 28.0545845031738 28.0669994354248 28.0695838928223 28.0856666564941 28.0828323364258 28.0910835266113 28.1208343505859 28.1280002593994 28.1816673278809 28.1457500457764 28.1342506408691 28.124584197998 28.1214160919189 28.0885009765625 28.0573329925537 27.9998340606689 27.9764995574951 27.9251670837402 27.8937492370605 27.8552494049072
-3.4e+38 -3.4e+38 -3.4e+38 -3.4e+38 -3.4e+38 -3.4e+38 -3.4e+38 -3.4e+38 -3.4e+38 -3.4e+38 -3.4e+38 -3.4e+38 -3.4e+38 -3.4e+38 -3.4e+38 -3.4e+38 -3.4e+38 -3.4e+38 -3.4e+38 -3.4e+38 26.4065837860107 26.7590007781982 26.9484996795654 27.2200012207031 27.4583339691162 27.5087509155273 27.5013332366943 27.5929164886475 27.6599998474121 27.7274169921875 27.8626670837402 27.958667755127 28.0357494354248 28.0539169311523 28.0491676330566 28.0847492218018 28.064416885376 28.0694999694824 28.0845832824707 28.1122493743896 28.1164169311523 28.1729164123535 28.1714172363281 28.1686668395996 28.1354160308838 28.1016674041748 28.0747489929199 28.0344161987305 27.9781665802002 27.9217491149902 27.8634166717529 27.8219165802002 27.797082901001
-3.4e+38 -3.4e+38 -3.4e+38 -3.4e+38 -3.4e+38 -3.4e+38 -3.4e+38 -3.4e+38 -3.4e+38 -3.4e+38 -3.4e+38 -3.4e+38 -3.4e+38 -3.4e+38 -3.4e+38 -3.4e+38 -3.4e+38 -3.4e+38 -3.4e+38 -3.4e+38 -3.4e+38 26.558666229248 26.8897495269775 27.1287498474121 27.2720832824707 27.2285003662109 27.1962490081787 27.3875827789307 27.5822505950928 27.7436676025391 27.8549156188965 27.9401664733887 28.0107498168945 28.03125 28.0378341674805 28.0580825805664 28.0588340759277 28.0569171905518 28.0954170227051 28.1255836486816 28.1428337097168 28.1954174041748 28.1986656188965 28.1861667633057 28.1643333435059 28.1112499237061 28.0755004882812 28.019416809082 27.9511661529541 27.8499164581299 27.7719993591309 27.7205829620361 27.7234172821045
-3.4e+38 -3.4e+38 -3.4e+38 -3.4e+38 -3.4e+38 -3.4e+38 -3.4e+38 -3.4e+38 -3.4e+38 -3.4e+38 -3.4e+38 -3.4e+38 -3.4e+38 -3.4e+38 -3.4e+38 -3.4e+38 -3.4e+38 -3.4e+38 -3.4e+38 -3.4e+38 -3.4e+38 -3.4e+38 26.5801658630371 26.816499710083 26.9575004577637 26.9617500305176 26.9376659393311 27.1456661224365 27.4093322753906 27.6785831451416 27.8451671600342 27.9266662597656 27.9914169311523 28.017333984375 28.0254993438721 28.0486660003662 28.0829162597656 28.1084175109863 28.1157493591309 28.1576671600342 28.214750289917 28.2709159851074 28.2723331451416 28.2613334655762 28.2334995269775 28.1653327941895 28.1127490997314 28.0285835266113 27.9363327026367 27.7963333129883 27.6995010375977 27.664083480835 27.6730003356934
-3.4e+38 -3.4e+38 -3.4e+38 -3.4e+38 -3.4e+38 -3.4e+38 -3.4e+38 -3.4e+38 -3.4e+38 -3.4e+38 -3.4e+38 -3.4e+38 -3.4e+38 -3.4e+38 -3.4e+38 -3.4e+38 -3.4e+38 -3.4e+38 -3.4e+38 -3.4e+38 -3.4e+38 -3.4e+38 26.4812507629395 26.5646667480469 26.704833984375 26.6884174346924 26.7140827178955 26.9943332672119 27.2820835113525 27.6434993743896 27.8584995269775 27.9330825805664 28.0031661987305 28.0255012512207 28.0360832214355 28.0679168701172 28.107666015625 28.1460838317871 28.1887493133545 28.2623329162598 28.3504161834717 28.373083114624 28.3424167633057 28.3238334655762 28.2910842895508 28.2333335876465 28.1447505950928 28.0669994354248 27.9559993743896 27.8234996795654 27.7373332977295 27.6820831298828 27.6865005493164
-3.4e+38 -3.4e+38 -3.4e+38 -3.4e+38 -3.4e+38 -3.4e+38 -3.4e+38 -3.4e+38 -3.4e+38 -3.4e+38 -3.4e+38 -3.4e+38 -3.4e+38 -3.4e+38 -3.4e+38 -3.4e+38 -3.4e+38 -3.4e+38 -3.4e+38 -3.4e+38 -3.4e+38 -3.4e+38 -3.4e+38 26.6391677856445 26.6319999694824 26.6305828094482 26.671667098999 26.9418334960938 27.2619171142578 27.6324996948242 27.8735008239746 27.9444160461426 27.9948329925537 28.0223331451416 28.0304164886475 28.0867500305176 28.1425838470459 28.179500579834 28.2483329772949 28.3207492828369 28.396333694458 28.4289169311523 28.3977508544922 28.3880825042725 28.380500793457 28.3244171142578 28.2343330383301 28.1409168243408 28.0314998626709 27.8979988098145 27.8061676025391 27.7602500915527 27.7510833740234
-3.4e+38 -3.4e+38 -3.4e+38 -3.4e+38 -3.4e+38 -3.4e+38 -3.4e+38 -3.4e+38 -3.4e+38 -3.4e+38 -3.4e+38 -3.4e+38 -3.4e+38 -3.4e+38 -3.4e+38 -3.4e+38 -3.4e+38 -3.4e+38 -3.4e+38 -3.4e+38 -3.4e+38 -3.4e+38 -3.4e+38 26.7162494659424 26.7325000762939 26.7403335571289 26.6865005493164 26.9330005645752 27.2946662902832 27.6635837554932 27.8656673431396 27.9314155578613 27.9331665039062 27.9452495574951 27.9892501831055 28.0660839080811 28.1259994506836 28.1955833435059 28.2667503356934 28.3264999389648 28.4105834960938 28.4492492675781 28.4301662445068 28.4634170532227 28.4187507629395 28.3685836791992 28.2861671447754 28.2104167938232 28.1411666870117 28.0284996032715 27.9518337249756 27.9027500152588 27.8552494049072
-3.4e+38 -3.4e+38 -3.4e+38 -3.4e+38 -3.4e+38 -3.4e+38 -3.4e+38 -3.4e+38 -3.4e+38 -3.4e+38 -3.4e+38 -3.4e+38 -3.4e+38 -3.4e+38 -3.4e+38 -3.4e+38 -3.4e+38 -3.4e+38 -3.4e+38 -3.4e+38 -3.4e+38 -3.4e+38 -3.4e+38 26.74391746521 26.8022499084473 26.7665004730225 26.7058334350586 26.9627494812012 27.3204174041748 27.6849994659424 27.8313331604004 27.8843326568604 27.8959999084473 27.869499206543 27.8952503204346 27.9874172210693 28.1168327331543 28.1648330688477 28.2255001068115 28.3028335571289 28.3910007476807 28.4524993896484 28.4804992675781 28.4730834960938 28.4267501831055 28.3731670379639 28.3139171600342 28.2875003814697 28.2395839691162 28.179666519165 28.1200828552246 28.0678329467773 28.0160827636719
-3.4e+38 -3.4e+38 -3.4e+38 -3.4e+38 -3.4e+38 -3.4e+38 -3.4e+38 -3.4e+38 -3.4e+38 -3.4e+38 -3.4e+38 -3.4e+38 -3.4e+38 -3.4e+38 -3.4e+38 -3.4e+38 -3.4e+38 -3.4e+38 -3.4e+38 -3.4e+38 -3.4e+38 -3.4e+38 -3.4e+38 26.8390827178955 26.9045829772949 26.8041667938232 26.6864166259766 26.9518337249756 27.3055000305176 27.6534156799316 27.8321666717529 27.8583335876465 27.8267498016357 27.8596668243408 27.9325828552246 28.0005836486816 28.0963325500488 28.2144165039062 28.2620010375977 28.3234996795654 28.3901672363281 28.4370822906494 28.4784164428711 28.4515838623047 28.4288330078125 28.3702507019043 28.3438339233398 28.3411655426025 28.345666885376 28.3099155426025 28.2691669464111 28.2372493743896 28.1659164428711
-3.4e+38 -3.4e+38 -3.4e+38 -3.4e+38 -3.4e+38 -3.4e+38 -3.4e+38 -3.4e+38 -3.4e+38 -3.4e+38 -3.4e+38 -3.4e+38 -3.4e+38 -3.4e+38 -3.4e+38 -3.4e+38 -3.4e+38 -3.4e+38 -3.4e+38 -3.4e+38 -3.4e+38 -3.4e+38 -3.4e+38 26.853832244873 26.9942493438721 26.8914165496826 26.716833114624 26.8745002746582 27.2130832672119 27.5454177856445 27.7610836029053 27.7517490386963 27.8460826873779 27.9079170227051 27.9796676635742 28.0493335723877 28.0892505645752 28.1845836639404 28.3245010375977 28.3653335571289 28.3941669464111 28.4209175109863 28.4171676635742 28.4283332824707 28.4204177856445 28.3761672973633 28.3640823364258 28.3706665039062 28.3826656341553 28.3633327484131 28.3490009307861 28.33766746521 28.2832508087158
