PastLayers/tmax.asc
NCOLS 292 
NROWS 291 
XLLCORNER -87.6458333327872 
YLLCORNER 24.4791666666667 
CELLSIZE 0.0416666666669039 
NODATA_value -3.4e+38 
[rows 72 to 95 of 291, columns 106 to 158 of 292]
22.390417098999 22.38450050354 22.4794998168945 22.4987487792969 22.6799163818359 22.7971668243408 22.7996673583984 22.8321666717529 22.9245834350586 22.97483253479 22.9483337402344 22.9804172515869 23.0908336639404 23.1121673583984 23.1336669921875 23.2184162139893 23.2803325653076 23.2130832672119 23.1840839385986 23.1162490844727 23.2823333740234 23.3688335418701 23.5700836181641 23.6807498931885 23.8118324279785 23.8985004425049 23.8985824584961 23.8895835876465 23.8628330230713 23.6625003814697 23.3610000610352 23.4745006561279 23.7036666870117 23.6344165802002 23.7903327941895 23.6872501373291 23.6107501983643 23.7702503204346 23.8653335571289 23.7749176025391 23.7589168548584 23.791166305542 23.671667098999 23.5846672058105 23.5965824127197 23.6473331451416 23.6225833892822 23.5868339538574 23.5795001983643 23.6356658935547 23.6334171295166 23.6121673583984 23.5935840606689
22.4271659851074 22.4395008087158 22.5885829925537 22.5532493591309 22.6937503814697 22.7565841674805 22.8705825805664 22.8745002746582 22.8115005493164 22.8602504730225 22.8236675262451 22.9103336334229 22.9375 22.9331665039062 23.121000289917 23.1299991607666 23.1474170684814 23.0974159240723 23.1006660461426 23.073917388916 23.2711658477783 23.3704166412354 23.4488334655762 23.5076675415039 23.6865825653076 23.654167175293 23.6029167175293 23.74049949646 23.9174175262451 23.8853340148926 23.5114994049072 23.6021671295166 23.8320827484131 23.8395004272461 23.8136672973633 23.7994174957275 23.6748332977295 23.7455005645752 23.8008327484131 23.8874168395996 23.8370838165283 23.8190002441406 23.8738327026367 23.83424949646 23.6807498931885 23.6949996948242 23.6928329467773 23.6918334960938 23.6807498931885 23.7799167633057 23.7649993896484 23.6510829925537 23.6189994812012
22.5410823822021 22.6429996490479 22.6654167175293 22.7056674957275 22.6745834350586 22.7483329772949 22.8186664581299 22.871000289917 22.90625 22.8076667785645 22.7776660919189 22.8735828399658 22.7908344268799 22.8578338623047 22.9930839538574 22.9082508087158 23.0433330535889 23.0080833435059 23.04075050354 22.958833694458 23.1629161834717 23.3310832977295 23.2589168548584 23.4298324584961 23.5588340759277 23.4734172821045 23.4546661376953 23.6284160614014 23.8131675720215 23.984748840332 23.7616672515869 23.8731670379639 23.996166229248 23.8305835723877 23.838249206543 23.8134994506836 23.8068332672119 23.8778324127197 23.9289169311523 23.9386672973633 23.8495006561279 23.8122501373291 23.8333339691162 23.9012508392334 23.8887500762939 23.8095836639404 23.791166305542 23.8115005493164 23.7814998626709 23.8023338317871 23.7730827331543 23.7293338775635 23.6731662750244
22.7670001983643 22.7609176635742 22.6819171905518 22.7993335723877 22.7273330688477 22.6805000305176 22.7540836334229 22.8619995117188 23.0201663970947 22.9203338623047 22.6679992675781 22.704833984375 22.6027507781982 22.68141746521 22.7135009765625 22.800666809082 22.8894996643066 22.9261665344238 22.9788341522217 22.9990005493164 23.2361660003662 23.2205829620361 23.2592506408691 23.4891662597656 23.3920001983643 23.3485832214355 23.4472503662109 23.5680828094482 23.6792507171631 24.0027503967285 24.0931663513184 24.0424175262451 23.7928333282471 23.7950839996338 23.9312496185303 23.9376659393311 23.914083480835 23.9517498016357 24.0218334197998 24.0072498321533 23.8684997558594 23.8549995422363 23.890832901001 23.9187507629395 23.9383335113525 23.8934993743896 23.9028339385986 23.8880004882812 23.8734169006348 23.8628330230713 23.8019161224365 23.7720832824707 23.6822490692139
22.8870830535889 22.920166015625 22.8619174957275 22.89674949646 22.8947505950928 22.8390007019043 22.8740005493164 22.9349174499512 22.927583694458 22.9975833892822 22.7707500457764 22.6627502441406 22.7046661376953 22.6834163665771 22.7351665496826 22.9036674499512 22.9589176177979 23.0440006256104 23.0963325500488 22.9755840301514 23.1028327941895 23.044584274292 23.1580829620361 23.3480834960938 23.3435001373291 23.3592491149902 23.402250289917 23.6805839538574 23.6987495422363 24.1013336181641 24.0993328094482 24.0698337554932 23.8778324127197 23.8733329772949 23.9634990692139 24.0489177703857 24.0109996795654 24.0498332977295 24.1187496185303 24.0414161682129 23.9352493286133 23.9037494659424 23.8821659088135 23.9408340454102 23.9711666107178 23.9923324584961 23.9584159851074 23.9654998779297 23.9424171447754 23.908332824707 23.8666667938232 23.8271675109863 23.7583332061768
23.0464992523193 23.1370830535889 23.0780830383301 23.1232509613037 23.1604995727539 23.0534172058105 22.9510841369629 22.8218326568604 22.9165840148926 22.9903335571289 22.9623336791992 22.8164176940918 22.7085838317871 22.8348331451416 22.7354164123535 22.732250213623 22.9320831298828 23.1014995574951 23.2247505187988 23.1724166870117 23.3162498474121 23.1767501831055 23.2336673736572 23.3786659240723 23.3393325805664 23.456750869751 23.6540832519531 23.5009994506836 23.7154159545898 23.9856662750244 24.1599998474121 24.1175842285156 24.089916229248 23.9619159698486 24.0672492980957 24.0300006866455 24.042667388916 24.0694160461426 24.1560840606689 24.101749420166 24.0550842285156 23.9754161834717 23.9654998779297 23.9823341369629 23.9970836639404 24.0612506866455 24.103666305542 24.0745830535889 24.0646667480469 24.0184173583984 23.9546661376953 23.9223327636719 23.869083404541
22.9530010223389 23.2398338317871 23.3210830688477 23.2969169616699 23.2116661071777 23.1569995880127 22.9872493743896 22.9804992675781 23.0855827331543 23.142915725708 23.1094169616699 23.0171661376953 22.8549995422363 22.9267501831055 22.894832611084 22.8020000457764 22.8530826568604 23.0989990234375 23.2343330383301 23.3911666870117 23.3759174346924 23.1906661987305 23.3429164886475 23.4743328094482 23.3446655273438 23.4111671447754 23.6192493438721 23.6799163818359 23.7586669921875 23.9287490844727 24.124584197998 24.1421661376953 24.1043338775635 24.1346664428711 24.1531658172607 24.126501083374 24.1234169006348 24.1523342132568 24.1870002746582 24.1175842285156 24.0420837402344 23.9743328094482 23.9769172668457 23.9896659851074 24.0536670684814 24.1098327636719 24.13450050354 24.140998840332 24.0851669311523 24.0545825958252 24.0096664428711 23.9466667175293 23.9391670227051
23.3679161071777 23.4051666259766 23.2057495117188 23.2787494659424 23.1784992218018 23.0170001983643 23.0033340454102 23.0900001525879 23.111665725708 23.1495838165283 23.2156658172607 23.0884990692139 22.9247493743896 22.9115009307861 23.0970840454102 22.9376659393311 23.0044174194336 22.9572505950928 23.1070003509521 23.2190837860107 23.2962493896484 23.4085826873779 23.5357494354248 23.5063343048096 23.3393325805664 23.44358253479 23.550666809082 23.6615829467773 23.8015003204346 23.9227504730225 23.9245834350586 23.986499786377 24.1260833740234 24.130916595459 24.2482509613037 24.2409172058105 24.2619171142578 24.1981678009033 24.1336669921875 24.0949172973633 24.0562496185303 24.029333114624 23.9995002746582 24.0255832672119 24.0513324737549 24.0811672210693 24.1054992675781 24.0884170532227 24.1059169769287 24.0902500152588 24.0113334655762 23.963249206543 23.9235000610352
23.3266658782959 23.2313327789307 23.041166305542 23.0887489318848 23.099666595459 23.168083190918 23.1140823364258 23.0970001220703 23.214916229248 23.2110004425049 23.2299156188965 23.3267498016357 23.1257495880127 23.0708332061768 23.2102508544922 23.3082504272461 23.2395839691162 23.1030006408691 23.0994167327881 23.2264995574951 23.3405838012695 23.5136661529541 23.531665802002 23.7045001983643 23.5935840606689 23.5270824432373 23.7885837554932 23.853666305542 23.8537502288818 23.8780002593994 23.9692497253418 23.9915008544922 24.035083770752 24.1272506713867 24.1469993591309 24.1989994049072 24.1889171600342 24.1274166107178 24.1087493896484 24.0945835113525 24.0950832366943 24.0574989318848 24.0640830993652 24.0602493286133 24.0548343658447 24.0551662445068 24.0599994659424 24.1134166717529 24.0930004119873 24.078332901001 24.0357494354248 23.9915828704834 23.9615821838379
23.4208335876465 23.197416305542 22.9353332519531 22.8514175415039 23.1012496948242 23.1781673431396 23.2925834655762 23.2304992675781 23.1675834655762 23.2114162445068 23.3810005187988 23.424165725708 23.2325839996338 23.2601661682129 23.3677501678467 23.4584159851074 23.3592491149902 23.3558330535889 23.3655834197998 23.4120826721191 23.4753341674805 23.5302505493164 23.5298328399658 23.6168327331543 23.7671661376953 23.7573337554932 23.785083770752 23.8275833129883 23.8673324584961 23.8764171600342 23.8680820465088 23.9711666107178 24.0252494812012 24.0694999694824 24.1595001220703 24.1765842437744 24.1382503509521 24.1263332366943 24.1387500762939 24.1004161834717 24.113582611084 24.1620006561279 24.1227512359619 24.0898323059082 24.0919170379639 24.0810832977295 24.0723323822021 24.1375827789307 24.1582489013672 24.1218338012695 24.111665725708 24.0628337860107 24.0130004882812
23.4517498016357 23.3150005340576 23.1216659545898 23.0632495880127 23.1859169006348 23.3759994506836 23.5128345489502 23.3385009765625 23.2068328857422 23.2619171142578 23.4187507629395 23.5945835113525 23.6246662139893 23.513916015625 23.3571662902832 23.5936660766602 23.4577503204346 23.5585823059082 23.5781669616699 23.6740837097168 23.6594161987305 23.6734161376953 23.6837501525879 23.6951675415039 23.6940002441406 23.7726669311523 23.920166015625 23.9391670227051 23.9320831298828 23.8637504577637 23.8698329925537 23.9438323974609 23.9887504577637 24.0424995422363 24.0702495574951 24.2070827484131 24.189582824707 24.1772499084473 24.1421661376953 24.1165828704834 24.1069164276123 24.170166015625 24.1976661682129 24.14674949646 24.1172504425049 24.1161670684814 24.162166595459 24.2418327331543 24.2455825805664 24.2084159851074 24.1759166717529 24.1286659240723 24.1125831604004
23.5487499237061 23.3215827941895 23.1932506561279 23.2031669616699 23.0735836029053 23.3943328857422 23.6620826721191 23.4829998016357 23.4770832061768 23.3227500915527 23.3083343505859 23.4542503356934 23.6641674041748 23.832332611084 23.5197505950928 23.7083339691162 23.6457500457764 23.7635841369629 23.792667388916 23.8018341064453 23.8621673583984 23.7817497253418 23.6748332977295 23.5995826721191 23.6593322753906 23.7327499389648 23.7656669616699 23.7814178466797 23.8878326416016 23.9226665496826 23.9688339233398 23.9636669158936 23.9914169311523 24.0058326721191 24.1158332824707 24.158332824707 24.2247505187988 24.2335834503174 24.2260837554932 24.2142505645752 24.1861667633057 24.191499710083 24.2473335266113 24.2159175872803 24.1810836791992 24.1569995880127 24.2101669311523 24.248083114624 24.3230838775635 24.2800827026367 24.2518329620361 24.2084999084473 24.1995010375977
23.5722503662109 23.2628326416016 23.3830833435059 23.3912506103516 23.3395004272461 23.5733337402344 23.8151664733887 23.5028324127197 23.5750007629395 23.5109996795654 23.4150009155273 23.4936656951904 23.5018329620361 23.6859169006348 23.8910827636719 23.7010841369629 23.9110832214355 23.8753337860107 24.0159168243408 23.9809169769287 23.9810829162598 23.9658336639404 23.8595008850098 23.7528324127197 23.7410831451416 23.7978343963623 23.8341674804688 23.8442497253418 23.8507499694824 23.9391670227051 23.9643325805664 24.0366668701172 24.0945835113525 24.0745010375977 24.0875835418701 24.115083694458 24.1406669616699 24.1689167022705 24.2771663665771 24.3023338317871 24.2581672668457 24.2589168548584 24.2664165496826 24.2583332061768 24.2799167633057 24.2020835876465 24.2422504425049 24.2613334655762 24.3085823059082 24.3929996490479 24.380916595459 24.3318328857422 24.2997493743896
23.672082901001 23.5250835418701 23.5554161071777 23.6594161987305 23.4812507629395 23.5500831604004 23.7129173278809 23.6027507781982 23.6459159851074 23.4912490844727 23.423583984375 23.5029163360596 23.5852508544922 23.6725826263428 23.9082508087158 23.9800834655762 23.9287509918213 24.0379161834717 24.1935844421387 24.0978336334229 24.0944175720215 24.1304168701172 23.9892501831055 23.8970832824707 23.9543342590332 23.9640827178955 23.9396667480469 23.9856662750244 23.9293327331543 23.9309997558594 23.9797496795654 24.0141677856445 24.0111656188965 24.1563339233398 24.220832824707 24.1786670684814 24.1671676635742 24.1924991607666 24.2304172515869 24.2967491149902 24.3292503356934 24.3073329925537 24.2561664581299 24.2337493896484 24.2528324127197 24.2789173126221 24.2990837097168 24.3317489624023 24.3742504119873 24.4037494659424 24.4583339691162 24.5123329162598 24.4656677246094
23.6648330688477 23.9185009002686 23.9737491607666 23.8844165802002 23.7350826263428 23.669584274292 23.8667507171631 23.7230834960938 23.5081672668457 23.4524173736572 23.3545837402344 23.4055824279785 23.5625 23.767915725708 23.8763332366943 24.0195827484131 24.1002502441406 24.2292499542236 24.25950050354 24.2675838470459 24.1569175720215 24.1916675567627 24.1332492828369 23.996166229248 24.0071678161621 24.1133327484131 24.0912494659424 24.0880832672119 24.0122489929199 24.02174949646 23.9274997711182 23.8973331451416 24.0104999542236 24.0909996032715 24.2099990844727 24.2319164276123 24.2454166412354 24.2509994506836 24.2408332824707 24.2715835571289 24.3098335266113 24.3844165802002 24.289083480835 24.2982501983643 24.2506675720215 24.3131675720215 24.3514995574951 24.3740005493164 24.426082611084 24.4689998626709 24.5129165649414 24.5771656036377 24.6303329467773
23.7511672973633 23.8500843048096 23.9965000152588 24.0069999694824 23.9274997711182 23.7471675872803 23.8579998016357 23.5826663970947 23.4596672058105 23.3807506561279 23.345832824707 23.4972496032715 23.6508331298828 23.7995834350586 23.913667678833 24.0865840911865 24.1330833435059 24.0710830688477 24.1826667785645 24.2009162902832 24.3519172668457 24.2150001525879 24.1485843658447 24.0011672973633 24.0014171600342 24.0646667480469 24.1929168701172 24.2201671600342 24.2198333740234 24.1956672668457 24.0961666107178 24.0366668701172 24.1512508392334 24.1690826416016 24.1750831604004 24.1615009307861 24.2309989929199 24.3833332061768 24.3000831604004 24.3952503204346 24.4724998474121 24.529167175293 24.4693336486816 24.3706665039062 24.3125 24.3910827636719 24.4359169006348 24.4324169158936 24.4739990234375 24.5458335876465 24.6385841369629 24.695333480835 24.7190837860107
23.7964172363281 23.8320827484131 23.8841667175293 24.0471668243408 24.072416305542 23.9634170532227 24.0097503662109 23.6709175109863 23.4144992828369 23.3196659088135 23.3392505645752 23.4622497558594 23.5949172973633 23.7036666870117 23.8604164123535 23.9876670837402 24.1045837402344 24.2209167480469 24.1655006408691 24.2078323364258 24.2014999389648 24.300666809082 24.132417678833 24.0830001831055 24.1206665039062 24.1294994354248 24.1264171600342 24.22216796875 24.3977508544922 24.3318328857422 24.22825050354 24.1972503662109 24.1610832214355 24.1548328399658 24.2598342895508 24.2830009460449 24.2813339233398 24.3871669769287 24.4690837860107 24.4799175262451 24.5299167633057 24.5863342285156 24.5925827026367 24.4846668243408 24.4029998779297 24.4389171600342 24.464916229248 24.513916015625 24.5145835876465 24.5566673278809 24.6213340759277 24.6667499542236 24.7241668701172
23.8589172363281 23.8649158477783 23.8348331451416 23.9358329772949 24.1149158477783 24.1619167327881 24.0289173126221 23.8405838012695 23.6960830688477 23.4992504119873 23.5405006408691 23.5053329467773 23.7180824279785 23.8491668701172 23.9925003051758 24.1225833892822 24.1590003967285 24.2442512512207 24.2954177856445 24.2275829315186 24.2685832977295 24.302583694458 24.2079162597656 24.2222499847412 24.2304172515869 24.2414169311523 24.2428340911865 24.2859172821045 24.3535003662109 24.3945007324219 24.3398342132568 24.2819156646729 24.1850833892822 24.1769161224365 24.1672496795654 24.2893333435059 24.3632507324219 24.3971672058105 24.5100841522217 24.5419998168945 24.5428333282471 24.6220836639404 24.6591663360596 24.5804176330566 24.4811668395996 24.4644165039062 24.4716663360596 24.4755840301514 24.5144157409668 24.574499130249 24.5790004730225 24.6088333129883 24.5659999847412
23.8281669616699 23.8801670074463 23.9659156799316 24.0018329620361 24.0268325805664 24.2291660308838 24.156665802002 23.8747501373291 23.7674999237061 23.7353343963623 23.7642498016357 23.8020839691162 23.8405838012695 24.0095825195312 24.1654167175293 24.2006664276123 24.1636657714844 24.2474174499512 24.3318328857422 24.2955837249756 24.3155002593994 24.3733329772949 24.3759994506836 24.3160839080811 24.3190822601318 24.3425006866455 24.3266658782959 24.3891658782959 24.3880004882812 24.3537502288818 24.363000869751 24.2681674957275 24.1846656799316 24.2509174346924 24.2350006103516 24.1709995269775 24.3404159545898 24.4711666107178 24.4944171905518 24.5491676330566 24.6005001068115 24.6024990081787 24.6735000610352 24.6511669158936 24.529333114624 24.4507503509521 24.4374160766602 24.4494171142578 24.4951667785645 24.5537490844727 24.5807495117188 24.5769176483154 24.5650825500488
23.9144172668457 23.9074993133545 23.8914165496826 23.9264163970947 23.9631671905518 24.1431674957275 24.3077507019043 23.9897499084473 23.9491672515869 23.9014167785645 23.9579162597656 23.992000579834 23.997917175293 24.0075836181641 24.1099166870117 24.3275833129883 24.3405838012695 24.2462501525879 24.2756671905518 24.3274173736572 24.3642501831055 24.4226665496826 24.4643325805664 24.478666305542 24.4641666412354 24.4288330078125 24.4184169769287 24.4185009002686 24.4449996948242 24.4509162902832 24.4119167327881 24.3054161071777 24.236083984375 24.2895832061768 24.244083404541 24.2029991149902 24.2823333740234 24.3834171295166 24.4580841064453 24.441333770752 24.5069999694824 24.5755825042725 24.6459159851074 24.6660003662109 24.5970840454102 24.4865837097168 24.4368324279785 24.4604167938232 24.5106658935547 24.5030841827393 24.4669990539551 24.5150833129883 24.5449161529541
23.9190826416016 23.9119167327881 23.9885005950928 23.9535827636719 23.9957504272461 24.0914173126221 24.3601665496826 24.1170845031738 24.1706657409668 24.045166015625 24.0817489624023 24.1671657562256 24.2462501525879 24.1951675415039 24.1908340454102 24.3233337402344 24.4253330230713 24.3842506408691 24.2960834503174 24.2445831298828 24.302583694458 24.4319171905518 24.4229164123535 24.4384994506836 24.3924160003662 24.3601665496826 24.3578338623047 24.3540000915527 24.3303337097168 24.3728332519531 24.4348335266113 24.4111671447754 24.2919158935547 24.3401660919189 24.2846660614014 24.2172508239746 24.271333694458 24.293083190918 24.375 24.478832244873 24.5041675567627 24.5481662750244 24.5987491607666 24.6322498321533 24.5774173736572 24.5343322753906 24.4988327026367 24.492582321167 24.496166229248 24.4818325042725 24.4467506408691 24.4575004577637 24.4462509155273
23.8186664581299 23.9087505340576 24.0091667175293 24.005500793457 24.1353321075439 24.2198333740234 24.3479156494141 24.279333114624 24.207332611084 24.2292499542236 24.2062492370605 24.2855834960938 24.3121662139893 24.3488330841064 24.2688331604004 24.3050003051758 24.3942489624023 24.4473342895508 24.4228343963623 24.3345832824707 24.2475833892822 24.3818340301514 24.3784160614014 24.3867492675781 24.2981662750244 24.3048324584961 24.2999172210693 24.3369159698486 24.4219989776611 24.4272499084473 24.4457492828369 24.4018325805664 24.3798332214355 24.3328323364258 24.2880840301514 24.269416809082 24.2786674499512 24.3522510528564 24.3362503051758 24.3655834197998 24.4198341369629 24.4790000915527 24.5806674957275 24.6102504730225 24.5777492523193 24.5330829620361 24.509916305542 24.4987506866455 24.480167388916 24.4630832672119 24.4721660614014 24.431999206543 24.3985004425049
23.8575839996338 23.9387493133545 23.9747505187988 24.0043334960938 24.1043338775635 24.1778335571289 24.3983325958252 24.4553337097168 24.2670001983643 24.3542499542236 24.2780838012695 24.2539176940918 24.3720836639404 24.4318332672119 24.3886661529541 24.331750869751 24.3150825500488 24.4699172973633 24.5128326416016 24.4463329315186 24.3211669921875 24.4381675720215 24.5206661224365 24.4108333587646 24.4051666259766 24.3365001678467 24.3379173278809 24.3473339080811 24.3570003509521 24.4486675262451 24.390251159668 24.3874168395996 24.3955841064453 24.3823337554932 24.3617496490479 24.3218326568604 24.3423328399658 24.3951663970947 24.4382495880127 24.4010009765625 24.4169998168945 24.531665802002 24.568000793457 24.6281661987305 24.5931663513184 24.562084197998 24.5339164733887 24.5136680603027 24.4882488250732 24.4571666717529 24.4314994812012 24.4088325500488 24.4023323059082
23.8871669769287 23.8911666870117 23.9712505340576 24.0160827636719 24.066333770752 24.2590007781982 24.3512496948242 24.5381660461426 24.4116668701172 24.4578342437744 24.3893337249756 24.3196659088135 24.2795829772949 24.4162502288818 24.4703330993652 24.4271659851074 24.3605842590332 24.4771671295166 24.5539989471436 24.5604991912842 24.4227504730225 24.4657497406006 24.5461673736572 24.5792503356934 24.5114994049072 24.4465827941895 24.4621677398682 24.4440841674805 24.3751659393311 24.3750839233398 24.3878326416016 24.4020004272461 24.3968334197998 24.400333404541 24.4302501678467 24.4252490997314 24.4160842895508 24.4063339233398 24.4705829620361 24.4856662750244 24.5229167938232 24.523416519165 24.5130004882812 24.5705833435059 24.5939998626709 24.581916809082 24.5582504272461 24.5270824432373 24.4960823059082 24.4584999084473 24.412166595459 24.3915824890137 24.380916595459
