PastLayers/tmean.asc
NCOLS 292 
NROWS 291 
XLLCORNER -87.6458333327872 
YLLCORNER 24.4791666666667 
CELLSIZE 0.0416666666669039 
NODATA_value -3.4e+38 
[rows 168 to 191 of 291, columns 106 to 158 of 292]
19.4977912902832 19.5052509307861 19.4954586029053 19.5001258850098 19.5332508087158 19.5268325805664 19.5049171447754 19.5780830383301 19.632999420166 19.6801242828369 19.703332901001 19.7211246490479 19.8069591522217 19.8570003509521 19.8523750305176 19.8432922363281 19.9077911376953 19.9433746337891 20.004415512085 20.0212917327881 20.0190410614014 20.0783748626709 20.1882495880127 20.1648750305176 20.1114158630371 20.0948333740234 20.1239166259766 20.1357078552246 20.2098751068115 20.2304992675781 20.2082080841064 20.2269172668457 20.2837505340576 20.3394165039062 20.4057922363281 20.4601669311523 20.445499420166 20.4132080078125 20.4042911529541 20.4044170379639 20.3987083435059 20.3556251525879 20.3415832519531 20.3328342437744 20.3453330993652 20.3588752746582 20.3246250152588 20.1685009002686 19.9341659545898 -3.4e+38 -3.4e+38 -3.4e+38 -3.4e+38
19.5980834960938 19.5845413208008 19.5372924804688 19.517707824707 19.5460834503174 19.5719585418701 19.5730419158936 19.6401252746582 19.6803741455078 19.7214584350586 19.7452087402344 19.7912082672119 19.8013744354248 19.8325424194336 19.8812084197998 19.8932495117188 19.9489574432373 19.988790512085 20.0103340148926 20.0343761444092 20.0890426635742 20.1289157867432 20.1851253509521 20.1688747406006 20.1905841827393 20.2255840301514 20.2900409698486 20.2773742675781 20.2701663970947 20.293041229248 20.2973747253418 20.2957916259766 20.3535823822021 20.39674949646 20.4000415802002 20.423999786377 20.4615421295166 20.3629589080811 20.4027500152588 20.4356250762939 20.4174575805664 20.4149589538574 20.4089584350586 20.4022083282471 20.3985424041748 20.4416656494141 20.3755836486816 20.2809581756592 20.0429172515869 19.9448757171631 -3.4e+38 -3.4e+38 -3.4e+38
19.7352085113525 19.6647090911865 19.6259994506836 19.5942497253418 19.5745830535889 19.5866661071777 19.6462497711182 19.6939582824707 19.7322082519531 19.7711658477783 19.80637550354 19.8196239471436 19.8142929077148 19.8522510528564 19.9244174957275 19.9510841369629 19.9994163513184 20.0086250305176 20.0342082977295 20.0775833129883 20.1126670837402 20.1235408782959 20.1588745117188 20.1772079467773 20.2418746948242 20.277042388916 20.3320407867432 20.3409595489502 20.3662090301514 20.3770408630371 20.3725414276123 20.3896255493164 20.3215827941895 20.4031658172607 20.4517917633057 20.4857501983643 20.5077495574951 20.4716663360596 20.5106239318848 20.5417499542236 20.4342498779297 20.4229164123535 20.4379177093506 20.4212493896484 20.4222507476807 20.4277076721191 20.4278755187988 20.3587493896484 20.1835422515869 19.9860000610352 -3.4e+38 -3.4e+38 -3.4e+38
19.9338760375977 19.8360004425049 19.746166229248 19.7124156951904 19.6647510528564 19.6611251831055 19.7253341674805 19.7369594573975 19.7759170532227 19.80295753479 19.8244171142578 19.8426666259766 19.8311252593994 19.8822917938232 19.9322929382324 19.9807910919189 20.0167503356934 20.0589160919189 20.0774173736572 20.1118755340576 20.1373748779297 20.1502494812012 20.1097087860107 20.1561660766602 20.3016242980957 20.3299999237061 20.3792915344238 20.4050407409668 20.4137916564941 20.4042911529541 20.4617080688477 20.4332084655762 20.3636245727539 20.3708343505859 20.4061241149902 20.4621677398682 20.4697074890137 20.4702911376953 20.607458114624 20.5820827484131 20.5438747406006 20.4352073669434 20.4361248016357 20.4675006866455 20.4664173126221 20.449125289917 20.4050827026367 20.3794574737549 20.29079246521 20.0697498321533 19.988582611084 -3.4e+38 -3.4e+38
20.1202926635742 20.0571670532227 19.9509162902832 19.8677501678467 19.800708770752 19.7910823822021 19.7676658630371 19.806791305542 19.806583404541 19.8112907409668 19.8447074890137 19.8520832061768 19.8607082366943 19.9195003509521 19.941333770752 20.0321674346924 20.0756664276123 20.0809993743896 20.1085414886475 20.1382083892822 20.1765003204346 20.173583984375 20.161792755127 20.1982498168945 20.3009166717529 20.3881664276123 20.4127922058105 20.4421253204346 20.437084197998 20.4433326721191 20.4804592132568 20.4810009002686 20.4319591522217 20.3743743896484 20.4267501831055 20.4512920379639 20.4918746948242 20.451000213623 20.5653343200684 20.6064167022705 20.6174583435059 20.4909172058105 20.4472923278809 20.4526252746582 20.5216255187988 20.5163745880127 20.4332084655762 20.4365825653076 20.367000579834 20.1969165802002 20.013500213623 -3.4e+38 -3.4e+38
-3.4e+38 20.2251663208008 20.1762924194336 20.0648746490479 19.9647083282471 19.9116668701172 19.8652496337891 19.8486251831055 19.8429584503174 19.8362503051758 19.8395404815674 19.8518753051758 19.9031658172607 19.9360408782959 19.9583339691162 20.043249130249 20.1126251220703 20.1037921905518 20.1634178161621 20.2379589080811 20.2498340606689 20.2371253967285 20.2441673278809 20.2544574737549 20.355375289917 20.4111671447754 20.4634170532227 20.5009574890137 20.4704990386963 20.4775409698486 20.503999710083 20.4997501373291 20.4740409851074 20.4208335876465 20.4984169006348 20.5282077789307 20.5718326568604 20.4832077026367 20.499792098999 20.5316257476807 20.6217498779297 20.6240825653076 20.4735012054443 20.5108757019043 20.5455417633057 20.5688743591309 20.5870838165283 20.5539989471436 20.4167499542236 20.2938747406006 20.0752906799316 20.0499572753906 -3.4e+38
-3.4e+38 20.3799591064453 20.3352508544922 20.2652912139893 20.1386661529541 20.0735836029053 20.0056247711182 19.9442501068115 19.9304580688477 19.9308338165283 19.9099159240723 19.8806247711182 19.9196662902832 19.9307918548584 19.955207824707 20.0457916259766 20.1359157562256 20.1878337860107 20.2412090301514 20.2577075958252 20.2789173126221 20.293249130249 20.3145408630371 20.4094161987305 20.4310417175293 20.4838752746582 20.5177917480469 20.5529174804688 20.5438327789307 20.5602073669434 20.5527496337891 20.5590419769287 20.5571250915527 20.6494159698486 20.7395000457764 20.5821666717529 20.5570831298828 20.5030002593994 20.5227508544922 20.5421257019043 20.613166809082 20.6772499084473 20.5890827178955 20.5822086334229 20.5765838623047 20.6291675567627 20.6389999389648 20.5965423583984 20.464542388916 20.3858337402344 20.1979160308838 20.0946254730225 -3.4e+38
-3.4e+38 20.4653739929199 20.461124420166 20.4106674194336 20.3242073059082 20.2379989624023 20.1560840606689 20.0738334655762 20.0384998321533 20.03737449646 20.0277500152588 19.9512500762939 19.9151248931885 19.9278755187988 20.0007915496826 20.101957321167 20.1702079772949 20.2368335723877 20.2455005645752 20.2581253051758 20.289249420166 20.3208332061768 20.3765830993652 20.4314155578613 20.4917488098145 20.5472087860107 20.578498840332 20.6129589080811 20.61549949646 20.5890827178955 20.6412506103516 20.6835422515869 20.7057914733887 20.7240829467773 20.7366676330566 20.7345008850098 20.6887073516846 20.603458404541 20.5622501373291 20.5867919921875 20.6097087860107 20.5737915039062 20.6281661987305 20.6129570007324 20.6704578399658 20.6729164123535 20.6643753051758 20.6067504882812 20.5385837554932 20.4462089538574 20.3129577636719 20.1568336486816 20.1590824127197
-3.4e+38 -3.4e+38 -3.4e+38 -3.4e+38 20.4640007019043 20.4122505187988 20.3287506103516 20.2405834197998 20.1899585723877 20.1500835418701 20.1300830841064 20.0620002746582 20.0214996337891 20.0165824890137 20.0411243438721 20.1430835723877 20.1957492828369 20.2432918548584 20.2579154968262 20.2686252593994 20.2966251373291 20.36887550354 20.3773746490479 20.4419574737549 20.5346240997314 20.6233749389648 20.6789169311523 20.6695423126221 20.6772499084473 20.7116661071777 20.7123756408691 20.7010841369629 20.699125289917 20.7379169464111 20.7754573822021 20.750207901001 20.726749420166 20.6828327178955 20.6137504577637 20.6459579467773 20.6814994812012 20.6837921142578 20.7042083740234 20.7147922515869 20.7315406799316 20.7276668548584 20.712833404541 20.6683750152588 20.5652084350586 20.4787921905518 20.375 20.2688751220703 20.2030010223389
-3.4e+38 -3.4e+38 -3.4e+38 -3.4e+38 20.541166305542 20.5406665802002 20.4721660614014 20.4094581604004 20.3546257019043 20.3260822296143 20.2532501220703 20.1673336029053 20.1459579467773 20.1342926025391 20.1347923278809 20.218957901001 20.2644996643066 20.3110828399658 20.3250827789307 20.3397922515869 20.3639583587646 20.4042911529541 20.4256248474121 20.5021667480469 20.6479587554932 20.7272911071777 20.7714996337891 20.7884998321533 20.7585411071777 20.7252922058105 20.7222499847412 20.6897087097168 20.6882495880127 20.7078342437744 20.7559585571289 20.7252502441406 20.6658325195312 20.7017078399658 20.6521663665771 20.6488342285156 20.6996250152588 20.8102493286133 20.8112926483154 20.8055839538574 20.8357925415039 20.8182506561279 20.7972087860107 20.7787494659424 20.7078342437744 20.6317920684814 20.489875793457 20.3303337097168 20.2029590606689
-3.4e+38 -3.4e+38 -3.4e+38 -3.4e+38 20.5518341064453 -3.4e+38 -3.4e+38 -3.4e+38 20.4852085113525 20.4755420684814 20.421875 20.2985420227051 20.2539157867432 20.2310409545898 20.2019176483154 20.2483749389648 20.3094577789307 20.3763751983643 20.367208480835 20.3806247711182 20.4222087860107 20.4205837249756 20.4540004730225 20.5822086334229 20.6889171600342 20.8059577941895 20.9323749542236 20.885124206543 20.8443756103516 20.7434997558594 20.7223339080811 20.7039585113525 20.6810417175293 20.6764583587646 20.7297916412354 20.7405414581299 20.6920413970947 20.6773338317871 20.7520408630371 20.6952075958252 20.7612075805664 20.814582824707 20.8522090911865 20.8702926635742 20.8383750915527 20.8193759918213 20.824499130249 20.8071250915527 20.7462501525879 20.6713333129883 20.554666519165 20.3545417785645 20.2310409545898
-3.4e+38 -3.4e+38 -3.4e+38 -3.4e+38 -3.4e+38 -3.4e+38 -3.4e+38 -3.4e+38 -3.4e+38 -3.4e+38 20.5386257171631 20.4694995880127 20.3795413970947 20.3296661376953 20.3051662445068 20.3024158477783 20.3499164581299 20.3889999389648 20.3865413665771 20.3938331604004 20.4535827636719 20.4835834503174 20.5195827484131 20.6259994506836 20.7384166717529 20.8705825805664 20.90012550354 20.8589153289795 20.8237495422363 20.7405834197998 20.6613330841064 20.6751670837402 20.6855411529541 20.6944160461426 20.7232074737549 20.6691665649414 20.6327075958252 20.7068328857422 20.7870006561279 20.7624168395996 20.7877502441406 20.8317928314209 20.8883743286133 20.9061241149902 20.8815002441406 20.8409576416016 20.8331260681152 20.8287906646729 20.7765407562256 20.6925010681152 20.5976257324219 20.4815406799316 20.3278331756592
-3.4e+38 -3.4e+38 -3.4e+38 -3.4e+38 -3.4e+38 -3.4e+38 -3.4e+38 -3.4e+38 -3.4e+38 -3.4e+38 20.6624164581299 20.5808334350586 20.511417388916 20.4075832366943 20.4046249389648 20.3827495574951 20.4421672821045 20.4327507019043 20.4659156799316 20.4724159240723 20.515417098999 20.5240421295166 20.6081256866455 20.6055011749268 20.6902503967285 20.7819576263428 20.7919578552246 20.7749996185303 20.7627086639404 20.7329998016357 20.6790409088135 20.6337909698486 20.6505832672119 20.6826248168945 20.7020416259766 20.6558742523193 20.6282920837402 20.7096252441406 20.8010406494141 20.8544998168945 20.8230838775635 20.8466243743896 20.8871669769287 20.9320411682129 20.941291809082 20.8682918548584 20.8705425262451 20.8560009002686 20.8099575042725 20.7293758392334 20.6553325653076 20.6173324584961 20.5599174499512
-3.4e+38 -3.4e+38 -3.4e+38 -3.4e+38 -3.4e+38 -3.4e+38 -3.4e+38 -3.4e+38 -3.4e+38 -3.4e+38 -3.4e+38 20.6702919006348 20.6336250305176 20.5294589996338 20.4899158477783 20.4458332061768 20.4111251831055 20.4633331298828 20.5074996948242 20.517333984375 20.5054168701172 20.505542755127 20.5791244506836 20.6493339538574 20.6776657104492 20.7133750915527 20.7329998016357 20.7446250915527 20.7051658630371 20.6787910461426 20.6158752441406 20.6140422821045 20.6257495880127 20.6067504882812 20.6722087860107 20.6692924499512 20.6614589691162 20.6704998016357 20.7465000152588 20.7638759613037 20.8437919616699 20.8535003662109 20.8307914733887 20.9112491607666 20.9701671600342 20.9264163970947 20.9331245422363 20.9243335723877 20.8642921447754 20.8071250915527 20.7443752288818 20.7226676940918 20.6996250152588
-3.4e+38 -3.4e+38 -3.4e+38 -3.4e+38 -3.4e+38 -3.4e+38 -3.4e+38 -3.4e+38 -3.4e+38 -3.4e+38 -3.4e+38 20.7875823974609 20.7184162139893 20.6897926330566 20.5890407562256 20.529333114624 20.5922927856445 20.7581253051758 20.6854591369629 20.5307083129883 20.4549160003662 20.5092506408691 20.5727500915527 20.5809993743896 20.6419582366943 20.6572494506836 20.6475410461426 20.6372089385986 20.6500415802002 20.5987911224365 20.5418758392334 20.580207824707 20.5869159698486 20.5809993743896 20.6407508850098 20.687707901001 20.8031253814697 20.7507095336914 20.7917079925537 20.8070411682129 20.8292922973633 20.8273334503174 20.8454170227051 20.8774585723877 20.94700050354 20.994083404541 21.0536251068115 21.0852088928223 20.9554996490479 20.9202919006348 20.8764991760254 20.886833190918 20.8442497253418
-3.4e+38 -3.4e+38 -3.4e+38 -3.4e+38 -3.4e+38 -3.4e+38 -3.4e+38 -3.4e+38 -3.4e+38 -3.4e+38 -3.4e+38 -3.4e+38 20.7760410308838 20.7548332214355 20.6522083282471 20.5862922668457 20.6330413818359 20.712833404541 20.6445407867432 20.5751667022705 20.5150833129883 20.5226669311523 20.5432910919189 20.5820426940918 20.6018333435059 20.6147499084473 20.5689163208008 20.5479164123535 20.5660419464111 20.5422496795654 20.5404167175293 20.5803737640381 20.6318340301514 20.5915412902832 20.62841796875 20.7743759155273 20.8387088775635 20.8680419921875 20.9521255493164 20.8663330078125 20.8487911224365 20.8572082519531 20.9425830841064 20.9507083892822 20.8369579315186 21.013500213623 21.1095008850098 21.1295413970947 21.0182495117188 21.002124786377 21.0000839233398 21.0168342590332 20.9716663360596
-3.4e+38 -3.4e+38 -3.4e+38 -3.4e+38 -3.4e+38 -3.4e+38 -3.4e+38 -3.4e+38 -3.4e+38 -3.4e+38 -3.4e+38 -3.4e+38 -3.4e+38 20.7852916717529 20.7524166107178 20.6392917633057 20.6101245880127 20.7285003662109 20.632625579834 20.6138343811035 20.5684585571289 20.5405006408691 20.536792755127 20.5526657104492 20.5669574737549 20.6014175415039 20.5497913360596 20.529541015625 20.5627918243408 20.5367088317871 20.5563335418701 20.6187915802002 20.6380004882812 20.6172904968262 20.7001667022705 20.8400840759277 20.921667098999 20.9972076416016 21.1202926635742 20.9661674499512 20.8512496948242 20.8947086334229 20.9579162597656 20.9520835876465 20.8495407104492 21.0131664276123 21.2040424346924 21.236083984375 21.0670413970947 21.0857906341553 21.0824584960938 21.0425415039062 21.0512084960938
-3.4e+38 -3.4e+38 -3.4e+38 -3.4e+38 -3.4e+38 -3.4e+38 -3.4e+38 -3.4e+38 -3.4e+38 -3.4e+38 -3.4e+38 -3.4e+38 20.8149585723877 20.8196659088135 20.8283748626709 20.697624206543 20.6758346557617 20.6785831451416 20.7372093200684 20.7416667938232 20.6026248931885 20.5289573669434 20.5144996643066 20.5103759765625 20.5360412597656 20.5382499694824 20.5191669464111 20.527250289917 20.5299167633057 20.5568752288818 20.6031246185303 20.6689586639404 20.6337089538574 20.6491661071777 20.8003749847412 20.9318752288818 20.955249786377 21.0145416259766 21.1749591827393 21.1604995727539 21.0257511138916 20.9408340454102 20.9398326873779 20.9164161682129 20.8892917633057 21.0793743133545 21.1334590911865 21.2283344268799 21.1505832672119 21.1124172210693 21.0521659851074 21.0378341674805 21.0948333740234
-3.4e+38 -3.4e+38 -3.4e+38 -3.4e+38 -3.4e+38 -3.4e+38 -3.4e+38 -3.4e+38 -3.4e+38 -3.4e+38 -3.4e+38 -3.4e+38 20.8730411529541 20.8770008087158 20.9043750762939 20.8255405426025 20.7467079162598 20.7137508392334 20.7097911834717 20.7554168701172 20.6715831756592 20.5814590454102 20.5140419006348 20.4951248168945 20.4898738861084 20.5027923583984 20.4801654815674 20.4965839385986 20.5207500457764 20.5441246032715 20.5673751831055 20.6452083587646 20.6187496185303 20.657958984375 20.800666809082 20.9241256713867 20.9948329925537 21.138334274292 21.3377075195312 21.0963325500488 20.9949169158936 20.8158740997314 20.8345832824707 20.9124164581299 20.9625835418701 21.0004997253418 20.9962921142578 21.0266666412354 21.0583744049072 21.1195411682129 21.0693740844727 21.0497913360596 21.1412925720215
-3.4e+38 -3.4e+38 -3.4e+38 -3.4e+38 -3.4e+38 -3.4e+38 -3.4e+38 -3.4e+38 -3.4e+38 -3.4e+38 -3.4e+38 -3.4e+38 20.8759994506836 20.8320407867432 20.9277496337891 20.877082824707 20.7870826721191 20.7156257629395 20.7127075195312 20.7775840759277 20.6877498626709 20.6274166107178 20.5242919921875 20.4956665039062 20.4787502288818 20.4717502593994 20.4647083282471 20.5032081604004 20.523416519165 20.5557079315186 20.5587921142578 20.6000423431396 20.6591663360596 20.7308330535889 20.8327503204346 20.9310417175293 20.9818325042725 21.003791809082 21.1333332061768 21.1386661529541 20.9977912902832 20.8339996337891 20.8775405883789 20.9312915802002 21.0812911987305 21.1392078399658 21.087833404541 21.1272926330566 21.0402927398682 21.0547924041748 21.0834999084473 21.1235408782959 21.1509990692139
-3.4e+38 -3.4e+38 -3.4e+38 -3.4e+38 -3.4e+38 -3.4e+38 -3.4e+38 -3.4e+38 -3.4e+38 -3.4e+38 -3.4e+38 -3.4e+38 20.9078750610352 20.804666519165 20.9158744812012 20.9392509460449 20.8222503662109 20.781665802002 20.7392921447754 20.8283748626709 20.8133754730225 20.701042175293 20.5715827941895 20.5300827026367 20.4938335418701 20.45924949646 20.4893341064453 20.5128326416016 20.5646667480469 20.6165828704834 20.638708114624 20.6792488098145 20.7292919158936 20.8060417175293 20.8306255340576 20.9289169311523 20.9428749084473 20.9390411376953 21.0367088317871 21.0969161987305 21.0359992980957 20.8867492675781 20.8167495727539 20.8588752746582 21.0570411682129 21.0715408325195 21.0896663665771 21.0425834655762 20.986457824707 21.0482501983643 21.2203750610352 21.0968341827393 21.1375827789307
-3.4e+38 -3.4e+38 -3.4e+38 -3.4e+38 -3.4e+38 -3.4e+38 -3.4e+38 -3.4e+38 -3.4e+38 -3.4e+38 -3.4e+38 -3.4e+38 -3.4e+38 20.8053741455078 20.9005832672119 20.9792919158936 20.8776664733887 20.8367919921875 20.7950839996338 20.8608341217041 20.921501159668 20.8205413818359 20.6750411987305 20.5735416412354 20.5337085723877 20.5135841369629 20.5277500152588 20.5804576873779 20.6092910766602 20.674165725708 20.7752494812012 20.7473754882812 20.8074169158936 20.8743743896484 20.8705825805664 20.8700408935547 20.906665802002 20.8705005645752 20.911750793457 21.0736255645752 21.097541809082 21.0812091827393 21.0002498626709 20.9636249542236 21.1594161987305 21.1518745422363 21.0099582672119 20.9716663360596 20.9901256561279 21.0565414428711 21.1769161224365 21.1221656799316 21.1211242675781
-3.4e+38 -3.4e+38 -3.4e+38 -3.4e+38 -3.4e+38 -3.4e+38 -3.4e+38 -3.4e+38 -3.4e+38 -3.4e+38 -3.4e+38 -3.4e+38 -3.4e+38 20.8004589080811 20.9052505493164 20.9858341217041 20.9283332824707 20.8804168701172 20.9448757171631 20.9854583740234 21.0471668243408 20.9294586181641 20.8545837402344 20.6745414733887 20.5897922515869 20.5662078857422 20.5995826721191 20.6280422210693 20.6646251678467 20.7217922210693 20.7480411529541 20.7571258544922 20.808292388916 20.8421249389648 20.8976249694824 21.0844173431396 20.9688739776611 20.9305419921875 20.9622497558594 20.9534168243408 21.0518741607666 21.164083480835 21.2094593048096 21.1574172973633 21.2141246795654 21.2321243286133 21.1988754272461 21.1373748779297 21.1856670379639 21.1264591217041 21.1445426940918 21.1244583129883 21.077917098999
-3.4e+38 -3.4e+38 -3.4e+38 -3.4e+38 -3.4e+38 -3.4e+38 -3.4e+38 -3.4e+38 -3.4e+38 -3.4e+38 -3.4e+38 -3.4e+38 -3.4e+38 20.7865409851074 20.8756256103516 20.9760837554932 20.9572906494141 20.9309997558594 21.0303745269775 21.041374206543 21.1098747253418 21.113000869751 20.9256248474121 20.7718753814697 20.6791667938232 20.6137504577637 20.6344165802002 20.6590824127197 20.675708770752 20.7199592590332 20.7362499237061 20.7730827331543 20.8748340606689 20.9545841217041 21.0332489013672 21.1553325653076 21.1032905578613 20.9752082824707 20.9819583892822 20.9599571228027 21.1270408630371 21.1337089538574 21.2340412139893 21.2336254119873 21.2695827484131 21.2699165344238 21.2276248931885 21.1865425109863 21.1757507324219 21.1395416259766 21.2160415649414 21.2318344116211 21.2273330688477
