PastLayers/tmean.asc
NCOLS 292 
NROWS 291 
XLLCORNER -87.6458333327872 
YLLCORNER 24.4791666666667 
CELLSIZE 0.0416666666669039 
NODATA_value -3.4e+38 
[rows 0 to 23 of 291, columns 106 to 158 of 292]
-3.4e+38 -3.4e+38 -3.4e+38 -3.4e+38 -3.4e+38 -3.4e+38 -3.4e+38 -3.4e+38 -3.4e+38 -3.4e+38 -3.4e+38 -3.4e+38 -3.4e+38 -3.4e+38 -3.4e+38 -3.4e+38 -3.4e+38 -3.4e+38 -3.4e+38 -3.4e+38 -3.4e+38 -3.4e+38 -3.4e+38 -3.4e+38 -3.4e+38 -3.4e+38 -3.4e+38 -3.4e+38 -3.4e+38 -3.4e+38 -3.4e+38 -3.4e+38 -3.4e+38 -3.4e+38 -3.4e+38 -3.4e+38 -3.4e+38 8.68833351135254 9.44279193878174 9.80466651916504 -3.4e+38 -3.4e+38 -3.4e+38 -3.4e+38 -3.4e+38 -3.4e+38 -3.4e+38 -3.4e+38 -3.4e+38 -3.4e+38 -3.4e+38 -3.4e+38 -3.4e+38
-3.4e+38 -3.4e+38 -3.4e+38 -3.4e+38 -3.4e+38 -3.4e+38 -3.4e+38 -3.4e+38 -3.4e+38 -3.4e+38 -3.4e+38 -3.4e+38 -3.4e+38 -3.4e+38 -3.4e+38 -3.4e+38 -3.4e+38 -3.4e+38 -3.4e+38 -3.4e+38 -3.4e+38 -3.4e+38 -3.4e+38 -3.4e+38 -3.4e+38 -3.4e+38 -3.4e+38 -3.4e+38 -3.4e+38 -3.4e+38 -3.4e+38 -3.4e+38 -3.4e+38 -3.4e+38 -3.4e+38 -3.4e+38 -3.4e+38 9.64925003051758 9.70100021362305 10.1832914352417 10.3772916793823 10.5275001525879 10.478458404541 10.5417919158936 10.4719581604004 10.5252494812012 10.5964164733887 10.7135829925537 10.7531251907349 10.7951669692993 10.528208732605 10.7736253738403 10.8936252593994
-3.4e+38 -3.4e+38 -3.4e+38 -3.4e+38 -3.4e+38 -3.4e+38 -3.4e+38 -3.4e+38 -3.4e+38 -3.4e+38 -3.4e+38 -3.4e+38 -3.4e+38 -3.4e+38 -3.4e+38 -3.4e+38 -3.4e+38 -3.4e+38 -3.4e+38 -3.4e+38 -3.4e+38 -3.4e+38 -3.4e+38 -3.4e+38 -3.4e+38 -3.4e+38 -3.4e+38 -3.4e+38 -3.4e+38 -3.4e+38 -3.4e+38 -3.4e+38 -3.4e+38 -3.4e+38 -3.4e+38 -3.4e+38 -3.4e+38 9.89891624450684 9.53329181671143 10.1787919998169 10.3998746871948 10.3070411682129 10.374041557312 10.4216251373291 10.5218334197998 10.5410003662109 10.6255416870117 10.7142496109009 10.8870000839233 9.99312496185303 10.7779998779297 10.9710836410522 11.0936670303345
-3.4e+38 -3.4e+38 -3.4e+38 -3.4e+38 -3.4e+38 -3.4e+38 -3.4e+38 -3.4e+38 -3.4e+38 -3.4e+38 -3.4e+38 -3.4e+38 -3.4e+38 -3.4e+38 -3.4e+38 -3.4e+38 -3.4e+38 -3.4e+38 -3.4e+38 -3.4e+38 -3.4e+38 -3.4e+38 -3.4e+38 -3.4e+38 -3.4e+38 -3.4e+38 -3.4e+38 -3.4e+38 -3.4e+38 -3.4e+38 -3.4e+38 -3.4e+38 -3.4e+38 -3.4e+38 -3.4e+38 -3.4e+38 -3.4e+38 9.91137504577637 10.104416847229 10.2182912826538 10.1459579467773 9.94962501525879 9.91954135894775 10.430832862854 10.6117506027222 10.6855421066284 10.8044586181641 10.1725416183472 9.629958152771 10.1389579772949 10.4952087402344 10.731541633606 10.6989583969116
-3.4e+38 -3.4e+38 -3.4e+38 -3.4e+38 -3.4e+38 -3.4e+38 -3.4e+38 -3.4e+38 -3.4e+38 -3.4e+38 -3.4e+38 -3.4e+38 -3.4e+38 -3.4e+38 -3.4e+38 -3.4e+38 -3.4e+38 -3.4e+38 -3.4e+38 -3.4e+38 -3.4e+38 -3.4e+38 -3.4e+38 -3.4e+38 -3.4e+38 -3.4e+38 -3.4e+38 -3.4e+38 -3.4e+38 -3.4e+38 -3.4e+38 -3.4e+38 -3.4e+38 -3.4e+38 -3.4e+38 -3.4e+38 9.71937561035156 9.99212455749512 9.99316692352295 9.24620819091797 10.1801662445068 10.1764583587646 10.1827077865601 10.5903749465942 10.7146253585815 10.7487497329712 10.8531665802002 10.7459163665771 10.4344577789307 11.166166305542 10.8999996185303 11.9638328552246 11.1754579544067
-3.4e+38 -3.4e+38 -3.4e+38 -3.4e+38 -3.4e+38 -3.4e+38 -3.4e+38 -3.4e+38 -3.4e+38 -3.4e+38 -3.4e+38 -3.4e+38 -3.4e+38 -3.4e+38 -3.4e+38 -3.4e+38 -3.4e+38 -3.4e+38 -3.4e+38 -3.4e+38 -3.4e+38 -3.4e+38 -3.4e+38 -3.4e+38 -3.4e+38 -3.4e+38 -3.4e+38 -3.4e+38 -3.4e+38 -3.4e+38 -3.4e+38 -3.4e+38 -3.4e+38 -3.4e+38 -3.4e+38 -3.4e+38 9.73358345031738 9.4997501373291 9.23124980926514 9.16141700744629 9.49270820617676 10.2729587554932 10.3015413284302 10.670708656311 10.4663753509521 10.1899995803833 10.4729995727539 10.7986249923706 11.8020000457764 13.2147083282471 13.6684169769287 13.5968751907349 13.3074998855591
-3.4e+38 -3.4e+38 -3.4e+38 -3.4e+38 -3.4e+38 -3.4e+38 -3.4e+38 -3.4e+38 -3.4e+38 -3.4e+38 -3.4e+38 -3.4e+38 -3.4e+38 -3.4e+38 -3.4e+38 -3.4e+38 -3.4e+38 -3.4e+38 -3.4e+38 -3.4e+38 -3.4e+38 -3.4e+38 -3.4e+38 -3.4e+38 -3.4e+38 -3.4e+38 -3.4e+38 -3.4e+38 -3.4e+38 -3.4e+38 -3.4e+38 -3.4e+38 -3.4e+38 9.60012435913086 9.12087440490723 9.8725004196167 8.34904193878174 8.46024990081787 9.20008277893066 9.70054149627686 10.0715417861938 9.88379192352295 10.3881664276123 10.6951665878296 10.5898332595825 12.2514581680298 12.799916267395 13.248083114624 13.7663745880127 13.8570833206177 13.7858753204346 13.7335834503174 13.8227500915527
-3.4e+38 -3.4e+38 -3.4e+38 -3.4e+38 -3.4e+38 -3.4e+38 -3.4e+38 -3.4e+38 -3.4e+38 -3.4e+38 -3.4e+38 -3.4e+38 -3.4e+38 -3.4e+38 -3.4e+38 -3.4e+38 -3.4e+38 -3.4e+38 -3.4e+38 -3.4e+38 -3.4e+38 -3.4e+38 -3.4e+38 -3.4e+38 -3.4e+38 -3.4e+38 -3.4e+38 -3.4e+38 -3.4e+38 -3.4e+38 -3.4e+38 -3.4e+38 9.80025005340576 10.1485414505005 9.83437538146973 9.85329151153564 8.49399948120117 9.49720859527588 9.68904209136963 10.1405000686646 10.3753747940063 10.4742088317871 10.3346662521362 9.92258358001709 10.3434162139893 12.4861249923706 13.3725833892822 13.4220838546753 13.9252080917358 13.8135833740234 14.0520420074463 14.0590419769287 13.9433326721191
-3.4e+38 -3.4e+38 -3.4e+38 -3.4e+38 -3.4e+38 -3.4e+38 -3.4e+38 -3.4e+38 -3.4e+38 -3.4e+38 -3.4e+38 -3.4e+38 -3.4e+38 -3.4e+38 -3.4e+38 -3.4e+38 -3.4e+38 -3.4e+38 -3.4e+38 -3.4e+38 -3.4e+38 -3.4e+38 -3.4e+38 -3.4e+38 -3.4e+38 -3.4e+38 -3.4e+38 -3.4e+38 -3.4e+38 -3.4e+38 -3.4e+38 9.52316665649414 9.70316696166992 9.85325050354004 10.0026664733887 9.91279125213623 8.80074977874756 9.68804168701172 10.1017084121704 10.0159997940063 9.8343334197998 9.81445789337158 9.97458362579346 11.3462495803833 12.3767919540405 12.9679584503174 13.5494165420532 13.5723333358765 13.7640419006348 13.9175415039062 13.7910413742065 13.8137083053589 13.9426250457764
-3.4e+38 -3.4e+38 -3.4e+38 -3.4e+38 -3.4e+38 -3.4e+38 -3.4e+38 -3.4e+38 -3.4e+38 -3.4e+38 -3.4e+38 -3.4e+38 -3.4e+38 -3.4e+38 -3.4e+38 -3.4e+38 -3.4e+38 -3.4e+38 -3.4e+38 -3.4e+38 -3.4e+38 -3.4e+38 -3.4e+38 -3.4e+38 -3.4e+38 -3.4e+38 -3.4e+38 -3.4e+38 -3.4e+38 -3.4e+38 9.33366680145264 8.36754131317139 8.01512432098389 8.42316627502441 9.76479148864746 10.1117496490479 9.71516704559326 10.0582914352417 9.76629161834717 10.4380416870117 11.2663335800171 10.965708732605 11.9157085418701 12.44225025177 12.6660003662109 13.0924167633057 13.2132501602173 13.6473331451416 13.8468751907349 13.809624671936 13.7927913665771 13.7685832977295 13.9103336334229
-3.4e+38 -3.4e+38 -3.4e+38 -3.4e+38 -3.4e+38 -3.4e+38 -3.4e+38 -3.4e+38 -3.4e+38 -3.4e+38 -3.4e+38 -3.4e+38 -3.4e+38 -3.4e+38 -3.4e+38 -3.4e+38 -3.4e+38 -3.4e+38 -3.4e+38 -3.4e+38 -3.4e+38 -3.4e+38 -3.4e+38 -3.4e+38 -3.4e+38 -3.4e+38 -3.4e+38 -3.4e+38 -3.4e+38 9.14841651916504 9.34500026702881 8.58675003051758 8.1339168548584 8.13829135894775 9.15895843505859 9.84262466430664 9.13258266448975 9.24962520599365 9.31808280944824 9.8050422668457 11.2123746871948 12.231499671936 12.2469167709351 12.2776670455933 13.0130004882812 13.3651666641235 13.5170421600342 13.5864162445068 13.6716661453247 13.8976669311523 13.9259586334229 13.882791519165 13.8853750228882
-3.4e+38 -3.4e+38 -3.4e+38 -3.4e+38 -3.4e+38 -3.4e+38 -3.4e+38 -3.4e+38 -3.4e+38 -3.4e+38 -3.4e+38 -3.4e+38 -3.4e+38 -3.4e+38 -3.4e+38 -3.4e+38 -3.4e+38 -3.4e+38 -3.4e+38 -3.4e+38 -3.4e+38 -3.4e+38 8.7299165725708 8.95450019836426 9.23508358001709 8.97837448120117 -3.4e+38 -3.4e+38 -3.4e+38 7.94854164123535 8.46870803833008 8.13679122924805 7.73308324813843 8.07441711425781 8.33583354949951 9.36966705322266 9.984375 9.63137531280518 10.6252918243408 11.1751670837402 11.611499786377 12.8101253509521 12.584792137146 12.6850004196167 13.2886257171631 13.4283332824707 13.5885419845581 13.6845836639404 13.7525415420532 13.8245830535889 13.7980422973633 13.695125579834 13.428542137146
-3.4e+38 -3.4e+38 -3.4e+38 -3.4e+38 -3.4e+38 -3.4e+38 -3.4e+38 -3.4e+38 -3.4e+38 -3.4e+38 -3.4e+38 -3.4e+38 -3.4e+38 -3.4e+38 -3.4e+38 -3.4e+38 -3.4e+38 -3.4e+38 -3.4e+38 -3.4e+38 10.2945003509521 10.4323749542236 9.84883308410645 9.31687545776367 9.87100028991699 8.3085412979126 7.90070819854736 7.9053750038147 8.42983341217041 8.78824996948242 8.36720848083496 8.41349983215332 8.38141632080078 8.3216667175293 9.29258346557617 10.875 11.9025831222534 11.4786252975464 11.55774974823 11.8606672286987 12.6089162826538 11.9438333511353 12.5107917785645 13.3307085037231 13.4701662063599 13.487416267395 13.5400419235229 13.6378746032715 13.6696252822876 13.5430421829224 12.6870832443237 12.9276666641235 13.5912914276123
-3.4e+38 -3.4e+38 -3.4e+38 -3.4e+38 -3.4e+38 -3.4e+38 -3.4e+38 -3.4e+38 -3.4e+38 -3.4e+38 -3.4e+38 -3.4e+38 -3.4e+38 10.4938335418701 10.0481252670288 -3.4e+38 -3.4e+38 -3.4e+38 -3.4e+38 9.62133312225342 9.93095874786377 10.9759588241577 10.9958333969116 10.4202089309692 9.8839168548584 9.67220783233643 9.22312545776367 8.55129146575928 8.76845836639404 9.16916656494141 8.3663330078125 8.66975021362305 8.73058319091797 9.7854585647583 10.7639169692993 11.1786670684814 12.6673336029053 12.3482494354248 12.4489164352417 12.2063751220703 12.4685001373291 13.0443334579468 13.3928747177124 13.4728746414185 12.9385004043579 13.4561672210693 13.5035419464111 13.2888336181641 12.8627080917358 13.0110836029053 13.0942916870117 13.5163335800171 13.6545000076294
-3.4e+38 -3.4e+38 -3.4e+38 -3.4e+38 -3.4e+38 -3.4e+38 -3.4e+38 -3.4e+38 -3.4e+38 -3.4e+38 -3.4e+38 10.7944583892822 10.6713752746582 11.1789169311523 10.6070413589478 -3.4e+38 -3.4e+38 -3.4e+38 9.21495819091797 9.91333293914795 10.6180000305176 10.2111663818359 10.7619581222534 10.9887914657593 10.8175001144409 10.5477914810181 9.87195873260498 8.96450042724609 8.6475830078125 9.12466621398926 9.10562515258789 8.83687496185303 8.90970802307129 10.22350025177 11.4506664276123 11.6402082443237 11.5633754730225 12.7882080078125 12.9036664962769 12.5531253814697 13.2286252975464 12.9728336334229 12.8279581069946 13.4372081756592 13.3767499923706 12.8931665420532 13.2107915878296 13.8734579086304 13.9084167480469 13.9141664505005 14.032208442688 14.0712919235229 14.0620832443237
-3.4e+38 -3.4e+38 -3.4e+38 -3.4e+38 -3.4e+38 -3.4e+38 -3.4e+38 -3.4e+38 -3.4e+38 -3.4e+38 -3.4e+38 11.7650833129883 11.7693748474121 10.6636667251587 10.3467502593994 10.0539999008179 9.89245796203613 9.35824966430664 9.39370822906494 9.55666637420654 10.0905828475952 10.3410415649414 9.99541664123535 9.25208377838135 10.1156663894653 9.92487525939941 9.86741638183594 9.14812469482422 9.57045841217041 9.88633346557617 9.28758335113525 9.05429172515869 9.1807918548584 10.5890417098999 11.0114583969116 11.8767080307007 13.0749998092651 13.0846662521362 13.3604164123535 13.160249710083 13.1081666946411 13.2188749313354 13.4006671905518 12.9755840301514 12.9108753204346 13.4222087860107 13.8237495422363 14.0493335723877 14.0964584350586 14.1750001907349 14.2305421829224 14.190333366394 14.2652912139893
-3.4e+38 -3.4e+38 -3.4e+38 -3.4e+38 -3.4e+38 -3.4e+38 -3.4e+38 -3.4e+38 13.0872917175293 11.9739999771118 11.2478332519531 12.1098747253418 11.8614168167114 11.425708770752 10.9239587783813 10.2650833129883 9.9960412979126 9.82262516021729 9.86420822143555 10.2985410690308 10.6548328399658 9.90775012969971 9.82104206085205 10.0334167480469 10.3734169006348 10.1151666641235 9.9707498550415 10.1847085952759 10.1013746261597 9.98550033569336 9.62262535095215 9.68662452697754 10.000207901001 11.7441244125366 12.4160003662109 11.680624961853 13.2810411453247 13.4688329696655 13.394416809082 13.436375617981 13.4137086868286 13.3015413284302 13.1490001678467 13.4006252288818 13.5371246337891 13.7744998931885 13.9319581985474 14.005708694458 14.1334581375122 14.236457824707 14.2867918014526 14.2761669158936 14.3025827407837
-3.4e+38 -3.4e+38 -3.4e+38 -3.4e+38 -3.4e+38 -3.4e+38 -3.4e+38 -3.4e+38 11.6207914352417 12.4993333816528 12.2689161300659 11.8269996643066 10.8943748474121 10.9426670074463 10.9682083129883 10.3327083587646 10.3293333053589 10.6857500076294 10.699291229248 9.96841621398926 9.90908336639404 9.12729167938232 8.96808338165283 8.45229148864746 9.83137512207031 9.53887557983398 9.39304161071777 9.77845859527588 10.2770004272461 10.6444997787476 11.2632913589478 10.5580835342407 11.0102081298828 12.4533338546753 13.3709163665771 13.6453332901001 13.620457649231 13.5796251296997 13.6498327255249 13.6557083129883 13.4128751754761 13.445291519165 13.2032079696655 13.6648750305176 13.8439168930054 13.9104995727539 14.0228748321533 13.9661664962769 14.1526670455933 14.2159996032715 14.3446254730225 14.3667917251587 14.3772087097168
-3.4e+38 -3.4e+38 -3.4e+38 -3.4e+38 -3.4e+38 -3.4e+38 -3.4e+38 10.107250213623 11.4058332443237 11.1609163284302 11.3271245956421 11.9903745651245 11.4755830764771 11.338791847229 11.2755002975464 11.2515420913696 11.3892498016357 11.5299587249756 11.069167137146 9.82199954986572 9.00654125213623 8.82883358001709 8.43991661071777 7.14520835876465 9.14812469482422 9.49479103088379 9.5672082901001 10.881667137146 11.7923336029053 12.4635000228882 11.3172082901001 11.4921255111694 12.0284996032715 13.5491247177124 13.7037916183472 13.7741670608521 13.8461246490479 13.8502082824707 13.828125 13.6630001068115 13.4949169158936 13.6223754882812 13.7982501983643 13.8767919540405 13.9623746871948 14.0506248474121 14.0803747177124 14.122166633606 14.2038335800171 14.2735834121704 14.289041519165 14.37975025177 14.4103746414185
-3.4e+38 -3.4e+38 -3.4e+38 -3.4e+38 -3.4e+38 -3.4e+38 10.0634164810181 10.1542921066284 10.9869585037231 10.424708366394 10.6091251373291 11.5540418624878 11.7854166030884 11.5703744888306 11.5609169006348 11.6897087097168 11.735333442688 11.4684171676636 10.9479579925537 10.2915420532227 9.44375038146973 8.13216686248779 7.76941680908203 6.67091655731201 8.97983360290527 9.27575016021729 10.620041847229 11.0924577713013 12.7410831451416 11.7246246337891 11.5940418243408 12.8359994888306 13.496208190918 13.5488328933716 13.6543750762939 13.71399974823 13.9913330078125 14.0207080841064 13.9718751907349 13.8182506561279 13.838041305542 13.9029169082642 13.9369583129883 13.9715414047241 14.081958770752 14.1485414505005 14.1302499771118 14.1244583129883 14.1982917785645 14.2642078399658 14.3210411071777 14.3979997634888 14.445291519165
-3.4e+38 9.92866706848145 11.1371250152588 11.8390417098999 11.4360837936401 10.3738327026367 10.0008754730225 9.84912490844727 10.4472923278809 9.83066654205322 10.2779169082642 11.0501251220703 11.4525003433228 11.8129587173462 11.680832862854 11.7709579467773 11.5434999465942 10.5792503356934 10.5182495117188 10.5705003738403 9.7167501449585 7.65679168701172 6.94362497329712 7.307541847229 8.99929141998291 10.0535831451416 10.9314994812012 11.6928329467773 12.5388746261597 13.1045417785645 13.378041267395 13.515625 13.6029167175293 13.6428327560425 13.785249710083 13.919958114624 14.075291633606 14.0005836486816 13.7847919464111 13.8808746337891 13.8985414505005 13.8528747558594 13.9838743209839 14.1161661148071 14.1107082366943 14.0893335342407 14.1012086868286 14.1735420227051 14.2817087173462 14.2996664047241 14.3598337173462 14.4387083053589 14.4830417633057
9.43575000762939 9.91179180145264 9.32945823669434 10.0690412521362 10.9268751144409 10.1997919082642 9.88249969482422 9.87291622161865 9.95479202270508 9.91845798492432 10.9794578552246 11.5950422286987 11.8289585113525 11.9791660308838 12.0250835418701 11.9017086029053 12.1074171066284 11.4775838851929 10.7356252670288 9.63562488555908 8.43441677093506 9.56575012207031 8.48820781707764 8.74758338928223 9.51791667938232 10.0338335037231 10.683708190918 12.6667919158936 13.2661666870117 13.2819995880127 13.3185834884644 13.4682083129883 13.6000833511353 13.5824165344238 13.6190414428711 13.8799161911011 13.9506664276123 13.9255828857422 13.353666305542 13.0389165878296 13.3481664657593 13.4842081069946 13.9792909622192 14.090916633606 14.2192077636719 14.2494993209839 14.2803754806519 14.3874588012695 14.3710832595825 14.4315414428711 14.4720420837402 14.5635833740234 14.6587915420532
8.88308334350586 8.62483310699463 9.76900005340576 10.3647079467773 10.6860418319702 11.1280002593994 10.3202085494995 9.8397912979126 9.89000034332275 11.1025419235229 11.1427087783813 11.361457824707 11.8629999160767 11.9364585876465 12.0088748931885 12.153416633606 12.1555414199829 11.5637922286987 10.9301671981812 10.2861251831055 9.96812438964844 10.5343751907349 9.74154186248779 10.7533750534058 11.5379581451416 11.673999786377 12.7949171066284 13.16100025177 13.0926246643066 12.8720417022705 13.233208656311 13.4242496490479 13.4494171142578 13.5808753967285 13.6754169464111 13.7683334350586 13.2891664505005 13.2442083358765 13.5940418243408 13.7704992294312 14.019458770752 14.1000413894653 14.0862503051758 13.9917087554932 14.2935419082642 14.4855833053589 14.5366668701172 14.5608329772949 14.5334997177124 14.5354585647583 14.5574579238892 14.6283750534058 14.6698331832886
9.97870826721191 9.55970859527588 10.2337083816528 10.2365837097168 9.8549165725708 10.7702083587646 10.4579162597656 10.128041267395 9.87562465667725 9.90037441253662 10.0003328323364 11.3724994659424 11.7936668395996 11.8691663742065 11.9809579849243 12.0714998245239 12.1914167404175 11.9089584350586 12.2210416793823 11.7565002441406 11.0814580917358 11.2497081756592 10.7250413894653 11.094708442688 12.6937913894653 13.0620422363281 13.1039171218872 12.9487915039062 12.9193754196167 13.2434997558594 13.0720415115356 12.6388330459595 13.4506664276123 13.5087919235229 13.1345834732056 12.1137084960938 11.8495836257935 12.5643749237061 12.8152503967285 13.3989162445068 13.7990417480469 14.0747079849243 14.2589168548584 14.4021253585815 14.4602499008179 14.4965000152588 14.6282501220703 14.6176662445068 14.6609163284302 14.6276664733887 14.5745410919189 14.6772499084473 14.7599992752075
