PastLayers/tmean.asc
NCOLS 292 
NROWS 291 
XLLCORNER -87.6458333327872 
YLLCORNER 24.4791666666667 
CELLSIZE 0.0416666666669039 
NODATA_value -3.4e+38 
[rows 72 to 95 of 291, columns 53 to 105 of 292]
-3.4e+38 -3.4e+38 -3.4e+38 14.6932916641235 14.9366245269775 14.8812913894653 15.0382919311523 15.2092084884644 15.2133331298828 15.2827081680298 15.4044160842896 15.3902502059937 15.4393329620361 15.5139579772949 15.5269165039062 15.4622087478638 15.4327087402344 15.4421672821045 15.4778337478638 15.5327501296997 15.5595827102661 15.5774164199829 15.5012502670288 15.5703754425049 15.5732917785645 15.5616664886475 15.6148328781128 15.5869169235229 15.5581254959106 15.5164165496826 15.5452499389648 15.5665836334229 15.6088333129883 15.5877494812012 15.6171245574951 15.5657920837402 15.5532503128052 15.5232496261597 15.550708770752 15.6157083511353 15.6882076263428 15.8516254425049 15.9497919082642 15.9610834121704 15.9873752593994 16.0693340301514 16.0190410614014 16.0243759155273 16.1191253662109 16.1898746490479 16.275541305542 16.197624206543 16.2049579620361
-3.4e+38 -3.4e+38 -3.4e+38 15.0543336868286 14.9910411834717 14.9941253662109 15.1352081298828 15.2207078933716 15.2028331756592 15.2640419006348 15.5111665725708 15.514666557312 15.5482912063599 15.5638751983643 15.5527496337891 15.4781246185303 15.5003337860107 15.5392084121704 15.5700836181641 15.6209163665771 15.6137914657593 15.6059579849243 15.5554161071777 15.6234169006348 15.6464166641235 15.5946245193481 15.675874710083 15.613208770752 15.5491666793823 15.4797916412354 15.4130001068115 15.5192918777466 15.635666847229 15.7051668167114 15.6639165878296 15.6282081604004 15.6078748703003 15.6568746566772 15.6761255264282 15.70787525177 15.8215837478638 15.9281253814697 16.034875869751 16.0567092895508 16.0621662139893 16.1620407104492 16.2086658477783 16.1833744049072 16.2426242828369 16.3090000152588 16.2332496643066 16.2170829772949 16.1713752746582
-3.4e+38 -3.4e+38 -3.4e+38 15.1937494277954 15.1797924041748 15.1092910766602 15.2500419616699 15.2259588241577 15.0977087020874 15.4564170837402 15.6323757171631 15.627875328064 15.6652498245239 15.7583751678467 15.7092084884644 15.5637083053589 15.5473327636719 15.6138334274292 15.6673746109009 15.5716257095337 15.6449584960938 15.5774583816528 15.617000579834 15.5482082366943 15.521333694458 15.5828332901001 15.7120838165283 15.6047086715698 15.5192918777466 15.5124168395996 15.5333757400513 15.5933752059937 15.66100025177 15.7273750305176 15.7515001296997 15.7345838546753 15.7087078094482 15.7510833740234 15.8130826950073 15.887749671936 15.9235000610352 16.0180416107178 16.0680828094482 16.1205825805664 16.2296257019043 16.2333335876465 16.3517093658447 16.3055839538574 16.2952499389648 16.3088340759277 16.3247089385986 16.2955837249756 16.2007083892822
-3.4e+38 -3.4e+38 -3.4e+38 14.9717082977295 14.8967914581299 14.8559579849243 15.1483745574951 15.1340417861938 15.4662914276123 15.6439170837402 15.7647914886475 15.7773752212524 15.7467918395996 15.7805833816528 15.7557916641235 15.6689167022705 15.6178750991821 15.6293334960938 15.6218748092651 15.5688333511353 15.6000413894653 15.6039581298828 15.4815835952759 15.5614585876465 15.5434999465942 15.5528755187988 15.6867914199829 15.6967916488647 15.661958694458 15.5891246795654 15.6598329544067 15.7122497558594 15.7287502288818 15.7250413894653 15.7389583587646 15.7715835571289 15.8072919845581 15.8623752593994 15.906042098999 16.0231246948242 16.0375423431396 16.1534996032715 16.2170009613037 16.1437911987305 16.3172092437744 16.4192924499512 16.3253746032715 16.41575050354 16.2914581298828 16.3552913665771 16.3430824279785 16.4052925109863 16.3582496643066
-3.4e+38 -3.4e+38 -3.4e+38 14.7970838546753 14.6957502365112 15.1045837402344 15.254958152771 15.1671667098999 15.4663333892822 15.7757501602173 15.8150835037231 15.7554588317871 15.750207901001 15.7717084884644 15.7587919235229 15.7318754196167 15.6782913208008 15.6558752059937 15.6051254272461 15.5328330993652 15.5030832290649 15.5875835418701 15.4222917556763 15.540958404541 15.5351667404175 15.5533332824707 15.6477079391479 15.7236661911011 15.7451667785645 15.8101663589478 15.8135833740234 15.8063335418701 15.8055830001831 15.8049583435059 15.8009586334229 15.8225002288818 15.9231252670288 15.9770832061768 16.0667495727539 16.1208324432373 16.1307907104492 16.2961673736572 16.3706245422363 16.3389587402344 16.3787078857422 16.5003337860107 16.4269161224365 16.4848747253418 16.4332504272461 16.3243751525879 16.4099998474121 16.4752922058105 16.4803333282471
-3.4e+38 -3.4e+38 -3.4e+38 -3.4e+38 14.8780002593994 15.2306661605835 15.4351253509521 15.6167497634888 15.8897504806519 15.9884996414185 15.7937088012695 15.7332496643066 15.7368335723877 15.7507495880127 15.716833114624 15.6800413131714 15.7240829467773 15.6667079925537 15.6066246032715 15.52037525177 15.4314584732056 15.4550828933716 15.4223327636719 15.5550413131714 15.5984582901001 15.6237087249756 15.6766662597656 15.7388334274292 15.7665004730225 15.9148330688477 15.9276666641235 15.8960418701172 15.8784999847412 15.8829164505005 15.9137916564941 15.9633750915527 16.0140419006348 16.1516666412354 16.2466259002686 16.2746677398682 16.2690410614014 16.3684158325195 16.4707908630371 16.5335006713867 16.384708404541 16.3920841217041 16.5679988861084 16.5598335266113 16.5356674194336 16.4304161071777 16.4399585723877 16.4767913818359 16.5092926025391
-3.4e+38 -3.4e+38 -3.4e+38 -3.4e+38 15.2096672058105 15.4834585189819 15.5947504043579 15.9819164276123 16.047290802002 15.9166250228882 15.8448333740234 15.8594169616699 15.8368330001831 15.7532920837402 15.7090005874634 15.6459169387817 15.6617078781128 15.6386251449585 15.589750289917 15.6048336029053 15.5335416793823 15.4414167404175 15.4858331680298 15.5870418548584 15.5978326797485 15.6576671600342 15.7892913818359 15.8326244354248 15.8334999084473 15.9826669692993 16.0066242218018 15.9959583282471 15.9820423126221 15.9737920761108 16.0011253356934 16.0301666259766 16.0903339385986 16.2904586791992 16.429666519165 16.4314994812012 16.4347915649414 16.5925006866455 16.654541015625 16.6252918243408 16.5863742828369 16.5457496643066 16.5299167633057 16.6698341369629 16.5825424194336 16.5345420837402 16.4869155883789 16.5526256561279 16.523458480835
-3.4e+38 -3.4e+38 -3.4e+38 -3.4e+38 15.44837474823 15.811541557312 16.0205841064453 15.9789171218872 16.1335010528564 15.8892917633057 15.9767913818359 15.9667921066284 15.9530000686646 15.7832088470459 15.6682081222534 15.626916885376 15.6116666793823 15.6164579391479 15.5848751068115 15.6748752593994 15.7129583358765 15.6300840377808 15.5661668777466 15.6984996795654 15.705041885376 15.8099164962769 15.8339996337891 15.8183336257935 15.9077501296997 16.0483341217041 16.0491256713867 16.0475006103516 16.0405006408691 16.0177917480469 16.0348739624023 16.074333190918 16.1378746032715 16.3489170074463 16.562084197998 16.5738754272461 16.6815414428711 16.6561660766602 16.6422920227051 16.6287078857422 16.6649169921875 16.728874206543 16.6958332061768 16.6449584960938 16.757999420166 16.5835418701172 16.673583984375 16.6187915802002 16.8074588775635
-3.4e+38 -3.4e+38 -3.4e+38 -3.4e+38 15.6589584350586 15.8267917633057 15.8575410842896 16.1219158172607 16.0502490997314 16.0476665496826 16.0746250152588 16.0558757781982 15.9895420074463 15.892749786377 15.7452917098999 15.6333751678467 15.5736246109009 15.6199169158936 15.7089586257935 15.7062082290649 15.737416267395 15.6698751449585 15.6208753585815 15.7625007629395 15.7877082824707 15.8707914352417 15.8947496414185 15.9344167709351 16.097583770752 16.1092090606689 16.0967082977295 16.0856666564941 16.0882511138916 16.0652084350586 16.1027507781982 16.1527919769287 16.3127498626709 16.4581661224365 16.6784172058105 16.750207901001 16.6342086791992 16.6610832214355 16.6655006408691 16.6492919921875 16.6389579772949 16.60329246521 16.7155418395996 16.7093334197998 16.8497924804688 16.7503757476807 16.8327503204346 16.8628749847412 16.9532508850098
-3.4e+38 -3.4e+38 -3.4e+38 -3.4e+38 15.8166666030884 15.7827081680298 15.9551668167114 16.0822086334229 16.2669582366943 16.2781257629395 16.1818752288818 15.9854164123535 15.903374671936 15.8970413208008 15.8415412902832 15.658374786377 15.6266250610352 15.7701663970947 15.8382921218872 15.8187494277954 15.8183326721191 15.8142080307007 15.7249584197998 15.8073749542236 15.8837080001831 15.9513750076294 16.0002498626709 16.0318336486816 16.0872917175293 16.1277503967285 16.1106662750244 16.0923748016357 16.091625213623 16.1113758087158 16.0995826721191 16.2385005950928 16.4743328094482 16.6490821838379 16.7817916870117 16.7253761291504 16.6628341674805 16.6893329620361 16.5843753814697 16.66579246521 16.6965827941895 16.5888328552246 16.6363334655762 16.7897090911865 16.9388751983643 16.9869575500488 16.9252490997314 17.0195426940918 16.9589996337891
-3.4e+38 -3.4e+38 -3.4e+38 -3.4e+38 -3.4e+38 15.9854583740234 16.0233325958252 16.0277919769287 16.1613330841064 16.1902923583984 16.0616245269775 16.1165828704834 16.0483741760254 15.9077081680298 15.8870420455933 15.8401670455933 15.8652496337891 15.8780002593994 15.8644161224365 15.9023332595825 15.9182920455933 15.9466247558594 15.9442501068115 15.9480419158936 15.9896249771118 16.0000839233398 16.0113754272461 16.043041229248 16.095666885376 16.0182075500488 16.0705833435059 16.0652084350586 16.064416885376 16.1104164123535 16.2429580688477 16.3268756866455 16.4496250152588 16.5683326721191 16.7797927856445 16.7022495269775 16.7094593048096 16.7346668243408 16.635082244873 16.5775833129883 16.6304588317871 16.7887916564941 16.8706665039062 16.9766654968262 17.0056667327881 17.0590000152588 17.0829582214355 16.9261245727539 16.9601249694824
-3.4e+38 -3.4e+38 -3.4e+38 -3.4e+38 -3.4e+38 16.1139583587646 16.0832500457764 16.1590003967285 16.1930408477783 16.125207901001 16.1267070770264 16.0578327178955 16.0462074279785 16.0262908935547 16.0319576263428 15.9389581680298 15.9897499084473 16.0380420684814 16.0178756713867 15.9893751144409 16.0382499694824 16.0943336486816 16.1202507019043 16.1322078704834 16.0854587554932 16.0544166564941 16.0379581451416 16.0634994506836 16.1020832061768 16.074291229248 16.089750289917 16.087833404541 16.1342906951904 16.1336669921875 16.2925834655762 16.5032501220703 16.5885829925537 16.6772499084473 16.7407093048096 16.7742919921875 16.7349586486816 16.8269157409668 16.7129592895508 16.515417098999 16.6067504882812 16.8279590606689 16.8777923583984 16.8447914123535 16.8841667175293 16.8987083435059 16.8150005340576 16.9122924804688 16.9920825958252
-3.4e+38 -3.4e+38 -3.4e+38 -3.4e+38 -3.4e+38 16.2705841064453 16.2434158325195 16.2113742828369 16.1171245574951 16.093957901001 16.0983333587646 16.1088752746582 16.0574169158936 16.0952072143555 16.113582611084 16.0484161376953 16.0653324127197 16.1012916564941 16.0957489013672 16.1251659393311 16.0851249694824 16.1458759307861 16.1876239776611 16.1802501678467 16.175500869751 16.1627922058105 16.10329246521 16.1594581604004 16.171667098999 16.1643333435059 16.1324577331543 16.0827922821045 16.0332088470459 16.1110000610352 16.3043346405029 16.3354988098145 16.4531669616699 16.607458114624 16.6834163665771 16.8846244812012 16.8753337860107 16.8644161224365 16.7845001220703 16.6687908172607 16.628791809082 16.6115417480469 16.7581672668457 16.7351665496826 16.7852916717529 16.888500213623 16.9174175262451 17.0461254119873 17.0659999847412
-3.4e+38 -3.4e+38 -3.4e+38 -3.4e+38 -3.4e+38 16.3296661376953 16.2973327636719 16.1984996795654 16.103666305542 16.015832901001 15.9042911529541 15.9294166564941 15.9116249084473 15.9245834350586 16.0727081298828 16.0442924499512 16.0400009155273 16.0995426177979 16.1227493286133 16.1318740844727 16.1236667633057 16.152250289917 16.1568336486816 16.2692489624023 16.2338333129883 16.2205009460449 16.2038745880127 16.2378749847412 16.2386245727539 16.2311668395996 16.1174163818359 16.054874420166 16.1206245422363 16.2396678924561 16.2510833740234 16.3343753814697 16.3819580078125 16.5515823364258 16.8164176940918 16.900749206543 16.9736671447754 16.9681243896484 16.8318748474121 16.695499420166 16.6742916107178 16.636833190918 16.6074161529541 16.6462497711182 16.8464584350586 16.9921245574951 16.9389171600342 16.9082508087158 17.0341663360596
-3.4e+38 -3.4e+38 -3.4e+38 -3.4e+38 -3.4e+38 16.4054164886475 16.2996654510498 16.1223335266113 16.2841663360596 16.2412090301514 16.1738338470459 16.0315837860107 15.9106664657593 16.1184158325195 16.1437492370605 16.1576671600342 16.0762500762939 16.1831665039062 16.1877918243408 16.1369590759277 16.1402912139893 16.158166885376 16.1963329315186 16.1728324890137 16.1069583892822 16.021541595459 16.1608753204346 16.3333759307861 16.3570423126221 16.3075408935547 16.2387084960938 16.1893329620361 16.1810417175293 16.1870002746582 16.3120822906494 16.4581241607666 16.4504165649414 16.5702495574951 16.7885417938232 16.8720836639404 16.9664173126221 16.9223747253418 16.7626247406006 16.8782920837402 16.8482913970947 16.7213325500488 16.797082901001 16.8362083435059 16.7824993133545 16.7980422973633 16.9102096557617 17.0258331298828 17.0197906494141
-3.4e+38 -3.4e+38 -3.4e+38 -3.4e+38 -3.4e+38 -3.4e+38 16.39674949646 16.3915843963623 16.3501243591309 16.2724170684814 16.1095008850098 15.9586668014526 16.1447505950928 16.1698741912842 16.175874710083 16.1552085876465 16.0886669158936 16.0731258392334 16.122917175293 16.1529159545898 16.1457500457764 16.1076240539551 16.0658340454102 16.0442504882812 16.0541667938232 16.3591251373291 16.3696250915527 16.4242076873779 16.386791229248 16.3697490692139 16.4355411529541 16.3743343353271 16.2901248931885 16.3168334960938 16.3325424194336 16.4487075805664 16.6608753204346 16.6483325958252 16.6685829162598 16.722375869751 16.8750419616699 17.001916885376 16.7272491455078 16.9084167480469 16.8507080078125 16.7825412750244 16.7059993743896 16.8199996948242 16.9221248626709 16.9947490692139 17.0222492218018 17.0852928161621 17.1105842590332
-3.4e+38 -3.4e+38 -3.4e+38 -3.4e+38 -3.4e+38 -3.4e+38 16.5030422210693 16.5492076873779 16.3304996490479 16.4417915344238 16.2441253662109 16.1579170227051 16.1079998016357 16.1809158325195 16.3367919921875 16.322416305542 16.0920829772949 16.0443744659424 16.1240005493164 15.9972496032715 15.7827911376953 16.2211246490479 16.0985832214355 16.2250423431396 16.2941246032715 16.4555416107178 16.466833114624 16.4564170837402 16.5060005187988 16.5821666717529 16.5861663818359 16.5 16.448917388916 16.4279174804688 16.5396671295166 16.667667388916 16.7375831604004 16.78733253479 16.7059574127197 16.7602920532227 16.8385829925537 17.0099582672119 16.9505004882812 16.9643745422363 16.9175415039062 16.80299949646 16.7803745269775 16.9139175415039 16.9456672668457 17.0314159393311 17.1185417175293 17.1223754882812 17.1498336791992
-3.4e+38 -3.4e+38 -3.4e+38 -3.4e+38 -3.4e+38 -3.4e+38 16.6554164886475 16.5424156188965 16.5854587554932 16.3709163665771 16.298376083374 16.1216259002686 16.1397094726562 16.0250835418701 16.1462497711182 16.0795001983643 15.8157081604004 15.5552082061768 15.7246246337891 16.0849990844727 16.1505832672119 16.045166015625 16.136625289917 16.3486671447754 16.4296245574951 16.607458114624 16.5138740539551 16.5908336639404 16.7042083740234 16.7304992675781 16.6673755645752 16.621000289917 16.5217914581299 16.6469573974609 16.765417098999 16.7325839996338 16.7700424194336 16.8236255645752 16.8952503204346 16.9149169921875 16.9147090911865 16.8505840301514 17.0176258087158 16.9667911529541 16.9487075805664 16.8584995269775 16.8722915649414 16.9778327941895 16.9908752441406 17.0990409851074 17.1624584197998 17.1509170532227 17.1204586029053
-3.4e+38 -3.4e+38 -3.4e+38 -3.4e+38 -3.4e+38 -3.4e+38 -3.4e+38 16.6847915649414 16.662166595459 16.6297073364258 16.5477085113525 16.328125 16.2695007324219 16.1857490539551 15.9981250762939 15.9352912902832 15.9062910079956 15.8691253662109 15.9084577560425 16.0362911224365 16.0874176025391 16.363208770752 16.5222091674805 16.7426662445068 16.7837085723877 16.78125 16.6471252441406 16.7577075958252 16.8244171142578 16.7412090301514 16.7289161682129 16.7427082061768 16.7177505493164 16.6679172515869 16.7685413360596 16.8654174804688 16.9669170379639 16.9460411071777 17.0556259155273 17.0546245574951 16.941333770752 16.9552917480469 16.8986663818359 17.1222915649414 17.1329593658447 17.0108337402344 16.9677505493164 17.0655841827393 17.1337089538574 17.1878337860107 17.1968746185303 17.1904163360596 17.1935405731201
-3.4e+38 -3.4e+38 -3.4e+38 -3.4e+38 -3.4e+38 -3.4e+38 -3.4e+38 16.935583114624 16.8134174346924 16.7221260070801 16.7122917175293 16.6072082519531 16.4893341064453 16.3978328704834 16.4462509155273 16.488582611084 16.408166885376 16.2606258392334 16.2547092437744 16.4267921447754 16.3869590759277 16.5018329620361 16.6861667633057 16.8266658782959 16.9680004119873 17.0324172973633 16.9000835418701 16.8285827636719 16.8307075500488 16.7699165344238 16.7302074432373 16.7802085876465 16.7952499389648 16.7210826873779 16.7689170837402 16.8665008544922 16.8709583282471 16.9991245269775 16.9785003662109 17.0016250610352 17.0887088775635 17.0492916107178 17.0985832214355 17.2251663208008 17.236499786377 17.1119575500488 17.0679588317871 17.048791885376 17.1873741149902 17.2137489318848 17.2257080078125 17.1915836334229 17.1865425109863
-3.4e+38 -3.4e+38 -3.4e+38 -3.4e+38 -3.4e+38 -3.4e+38 -3.4e+38 -3.4e+38 16.9479579925537 16.8927917480469 16.6422500610352 16.4026660919189 16.6293754577637 16.7194175720215 16.6441669464111 16.6452503204346 16.517707824707 16.4517078399658 16.359375 16.5366668701172 16.5546245574951 16.7093334197998 16.8677082061768 16.7842502593994 16.7402076721191 16.8785839080811 16.9060840606689 16.8061256408691 16.7512493133545 16.735876083374 16.7843742370605 16.8170413970947 16.8026657104492 16.7558746337891 16.7156658172607 16.7712497711182 16.8676242828369 16.9635410308838 17.1235408782959 17.1150417327881 17.0124988555908 17.0425415039062 17.1284999847412 17.2450828552246 17.312915802002 17.1285839080811 17.0706672668457 17.085750579834 17.2431659698486 17.2849159240723 17.2708339691162 17.2875823974609 17.2561664581299
-3.4e+38 -3.4e+38 -3.4e+38 -3.4e+38 -3.4e+38 -3.4e+38 -3.4e+38 -3.4e+38 17.0169162750244 16.8872509002686 17.0534591674805 17.0696239471436 17.0060005187988 16.9682083129883 16.9007911682129 16.8449172973633 16.7977085113525 16.6266250610352 16.5579586029053 16.7108325958252 16.7106246948242 16.6352500915527 16.7611675262451 16.7418746948242 16.9022083282471 16.8945426940918 16.800666809082 16.6852493286133 16.6692085266113 16.7874164581299 16.7747917175293 16.7585830688477 16.7775840759277 16.8629169464111 16.9159164428711 16.773250579834 16.8812084197998 16.9997501373291 17.023624420166 17.0995826721191 17.1795825958252 17.1641254425049 17.1561260223389 17.2346668243408 17.369291305542 17.2824172973633 17.1513748168945 17.2650833129883 17.2954998016357 17.3293323516846 17.3365001678467 17.3237915039062 17.3408756256104
-3.4e+38 -3.4e+38 -3.4e+38 -3.4e+38 -3.4e+38 -3.4e+38 -3.4e+38 -3.4e+38 17.343957901001 17.2859172821045 17.138500213623 17.023458480835 17.051082611084 16.9457912445068 16.9154167175293 16.8521251678467 16.7342071533203 16.6343326568604 16.6238746643066 16.6589164733887 16.5974578857422 16.5623741149902 16.6403751373291 16.7004585266113 16.6794166564941 16.7647914886475 16.6285419464111 16.6121673583984 16.6662082672119 16.7541255950928 16.7605838775635 16.786958694458 16.8498344421387 16.9252910614014 16.9633331298828 16.9234161376953 16.8651657104492 16.8384170532227 16.8855838775635 16.9979991912842 16.9793338775635 17.0209579467773 17.2054576873779 17.3021659851074 17.4185409545898 17.4087905883789 17.2472076416016 17.2919578552246 17.3195838928223 17.3640003204346 17.3837490081787 17.3978328704834 17.3573341369629
-3.4e+38 -3.4e+38 -3.4e+38 -3.4e+38 -3.4e+38 -3.4e+38 -3.4e+38 -3.4e+38 -3.4e+38 17.3312091827393 17.45654296875 17.2426242828369 17.2103328704834 17.0590839385986 16.8840827941895 16.8752498626709 16.8657493591309 16.9088325500488 16.9448337554932 16.8325424194336 16.7374172210693 16.6781253814697 16.6943340301514 16.6877498626709 16.7722072601318 16.7997074127197 16.7591667175293 16.6791667938232 16.7223339080811 16.7387504577637 16.7922496795654 16.7845821380615 16.9067077636719 16.9859580993652 16.8763751983643 16.8057079315186 16.8759174346924 16.9025840759277 16.9171657562256 16.9865417480469 17.0005416870117 17.0578746795654 17.1502075195312 17.2017917633057 17.4220409393311 17.4812927246094 17.3678340911865 17.3784999847412 17.3746242523193 17.3712921142578 17.3794174194336 17.3899173736572 17.3589992523193
