PastLayers/tmean.asc
NCOLS 292 
NROWS 291 
XLLCORNER -87.6458333327872 
YLLCORNER 24.4791666666667 
CELLSIZE 0.0416666666669039 
NODATA_value -3.4e+38 
[rows 48 to 71 of 291, columns 106 to 158 of 292]
15.6291666030884 15.6733751296997 15.6792497634888 15.6782913208008 15.4150838851929 15.4299583435059 15.6090002059937 15.7280416488647 15.8289995193481 15.7754583358765 15.6829586029053 15.7177505493164 15.7739582061768 15.8887920379639 15.7210416793823 15.7276668548584 15.65149974823 15.6389169692993 15.5911245346069 15.5365829467773 15.5062503814697 15.5086669921875 15.4950828552246 15.512749671936 15.4613752365112 15.4044160842896 15.4332504272461 15.4345417022705 15.4286670684814 15.4683332443237 15.5523748397827 15.5572500228882 15.5252494812012 15.4761257171631 15.4575834274292 15.5351667404175 15.5453748703003 15.5518751144409 15.5930414199829 15.5995416641235 15.5286254882812 15.4667501449585 15.5122079849243 15.5550003051758 15.6036243438721 15.659083366394 15.7156667709351 15.7577495574951 15.8125419616699 15.8470001220703 15.8777503967285 15.8835830688477 15.8672504425049
15.5640830993652 15.5971670150757 15.7452917098999 15.8428745269775 15.5412502288818 15.5625 15.7011251449585 15.7048749923706 15.7414169311523 15.7173757553101 15.7267503738403 15.8059587478638 15.7512083053589 15.8325834274292 15.8152914047241 15.8024997711182 15.722541809082 15.6597919464111 15.6339998245239 15.6300420761108 15.5965414047241 15.5772914886475 15.5747909545898 15.5335416793823 15.5141668319702 15.4088335037231 15.4214582443237 15.4777917861938 15.4520835876465 15.5555830001831 15.6070833206177 15.6079168319702 15.5882501602173 15.6024580001831 15.672833442688 15.6401252746582 15.6433753967285 15.6923332214355 15.6870832443237 15.6537084579468 15.5984582901001 15.5665416717529 15.5807504653931 15.6145830154419 15.6745414733887 15.7428331375122 15.8072910308838 15.8735418319702 15.8772916793823 15.9181661605835 15.946249961853 15.9315414428711 15.9476661682129
15.5054998397827 15.5337495803833 15.7115001678467 15.7827501296997 15.6274166107178 15.515417098999 15.5373754501343 15.5367498397827 15.5618753433228 15.5939168930054 15.6099586486816 15.6478328704834 15.771333694458 15.7899580001831 15.8844585418701 15.8718757629395 15.769416809082 15.7429580688477 15.6695423126221 15.6220417022705 15.5945415496826 15.5952081680298 15.6092081069946 15.5850839614868 15.5254993438721 15.4306669235229 15.4342918395996 15.5008335113525 15.5447082519531 15.6217498779297 15.6598749160767 15.679708480835 15.681583404541 15.7642917633057 15.7767086029053 15.7449169158936 15.7682495117188 15.8225002288818 15.8030004501343 15.743332862854 15.7217082977295 15.7022075653076 15.7180833816528 15.7630414962769 15.8340835571289 15.909291267395 15.9844160079956 15.9400005340576 15.9312086105347 15.96262550354 15.9622507095337 15.9479579925537 16.0592079162598
15.6498746871948 15.484167098999 15.5342922210693 15.5115423202515 15.4714994430542 15.4505834579468 15.4459581375122 15.4546670913696 15.4715414047241 15.5025005340576 15.6194581985474 15.7224588394165 15.7251663208008 15.7603330612183 15.737416267395 15.7853326797485 15.8861246109009 15.8522081375122 15.7112083435059 15.6669998168945 15.620041847229 15.6233329772949 15.6184997558594 15.6099166870117 15.5654163360596 15.4846668243408 15.5118751525879 15.5779581069946 15.6109161376953 15.6597499847412 15.6765832901001 15.7536668777466 15.8082084655762 15.8206672668457 15.836124420166 15.8457088470459 15.8771257400513 15.8906669616699 15.8805418014526 15.8814582824707 15.9014587402344 15.8724994659424 15.9672918319702 16.0779571533203 16.1318340301514 16.195291519165 16.1907501220703 16.2169990539551 16.1096248626709 16.1586666107178 16.1687088012695 16.2318744659424 16.2437076568604
15.4556245803833 15.4227914810181 15.4463329315186 15.4788331985474 15.5147495269775 15.5173330307007 15.4916667938232 15.4704999923706 15.4829168319702 15.5269165039062 15.6052913665771 15.5403747558594 15.6141662597656 15.7315826416016 15.7363748550415 15.7254161834717 15.8487501144409 15.8085412979126 15.7963752746582 15.7202501296997 15.6905002593994 15.7430410385132 15.7374582290649 15.7150831222534 15.6447916030884 15.6214580535889 15.6571254730225 15.6473331451416 15.6735830307007 15.7075834274292 15.756875038147 15.8050832748413 15.8561668395996 15.9001245498657 15.9241247177124 15.950291633606 15.9814586639404 15.9935417175293 16.0165424346924 15.9992914199829 15.9865837097168 16.1132507324219 16.189582824707 16.2056674957275 16.3135833740234 16.367000579834 16.2771244049072 16.4590835571289 16.2866249084473 16.2066669464111 16.2242088317871 16.2604160308838 16.3496246337891
15.355541229248 15.3561668395996 15.4128332138062 15.5558748245239 15.6734580993652 15.5576248168945 15.4942502975464 15.5378332138062 15.5207080841064 15.5440835952759 15.5313329696655 15.5476245880127 15.6679172515869 15.6516666412354 15.753833770752 15.6982498168945 15.723708152771 15.7562503814697 15.771541595459 15.7816667556763 15.7537088394165 15.7649164199829 15.8194160461426 15.8467502593994 15.7988748550415 15.8297080993652 15.8931665420532 15.8172912597656 15.7985420227051 15.7870836257935 15.8422498703003 15.9007911682129 15.9288749694824 15.9545001983643 16.0176239013672 16.0522918701172 16.0757904052734 16.1205425262451 16.1352920532227 16.113166809082 16.1397075653076 16.2667083740234 16.2594165802002 16.3085422515869 16.4967079162598 16.33766746521 16.2818756103516 16.4684581756592 16.4455833435059 16.3768749237061 16.3125419616699 16.2221260070801 16.3318328857422
15.5077085494995 15.4829168319702 15.5136251449585 15.611499786377 15.7820835113525 15.7034578323364 15.6874580383301 15.650333404541 15.5748748779297 15.5044584274292 15.4300413131714 15.5791244506836 15.6787910461426 15.6441669464111 15.6547918319702 15.6913747787476 15.7334995269775 15.7306251525879 15.7028751373291 15.7271661758423 15.7455835342407 15.7573747634888 15.8087911605835 15.911958694458 15.9117078781128 15.9176254272461 15.9191665649414 15.9224166870117 15.9237499237061 15.9065418243408 15.9357919692993 15.9833335876465 16.0289173126221 16.0212078094482 16.0725841522217 16.1371250152588 16.1886253356934 16.1995410919189 16.2036247253418 16.1992492675781 16.2643756866455 16.3097076416016 16.3816661834717 16.4958324432373 16.5674171447754 16.4406261444092 16.4128761291504 16.5044574737549 16.4333744049072 16.3242492675781 16.2354583740234 16.1879577636719 16.2375411987305
15.5347499847412 15.5322914123535 15.6644582748413 15.6510829925537 15.7674579620361 15.7169170379639 15.7030830383301 15.6254577636719 15.621000289917 15.541708946228 15.4283752441406 15.4878330230713 15.5017499923706 15.6263751983643 15.582124710083 15.6196250915527 15.7192087173462 15.7148752212524 15.6996250152588 15.7306661605835 15.7589168548584 15.7549161911011 15.7737922668457 15.8928747177124 15.895583152771 15.8706254959106 15.9102916717529 15.940333366394 15.9780416488647 15.9939584732056 15.9965419769287 16.0462493896484 16.0814590454102 16.0498752593994 16.121000289917 16.1990833282471 16.2392501831055 16.2439155578613 16.2589168548584 16.2961673736572 16.4263324737549 16.4322090148926 16.5619163513184 16.5982494354248 16.66575050354 16.6472492218018 16.4925003051758 16.5526237487793 16.4524574279785 16.3095836639404 16.2235412597656 16.2707080841064 16.1614990234375
15.5168752670288 15.4955415725708 15.6475830078125 15.7815828323364 15.8037919998169 15.7430419921875 15.6234169006348 15.5124998092651 15.4816246032715 15.4756669998169 15.4723749160767 15.3249168395996 15.4838752746582 15.5794172286987 15.5777912139893 15.6862087249756 15.7022085189819 15.6538753509521 15.674916267395 15.7240829467773 15.7610836029053 15.7643747329712 15.8091249465942 15.8735828399658 15.9116249084473 15.8716669082642 15.8855829238892 15.9162921905518 15.9917497634888 16.0456676483154 16.0602912902832 16.0729579925537 16.0982494354248 16.0816669464111 16.1432914733887 16.2024993896484 16.2552909851074 16.2615413665771 16.2691249847412 16.3346252441406 16.4819583892822 16.6423740386963 16.6754589080811 16.7297496795654 16.7617492675781 16.7867088317871 16.6532497406006 16.5866260528564 16.5472507476807 16.411958694458 16.3346252441406 16.3722915649414 16.3444576263428
15.5895833969116 15.5295829772949 15.6103754043579 15.7107496261597 15.7261667251587 15.6893749237061 15.6066665649414 15.5960836410522 15.4644994735718 15.3650417327881 15.269416809082 15.2807083129883 15.4780006408691 15.6016254425049 15.6377086639404 15.7160835266113 15.7072496414185 15.6655006408691 15.6837501525879 15.7365827560425 15.7340412139893 15.7819166183472 15.8286247253418 15.8822078704834 15.9122085571289 15.9440832138062 15.9475421905518 16.0133743286133 16.0517082214355 16.0721244812012 16.1428756713867 16.152250289917 16.1669178009033 16.1401672363281 16.1674175262451 16.2032909393311 16.2464580535889 16.2620830535889 16.2956256866455 16.4340419769287 16.4889163970947 16.6546669006348 16.7140827178955 16.7471256256104 16.7342491149902 16.705249786377 16.7009162902832 16.7417507171631 16.5767917633057 16.5638332366943 16.4897079467773 16.4485416412354 16.325834274292
15.572416305542 15.5533332824707 15.5190420150757 15.4827499389648 15.6378746032715 15.5562496185303 15.6689167022705 15.519458770752 15.4223327636719 15.4605836868286 15.4022922515869 15.3367919921875 15.451042175293 15.6601247787476 15.7003335952759 15.7727088928223 15.7919998168945 15.7480411529541 15.7032909393311 15.7519588470459 15.7554588317871 15.8912076950073 15.9099998474121 15.8990421295166 15.9527082443237 15.9785003662109 15.9814586639404 15.9924583435059 16.0319175720215 16.1111660003662 16.1791248321533 16.2182502746582 16.2514171600342 16.1832504272461 16.303165435791 16.343542098999 16.3783340454102 16.4037075042725 16.4646244049072 16.5254573822021 16.6003761291504 16.7213344573975 16.8489589691162 16.8719997406006 16.8379592895508 16.7814159393311 16.7547092437744 16.6806659698486 16.6367492675781 16.6853332519531 16.5389575958252 16.4440422058105 16.3405838012695
15.6390419006348 15.703332901001 15.7135000228882 15.5695829391479 15.4295415878296 15.5532913208008 15.5729169845581 15.5329170227051 15.5813331604004 15.3850002288818 15.3667917251587 15.4267921447754 15.4861669540405 15.560583114624 15.6307497024536 15.7532081604004 15.7777919769287 15.8193330764771 15.8347501754761 15.8607501983643 15.9044580459595 15.979416847229 15.9520835876465 15.9399166107178 15.9466667175293 15.9632081985474 16.0051250457764 16.0469589233398 16.1052913665771 16.1491661071777 16.1648750305176 16.2077083587646 16.2959175109863 16.2274589538574 16.2495002746582 16.3296241760254 16.3896675109863 16.4465427398682 16.570291519165 16.6925411224365 16.7507495880127 16.8001251220703 16.8524169921875 16.9101657867432 16.8657512664795 16.794750213623 16.7474174499512 16.7206249237061 16.642541885376 16.7388324737549 16.765625 16.5677089691162 16.5409164428711
15.5997915267944 15.6925001144409 15.7458333969116 15.640625 15.5703754425049 15.4802083969116 15.4679164886475 15.6230421066284 15.4935836791992 15.5338335037231 15.4015417098999 15.4409580230713 15.5003747940063 15.5470418930054 15.6102914810181 15.7377080917358 15.8038749694824 15.8663749694824 15.8924999237061 15.9177494049072 15.9625835418701 16.0480422973633 16.0283336639404 16.025749206543 16.0572090148926 16.0499172210693 16.0961666107178 16.2823333740234 16.3187923431396 16.3179588317871 16.2529582977295 16.3717498779297 16.3413753509521 16.3817920684814 16.4761257171631 16.5589160919189 16.5752506256104 16.5628337860107 16.7039165496826 16.7808322906494 16.8362083435059 16.8525829315186 16.8754997253418 16.8852500915527 16.8452911376953 16.8292083740234 16.8157081604004 16.7895412445068 16.7900009155273 16.8325004577637 16.8746242523193 16.8278331756592 16.8427505493164
15.7079162597656 15.6179170608521 15.6247911453247 15.7013750076294 15.6892919540405 15.4948329925537 15.3872079849243 15.4747495651245 15.4376668930054 15.2998752593994 15.299916267395 15.421875 15.5845413208008 15.6211252212524 15.6564168930054 15.77649974823 15.8797082901001 15.9101247787476 15.927583694458 15.9825000762939 16.0325012207031 16.0510005950928 16.1012496948242 16.1264572143555 16.1735420227051 16.22487449646 16.3341674804688 16.4413757324219 16.4790000915527 16.4468326568604 16.4418754577637 16.5121669769287 16.5418338775635 16.5653743743896 16.5980834960938 16.6418342590332 16.6241664886475 16.6657905578613 16.6794166564941 16.732292175293 16.7024574279785 16.7401256561279 16.7631244659424 16.8360004425049 16.819917678833 16.8373336791992 16.8076667785645 16.798583984375 16.9349575042725 17.0473747253418 16.9717082977295 16.9831676483154 16.8016662597656
15.7043333053589 15.7887496948242 15.6866664886475 15.6203746795654 15.6889581680298 15.6855001449585 15.4138336181641 15.3525419235229 15.3125829696655 15.3153743743896 15.368332862854 15.4222087860107 15.6005830764771 15.6715831756592 15.7856664657593 15.8789577484131 15.9415836334229 15.9786252975464 15.97962474823 16.0267086029053 16.0837917327881 16.1165008544922 16.2005004882812 16.2991676330566 16.4047508239746 16.3846244812012 16.4974575042725 16.5479164123535 16.5334167480469 16.5827922821045 16.6079998016357 16.6184997558594 16.6017913818359 16.6249160766602 16.6328754425049 16.7359161376953 16.6787090301514 16.588249206543 16.5988330841064 16.7304992675781 16.7100410461426 16.6574993133545 16.7392082214355 16.6976661682129 16.6652088165283 16.6924991607666 16.5890007019043 16.7256259918213 16.8806247711182 16.8770408630371 16.8832092285156 16.9827919006348 16.9144172668457
15.9012079238892 15.8766250610352 15.8542499542236 15.8520002365112 15.9268751144409 15.7549161911011 15.7297916412354 15.6327505111694 15.5376663208008 15.6100835800171 15.50950050354 15.6926250457764 15.8497495651245 15.9180002212524 15.9118337631226 15.9379587173462 15.9717502593994 16.0197925567627 16.0361251831055 16.1196250915527 16.2823753356934 16.3244171142578 16.4241256713867 16.4554576873779 16.5706253051758 16.599666595459 16.6325836181641 16.6023750305176 16.7040004730225 16.7742919921875 16.7748756408691 16.7242908477783 16.6850833892822 16.699125289917 16.693416595459 16.6909999847412 16.6302909851074 16.578332901001 16.6694164276123 16.6637496948242 16.6912498474121 16.6598739624023 16.5960826873779 16.4702911376953 16.5197906494141 16.6776657104492 16.7251663208008 16.8135833740234 16.8312511444092 16.8959178924561 16.9839572906494 17.1607494354248 17.18137550354
16.0095825195312 16.0013332366943 15.9604578018188 16.0268745422363 15.970874786377 15.8981256484985 15.7814998626709 15.6652498245239 15.6362915039062 15.7807502746582 15.8631658554077 16.0222091674805 16.08766746521 16.0807495117188 16.0144577026367 16.0499591827393 16.0559158325195 16.0806674957275 16.1442089080811 16.2660007476807 16.425708770752 16.4657497406006 16.4766254425049 16.578498840332 16.7170829772949 16.7253341674805 16.6467514038086 16.8164577484131 16.8737506866455 16.8979587554932 16.8966255187988 16.8395824432373 16.7824993133545 16.6765422821045 16.6752910614014 16.6849994659424 16.6262092590332 16.65625 16.6601257324219 16.6008758544922 16.5092086791992 16.4828338623047 16.5130004882812 16.4539165496826 16.5155830383301 16.6093330383301 16.775749206543 16.7773742675781 16.8740425109863 17.0812091827393 17.1342906951904 17.0895004272461 17.3296241760254
16.056957244873 16.0813331604004 16.0711669921875 16.0413341522217 15.8824586868286 15.7731246948242 15.7225828170776 15.7656669616699 15.9730415344238 16.105541229248 16.1165409088135 16.2692909240723 16.2688751220703 16.1851673126221 16.1510410308838 16.0832500457764 16.1342086791992 16.209041595459 16.3476257324219 16.4643325805664 16.6037921905518 16.654167175293 16.6317920684814 16.7358341217041 16.7918338775635 16.851749420166 16.9169578552246 16.9919166564941 17.0065002441406 16.9778747558594 16.9276676177979 16.8832511901855 16.7983322143555 16.7194995880127 16.711124420166 16.6534175872803 16.6196670532227 16.7260417938232 16.5887908935547 16.5238742828369 16.6180000305176 16.6213340759277 16.6930828094482 16.5544166564941 16.6113739013672 16.652416229248 16.8101253509521 16.8726673126221 16.8598327636719 16.8693752288818 16.9565410614014 16.8867492675781 17.1359996795654
16.0650825500488 16.0862922668457 16.0914993286133 16.07204246521 16.0032920837402 15.9877910614014 15.9542503356934 16.0540828704834 16.1805000305176 16.2215423583984 16.3125839233398 16.4247913360596 16.414249420166 16.3447074890137 16.2160415649414 16.1578750610352 16.2721672058105 16.4454174041748 16.4797496795654 16.6111660003662 16.7723751068115 16.8317089080811 16.8251247406006 16.8276252746582 16.906042098999 16.9283752441406 17.0133743286133 17.0441665649414 17.0076675415039 16.9703330993652 16.8879585266113 16.8149585723877 16.7675838470459 16.7476253509521 16.6126670837402 16.6527080535889 16.7124576568604 16.6939582824707 16.6499576568604 16.6489582061768 16.892707824707 16.8752918243408 16.9305000305176 16.7607917785645 16.7880420684814 16.7661247253418 16.6187076568604 16.7805824279785 16.6305408477783 16.722375869751 16.8106670379639 16.7533760070801 16.955249786377
16.0498752593994 16.0792503356934 16.1066246032715 16.1202907562256 16.0500831604004 16.0055408477783 16.0750007629395 16.2680835723877 16.3595008850098 16.414083480835 16.4904594421387 16.4989166259766 16.4878330230713 16.4139995574951 16.3578758239746 16.4580001831055 16.4861259460449 16.5042915344238 16.5761241912842 16.6700420379639 16.7194995880127 16.8017921447754 16.8764991760254 16.8909587860107 16.984375 17.0555839538574 17.0843753814697 17.0336666107178 16.9699993133545 16.9475421905518 16.91237449646 16.7933330535889 16.722375869751 16.6565418243408 16.7506675720215 16.8958740234375 16.9402923583984 16.8622074127197 16.9004173278809 16.8200836181641 16.923583984375 17.0551242828369 17.1546669006348 16.9848747253418 16.8887500762939 17.0026664733887 16.83766746521 16.8125839233398 16.763542175293 16.6906242370605 16.7454166412354 16.7671241760254 16.9568748474121
16.0394992828369 16.0862083435059 16.1252918243408 16.1423759460449 16.1219158172607 16.0549583435059 16.1858749389648 16.2809581756592 16.4062080383301 16.43137550354 16.5424175262451 16.6515827178955 16.634916305542 16.564624786377 16.6255416870117 16.5829162597656 16.5384998321533 16.5174579620361 16.5590000152588 16.6422080993652 16.7477493286133 16.7845840454102 16.8252506256104 16.9393749237061 16.9832077026367 17.1142501831055 17.0337924957275 17.0110836029053 17.0304584503174 17.1805839538574 17.0879573822021 16.9365005493164 16.7455825805664 16.8405418395996 16.9182910919189 16.86549949646 17.0483341217041 17.1305828094482 17.0580425262451 17.1339168548584 16.9072074890137 16.949499130249 17.1277923583984 17.1389999389648 17.0016670227051 17.0694580078125 17.0193748474121 17.019416809082 16.8482913970947 16.8919582366943 17.0047092437744 16.9500827789307 16.9741249084473
16.0295009613037 16.0922908782959 16.154167175293 16.168041229248 16.1662921905518 16.2084999084473 16.3299999237061 16.3524169921875 16.3269577026367 16.3794574737549 16.5056667327881 16.6384582519531 16.6309585571289 16.6762924194336 16.6218757629395 16.6185836791992 16.648250579834 16.6567916870117 16.7034168243408 16.7497501373291 16.7939586639404 16.8438758850098 16.9050827026367 16.9677505493164 17.0283756256104 17.1342906951904 17.1585006713867 17.1793327331543 17.2589168548584 17.2283744812012 17.1684589385986 17.0585842132568 16.8293323516846 16.9337921142578 17.0348339080811 17.0734996795654 17.0600833892822 17.2212505340576 17.3142509460449 17.1277503967285 17.1460838317871 16.9408740997314 16.9295825958252 17.0739593505859 17.0401248931885 17.1546669006348 17.1987915039062 17.1217918395996 16.9831256866455 16.9975833892822 16.9788341522217 17.1166248321533 17.0664577484131
16.0169582366943 16.0855827331543 16.1575832366943 16.2153339385986 16.2157917022705 16.2313327789307 16.2718334197998 16.342041015625 16.341667175293 16.2845420837402 16.4134998321533 16.4943752288818 16.5419998168945 16.6567497253418 16.6047496795654 16.5747509002686 16.6931247711182 16.7777080535889 16.7707500457764 16.7738342285156 16.7677917480469 16.7546672821045 16.9106674194336 17.0189170837402 17.1113758087158 17.1283740997314 17.2747077941895 17.2952919006348 17.3609580993652 17.322208404541 17.2162494659424 17.0659160614014 17.0158748626709 17.1686248779297 17.2431240081787 17.1442089080811 17.2024593353271 17.1171245574951 17.2572498321533 17.3483753204346 17.2242088317871 17.0337085723877 17.0003337860107 16.9283752441406 16.9461250305176 17.0874576568604 17.0249996185303 17.1713752746582 17.2067089080811 17.1031665802002 17.0622501373291 17.1634159088135 17.1337089538574
16.1341667175293 16.0987091064453 16.1160411834717 16.1984157562256 16.2404594421387 16.2335834503174 16.2430000305176 16.2590827941895 16.2821254730225 16.2924575805664 16.3254585266113 16.3700828552246 16.4856243133545 16.5794162750244 16.5154991149902 16.6962909698486 16.7748336791992 16.7980003356934 16.721040725708 16.6481666564941 16.6842918395996 16.726749420166 16.8493328094482 17.0305004119873 17.2202091217041 17.2531661987305 17.1628742218018 17.3417491912842 17.4438743591309 17.3871669769287 17.1730003356934 17.113166809082 17.3117504119873 17.3140411376953 17.3497085571289 17.2120418548584 17.3307914733887 17.2517910003662 17.2009582519531 17.2795009613037 17.3485412597656 17.1646251678467 17.0279579162598 17.0752506256104 17.1107501983643 17.0967922210693 17.043249130249 17.1095428466797 17.1180419921875 17.2397918701172 17.2481670379639 17.1677074432373 17.2150001525879
