PastLayers/tmin.asc
NCOLS 292 
NROWS 291 
XLLCORNER -87.6458333327872 
YLLCORNER 24.4791666666667 
CELLSIZE 0.0416666666669039 
NODATA_value -3.4e+38 
[rows 48 to 71 of 291, columns 159 to 211 of 292]
9.24600028991699 9.1850004196167 9.37883377075195 9.26458358764648 9.33808326721191 9.51291656494141 9.71783351898193 10.0315837860107 9.51291656494141 9.23983287811279 9.09958362579346 9.23575019836426 9.22774982452393 9.25174999237061 9.31550025939941 9.27958297729492 9.34308338165283 9.3323335647583 9.35016632080078 9.26716613769531 9.16391658782959 9.11283302307129 9.05683326721191 8.99583339691162 8.93649959564209 8.91699981689453 8.86141681671143 8.82549953460693 8.87908363342285 8.95483303070068 8.96108341217041 9.09525012969971 9.25991630554199 9.41149997711182 9.55666637420654 9.61841678619385 9.60900020599365 9.60141658782959 9.54749965667725 9.54808330535889 9.49224948883057 9.41758346557617 9.40725040435791 9.39633369445801 9.39750003814697 9.4667501449585 9.45816707611084 9.4824161529541 9.50850009918213 9.51249980926514 9.51866722106934 9.55116653442383 9.53783321380615
9.46199989318848 9.50708293914795 9.37408351898193 9.06008338928223 9.07499980926514 9.26183319091797 9.52408313751221 9.43616676330566 9.27191638946533 9.05141639709473 9.02299976348877 9.09183311462402 9.16333293914795 9.21208381652832 9.24383354187012 9.27708339691162 9.29333305358887 9.32008361816406 9.29724979400635 9.22399997711182 9.19858360290527 9.21716690063477 9.16891670227051 9.21641635894775 9.15783309936523 9.05366706848145 8.95891666412354 8.90208339691162 8.96475028991699 9.01325035095215 9.13049983978271 9.18599987030029 9.28666687011719 9.46275043487549 9.58108329772949 9.58333301544189 9.57908344268799 9.61149978637695 9.63783359527588 9.63183307647705 9.56616687774658 9.51191711425781 9.49333381652832 9.47875022888184 9.49208354949951 9.60916614532471 9.60558319091797 9.55683326721191 9.5334997177124 9.55291652679443 9.5625 9.5625 9.57708358764648
9.45183277130127 9.60325050354004 9.56666660308838 9.46883296966553 9.49075031280518 9.38983345031738 9.26458358764648 9.19058322906494 9.21191692352295 9.05316638946533 9.02858352661133 9.13966655731201 9.19741630554199 9.26233386993408 9.31558322906494 9.33083343505859 9.32041645050049 9.32658386230469 9.38933372497559 9.28858375549316 9.23416614532471 9.22525024414062 9.19158363342285 9.27525043487549 9.25141620635986 9.16825008392334 9.03483295440674 8.90066719055176 8.9151668548584 9.05816650390625 9.30491638183594 9.36516666412354 9.36108303070068 9.45016670227051 9.54399967193604 9.63058376312256 9.68225002288818 9.68649959564209 9.64158344268799 9.64783382415771 9.63333320617676 9.59608364105225 9.60191631317139 9.62966632843018 9.6366662979126 9.66283321380615 9.65091705322266 9.5825834274292 9.55200004577637 9.551833152771 9.57491683959961 9.51233386993408 9.57124996185303
9.86699962615967 9.83591651916504 9.77883338928223 9.74216651916504 9.7321662902832 9.68141651153564 9.53375053405762 9.35974979400635 9.25574970245361 9.1584997177124 9.13508319854736 9.16616725921631 9.30000019073486 9.36849975585938 9.41699981689453 9.4355001449585 9.41833305358887 9.43191623687744 9.38983345031738 9.31533336639404 9.26891708374023 9.24391651153564 9.27124977111816 9.3417501449585 9.33716678619385 9.24858283996582 9.1569995880127 9.07625007629395 9.09916687011719 9.24475002288818 9.41549968719482 9.47008323669434 9.51150035858154 9.5446662902832 9.5800838470459 9.6473331451416 9.71724987030029 9.70941638946533 9.6567497253418 9.68833351135254 9.70516681671143 9.65299987792969 9.62291717529297 9.63249969482422 9.68400001525879 9.6676664352417 9.65808296203613 9.62733364105225 9.58300018310547 9.58783340454102 9.56433296203613 9.53833389282227 9.57383346557617
10.0189170837402 9.92183303833008 9.8526668548584 9.80533313751221 9.76708316802979 9.77649974822998 9.66041660308838 9.65458297729492 9.55924987792969 9.39433288574219 9.32091617584229 9.32649993896484 9.44041633605957 9.45341682434082 9.46983337402344 9.47000026702881 9.44241714477539 9.45149993896484 9.39933300018311 9.32008361816406 9.28983306884766 9.26774978637695 9.30599975585938 9.33724975585938 9.36458301544189 9.31083297729492 9.28483390808105 9.25383377075195 9.29683303833008 9.45058345794678 9.54199981689453 9.59941673278809 9.63383293151855 9.7185001373291 9.68125057220459 9.70600032806396 9.74199962615967 9.71916675567627 9.71258354187012 9.73533344268799 9.73324966430664 9.68333339691162 9.66633319854736 9.73449993133545 9.72858333587646 9.70716667175293 9.65641689300537 9.64141654968262 9.60900020599365 9.60099983215332 9.56491661071777 9.56116676330566 9.60933303833008
10.0290832519531 9.94041633605957 9.90583324432373 9.82224941253662 9.75883293151855 9.78908348083496 9.73533344268799 9.66258335113525 9.54433345794678 9.45583343505859 9.38358306884766 9.45716667175293 9.56400012969971 9.58966732025146 9.54258346557617 9.53041648864746 9.52783298492432 9.49233341217041 9.46116638183594 9.34316635131836 9.32874965667725 9.3886661529541 9.38800048828125 9.36133289337158 9.39858341217041 9.40858364105225 9.41666698455811 9.43074989318848 9.36999988555908 9.44050025939941 9.60808372497559 9.6879997253418 9.72224998474121 9.75100040435791 9.77716636657715 9.75825023651123 9.76099967956543 9.75183391571045 9.74933338165283 9.74699974060059 9.76016616821289 9.78608322143555 9.80599975585938 9.83633327484131 9.79800033569336 9.74158382415771 9.73066711425781 9.65100002288818 9.6381664276123 9.61658382415771 9.60766696929932 9.6049165725708 9.64383316040039
9.98375034332275 9.93350028991699 9.92266654968262 9.86724948883057 9.77533340454102 9.75650024414062 9.73008346557617 9.61883354187012 9.47624969482422 9.35366630554199 9.34458351135254 9.44333362579346 9.5334997177124 9.67441654205322 9.67933368682861 9.66216659545898 9.62391662597656 9.59450054168701 9.61483287811279 9.37825012207031 9.37741661071777 9.41224956512451 9.39999961853027 9.41800022125244 9.462082862854 9.51308345794678 9.52283382415771 9.51350021362305 9.4915828704834 9.53216648101807 9.64074993133545 9.76466655731201 9.79091644287109 9.80066680908203 9.8239164352417 9.77308368682861 9.80258369445801 9.82541656494141 9.81166648864746 9.79924964904785 9.7921667098999 9.8216667175293 9.89983367919922 9.93741703033447 9.88024997711182 9.8841667175293 9.87066650390625 9.79275035858154 9.68066692352295 9.63824939727783 9.65583324432373 9.66416645050049 9.69499969482422
9.87041664123535 9.90883350372314 9.94116687774658 9.9352502822876 9.86883354187012 9.79958343505859 9.76749992370605 9.58950042724609 9.4774169921875 9.3040828704834 9.27808380126953 9.34850025177002 9.47700023651123 9.70499992370605 9.75075054168701 9.71533298492432 9.73166656494141 9.73366641998291 9.7837495803833 9.68099975585938 9.6651668548584 9.64299964904785 9.63083362579346 9.57158374786377 9.50716686248779 9.56108379364014 9.56725025177002 9.5800838470459 9.62458324432373 9.63833332061768 9.71700000762939 9.76850032806396 9.80599975585938 9.83749961853027 9.88024997711182 9.84566688537598 9.8640832901001 9.90058326721191 9.93441677093506 9.94375038146973 9.92066669464111 9.91100025177002 9.95341682434082 9.97375011444092 9.99300003051758 10.0614166259766 9.96866607666016 9.88475036621094 9.80941677093506 9.73575019836426 9.73824977874756 9.77025032043457 9.78858375549316
9.80824947357178 9.93058300018311 9.96508312225342 9.96291637420654 9.93108367919922 9.88916683197021 9.72866630554199 9.57133293151855 9.38658332824707 9.28275012969971 9.22491645812988 9.41158294677734 9.70283317565918 9.77383327484131 9.77716636657715 9.78583335876465 9.80325031280518 9.78924942016602 9.88958358764648 9.90499973297119 9.82958316802979 9.79208374023438 9.7502498626709 9.74724960327148 9.65950012207031 9.59858322143555 9.60066699981689 9.59950065612793 9.60725021362305 9.66616630554199 9.74600028991699 9.77324962615967 9.78691673278809 9.8105001449585 9.85824966430664 9.8524169921875 9.90324974060059 9.96333312988281 10.0103330612183 10.0461664199829 10.0741662979126 10.0714168548584 9.99583339691162 10.0760831832886 10.1140003204346 10.1553335189819 10.0308332443237 9.9174165725708 9.90299987792969 9.89433288574219 9.87541675567627 9.91308307647705 9.91724967956543
9.82324981689453 10.0083332061768 10.0822496414185 10.0536670684814 10.1168336868286 9.99483299255371 9.80375003814697 9.67816638946533 9.50716686248779 9.41066646575928 9.39516639709473 9.58133316040039 9.80449962615967 9.87625026702881 9.85858345031738 9.87349987030029 9.89741611480713 9.92449951171875 10.0011672973633 9.97649955749512 9.91991710662842 9.84733295440674 9.84266662597656 9.83291625976562 9.79599952697754 9.74183368682861 9.62683296203613 9.60166645050049 9.61783313751221 9.67074966430664 9.7304162979126 9.7636661529541 9.81041622161865 9.84099960327148 9.88399982452393 9.81741714477539 9.9255838394165 10.0544166564941 10.1619997024536 10.22350025177 10.1987495422363 10.1383333206177 10.1296663284302 10.1502504348755 10.2090835571289 10.1701669692993 10.0405836105347 9.92758369445801 9.90516662597656 9.92516708374023 9.90925025939941 9.94416618347168 9.98308372497559
10.0193328857422 10.1450834274292 10.1807498931885 10.210750579834 10.2631664276123 10.1758337020874 10.0464162826538 9.79916667938232 9.5957498550415 9.58741664886475 9.67208385467529 9.85591697692871 9.95149993896484 10.0109996795654 9.96749973297119 9.97166633605957 9.9489164352417 9.94608306884766 9.97508335113525 9.93966674804688 9.90474987030029 9.93633365631104 9.88724994659424 9.85099983215332 9.82508277893066 9.81599998474121 9.74699974060059 9.57608318328857 9.63541698455811 9.66908359527588 9.75374984741211 9.81741619110107 9.82916641235352 9.86783313751221 9.93591690063477 9.94266700744629 10.0818328857422 10.1751661300659 10.2487497329712 10.2779169082642 10.2532501220703 10.2004165649414 10.1952495574951 10.2638330459595 10.247917175293 10.1525001525879 10.0611667633057 9.96291637420654 9.9375 9.89799976348877 9.92516613006592 9.94858360290527 9.96733283996582
10.3802499771118 10.3607501983643 10.2821664810181 10.2329168319702 10.2967500686646 10.2891664505005 10.1992502212524 10.0413331985474 9.87816715240479 9.88224983215332 9.96408367156982 10.0615835189819 10.1137495040894 10.0843334197998 10.0284996032715 10.0370836257935 10.0107498168945 10.0004167556763 9.97158336639404 9.92558288574219 9.94958305358887 9.85908317565918 9.88150024414062 9.85708332061768 9.8216667175293 9.80341720581055 9.7497501373291 9.65499973297119 9.66533374786377 9.74724960327148 9.80508327484131 9.89074993133545 9.88175010681152 9.94983291625977 9.9913330078125 10.1119165420532 10.1724166870117 10.2049999237061 10.2318334579468 10.2212505340576 10.2223339080811 10.2640829086304 10.331916809082 10.3307504653931 10.2681665420532 10.1677503585815 10.0915832519531 10.0325832366943 10.0107498168945 9.97933292388916 9.94283294677734 9.90783309936523 9.92216682434082
10.4878330230713 10.5311670303345 10.5379161834717 10.4542503356934 10.3559169769287 10.3546667098999 10.3098335266113 10.2504167556763 10.092999458313 10.03600025177 10.1295003890991 10.1495838165283 10.2273330688477 10.2340002059937 10.1837501525879 10.1252498626709 10.0910835266113 10.0171670913696 9.95316696166992 9.94908332824707 9.98633289337158 9.94141674041748 9.87349987030029 9.86308288574219 9.82925033569336 9.75266647338867 9.73866653442383 9.70608329772949 9.72674942016602 9.78108310699463 9.82558345794678 9.90141677856445 9.95775032043457 9.95916652679443 10.0434999465942 10.1220836639404 10.1615839004517 10.195333480835 10.2006664276123 10.19700050354 10.2242498397827 10.2904167175293 10.3543329238892 10.3409996032715 10.2910003662109 10.2321662902832 10.1706666946411 10.1420831680298 10.0789165496826 9.98983287811279 9.92541694641113 9.91724967956543 9.94699954986572
10.6125001907349 10.7226667404175 10.7456665039062 10.5271663665771 10.3349161148071 10.4809169769287 10.5101671218872 10.5638332366943 10.2480001449585 10.0401668548584 10.1210832595825 10.1784162521362 10.3027496337891 10.5275001525879 10.4349164962769 10.1851663589478 10.179666519165 10.1025838851929 10.0239162445068 10.0139169692993 10.0569171905518 10.0168333053589 10.0152502059937 9.94283294677734 9.81591701507568 9.78216648101807 9.74933338165283 9.75883293151855 9.76908302307129 9.80608367919922 9.89991664886475 9.96024990081787 10.0026664733887 10.0263328552246 10.0699167251587 10.09850025177 10.166916847229 10.1636667251587 10.1510829925537 10.1635837554932 10.2165832519531 10.3330001831055 10.3475828170776 10.3013334274292 10.2329168319702 10.1876668930054 10.1228332519531 10.0659170150757 10.0319166183472 9.95658302307129 9.94833374023438 9.92374992370605 9.97466659545898
10.7620000839233 10.9148330688477 10.7110834121704 10.4471664428711 10.5742502212524 10.5089168548584 10.6380834579468 10.4364166259766 10.294750213623 10.0592498779297 10.1012496948242 10.283166885376 10.5826663970947 10.522500038147 10.3253335952759 10.2408332824707 10.1813335418701 10.1818332672119 10.0238332748413 10.0069999694824 9.97083377838135 9.95641708374023 9.98474979400635 9.96141719818115 9.89691638946533 9.81883335113525 9.77391719818115 9.78674983978271 9.80883312225342 9.8745002746582 9.93908309936523 9.96041679382324 10.0263328552246 10.0865831375122 10.080249786377 10.1000003814697 10.1549167633057 10.1804170608521 10.1613340377808 10.1928329467773 10.2333335876465 10.3205833435059 10.3183336257935 10.3079996109009 10.2679166793823 10.1669998168945 10.1549167633057 10.153416633606 10.1234169006348 10.0623331069946 10.0244169235229 10.0480003356934 10.1269998550415
11.1254997253418 10.9629163742065 10.8003330230713 10.6081666946411 10.5458335876465 10.6660833358765 10.7783336639404 10.6015005111694 10.3118333816528 10.0054998397827 9.96483325958252 10.1997499465942 10.4239168167114 10.3132495880127 10.2465000152588 10.3497495651245 10.4116668701172 10.2931671142578 10.0654163360596 10.02649974823 9.96525001525879 9.88841724395752 9.9040002822876 9.93533325195312 9.90741729736328 9.84924983978271 9.81791687011719 9.81833362579346 9.87024974822998 9.92275047302246 9.97808361053467 9.98433303833008 10.1046667098999 10.1440830230713 10.136833190918 10.1689167022705 10.2065000534058 10.2716665267944 10.2691669464111 10.2714996337891 10.3141670227051 10.3272504806519 10.3751668930054 10.4092502593994 10.4001665115356 10.3365831375122 10.3441667556763 10.3637504577637 10.3739995956421 10.330249786377 10.2581672668457 10.2346668243408 10.2589998245239
11.2502498626709 11.1155004501343 11.0222501754761 10.7529163360596 10.6090831756592 10.6426668167114 10.6195001602173 10.6699171066284 10.5665836334229 9.98633289337158 9.83683300018311 10.0960836410522 10.2652502059937 10.1517496109009 10.257999420166 10.280083656311 10.3728332519531 10.2731666564941 10.0738334655762 9.97566699981689 9.93308353424072 9.89916706085205 9.88999938964844 9.87441635131836 9.84008312225342 9.84200000762939 9.85058307647705 9.91775035858154 9.91341686248779 10.0082502365112 10.0710000991821 10.1206665039062 10.219500541687 10.2129163742065 10.1835832595825 10.2491664886475 10.2465829849243 10.2936668395996 10.34850025177 10.3594999313354 10.3756666183472 10.4138336181641 10.4373331069946 10.4731664657593 10.4232501983643 10.4696664810181 10.5540838241577 10.5863332748413 10.6277503967285 10.5875835418701 10.4904165267944 10.3850831985474 10.4626665115356
11.1924161911011 11.097749710083 10.9779996871948 10.8750829696655 10.7476663589478 10.6007499694824 10.4949169158936 10.4645833969116 10.4575004577637 10.0995836257935 9.87616634368896 10.1270837783813 10.1442499160767 10.0699996948242 10.1438331604004 10.1227502822876 10.1385831832886 10.1430835723877 10.059666633606 10.0481662750244 9.90025043487549 9.85966682434082 9.85308361053467 9.85383319854736 9.80508327484131 9.76650047302246 9.87024974822998 9.98158359527588 10.0566663742065 10.0521669387817 10.1444997787476 10.2143335342407 10.2414999008179 10.3079166412354 10.2830829620361 10.3020000457764 10.2921667098999 10.309666633606 10.3651666641235 10.4168338775635 10.4387502670288 10.5068330764771 10.5674171447754 10.5589160919189 10.580249786377 10.6428337097168 10.7572498321533 10.8182497024536 10.7893333435059 10.6955833435059 10.6820001602173 10.6254167556763 10.6268329620361
10.8198337554932 10.9978332519531 10.9427499771118 10.8614168167114 10.7469997406006 10.6990003585815 10.5732498168945 10.5458335876465 10.4709167480469 10.2478332519531 10.0833330154419 10.2680006027222 10.2270832061768 10.1938333511353 10.2103328704834 10.2256669998169 10.1670827865601 10.1053333282471 10.1028327941895 10.071249961853 9.9709997177124 9.83958339691162 9.85150051116943 9.83916664123535 9.77966690063477 9.73291683197021 9.90408325195312 10.0120830535889 10.0678329467773 10.0971660614014 10.1376667022705 10.2317495346069 10.2729167938232 10.3185005187988 10.3645830154419 10.4016666412354 10.4191665649414 10.4289169311523 10.4482498168945 10.5166664123535 10.5288333892822 10.5269165039062 10.5529165267944 10.552583694458 10.7561664581299 10.7467498779297 10.7905836105347 10.8829164505005 10.84375 10.782416343689 10.7769165039062 10.7637500762939 10.7825832366943
10.853666305542 10.8836669921875 10.844916343689 10.8253335952759 10.6176662445068 10.5241670608521 10.4349164962769 10.4323329925537 10.4061660766602 10.3796663284302 10.2932500839233 10.4650001525879 10.4329166412354 10.3750829696655 10.2965002059937 10.2818336486816 10.1430835723877 10.043833732605 10.0741662979126 10.1628332138062 10.1135835647583 10.018500328064 9.92291641235352 9.99258327484131 9.94091701507568 9.88141632080078 9.94833374023438 9.99816703796387 10.0621671676636 10.1539163589478 10.1979999542236 10.2659997940063 10.262749671936 10.2792501449585 10.301833152771 10.335000038147 10.3482503890991 10.397500038147 10.4659996032715 10.4819993972778 10.5383329391479 10.5495834350586 10.5871667861938 10.6393337249756 10.7804164886475 10.7864170074463 10.8475828170776 10.8363332748413 10.7532501220703 10.7905836105347 10.839750289917 10.827166557312 10.7540836334229
10.7465829849243 10.8257503509521 10.8174171447754 10.7832498550415 10.8994169235229 11.0183334350586 10.722583770752 10.6164999008179 10.5039167404175 10.3836669921875 10.2896671295166 10.5192499160767 10.6294164657593 10.4571666717529 10.3258333206177 10.3459997177124 10.2450828552246 10.0991668701172 10.0832500457764 10.1245002746582 10.1560831069946 10.1263332366943 10.0757503509521 10.0094995498657 10.0339164733887 9.99625015258789 10.0195837020874 10.0651664733887 10.1169166564941 10.1613330841064 10.1840000152588 10.2554168701172 10.3299169540405 10.3593330383301 10.3865003585815 10.4187498092651 10.431583404541 10.4644165039062 10.4839162826538 10.4807500839233 10.4508333206177 10.5299997329712 10.5795001983643 10.6469163894653 10.7660837173462 10.8608331680298 10.8935832977295 10.8579168319702 10.8514165878296 10.8606662750244 10.8440828323364 10.810417175293 10.9290838241577
10.723916053772 10.7732496261597 10.7731666564941 10.7174997329712 10.8036670684814 10.9114170074463 11.0126667022705 10.827917098999 10.8924169540405 10.6012496948242 10.2624168395996 10.3451662063599 10.5503330230713 10.402250289917 10.2694997787476 10.2042503356934 10.1680002212524 10.1293334960938 10.1172504425049 10.0559997558594 10.1166667938232 10.1320829391479 10.1225004196167 10.0928335189819 10.1150827407837 10.0539999008179 9.99416637420654 10.1219167709351 10.2486667633057 10.2369165420532 10.2118330001831 10.2458333969116 10.3375835418701 10.396333694458 10.4344997406006 10.4723339080811 10.4491662979126 10.481499671936 10.44225025177 10.4578332901001 10.4499168395996 10.4772500991821 10.5674171447754 10.6151666641235 10.7379169464111 10.8830003738403 10.9276666641235 10.9680004119873 10.9844169616699 10.9319162368774 10.9215831756592 11.0474996566772 -3.4e+38
10.7710838317871 10.6573333740234 10.7369995117188 10.7126665115356 10.6871671676636 10.9149169921875 10.9069995880127 10.7742500305176 10.7656669616699 10.6038331985474 10.4910831451416 10.3307495117188 10.4133338928223 10.3194999694824 10.2549161911011 10.2308330535889 10.2216663360596 10.2436666488647 10.1194171905518 10.0710830688477 10.1113328933716 10.1386671066284 10.1664171218872 10.1877498626709 10.1909170150757 10.1861667633057 10.1887502670288 10.2711668014526 10.3909997940063 10.3686666488647 10.3159999847412 10.2833337783813 10.3625001907349 10.3918333053589 10.4340829849243 10.5053329467773 10.5650835037231 10.5339164733887 10.4741668701172 10.4752502441406 10.4518337249756 10.4409170150757 10.4450836181641 10.5576667785645 10.7573337554932 10.9075002670288 11.0799169540405 11.1125831604004 11.0507497787476 11.0650005340576 11.1489171981812 -3.4e+38 -3.4e+38
10.7420835494995 10.7366666793823 10.69700050354 10.7266664505005 10.6666669845581 10.6132497787476 10.8699998855591 10.7640829086304 10.5943336486816 10.6127500534058 10.5012502670288 10.3457498550415 10.2655830383301 10.1292495727539 10.1471672058105 10.1370000839233 10.1947498321533 10.1918334960938 10.1229162216187 10.1274995803833 10.138500213623 10.1785001754761 10.1633329391479 10.1704168319702 10.2005004882812 10.1921672821045 10.2075834274292 10.3419170379639 10.4160003662109 10.4117498397827 10.3360004425049 10.3422498703003 10.4389162063599 10.4376668930054 10.4430837631226 10.4851665496826 10.5096664428711 10.5402498245239 10.5061664581299 10.4399166107178 10.4116668701172 10.4262504577637 10.4615831375122 10.5479164123535 10.7640829086304 11.0296669006348 11.2244167327881 11.1629161834717 11.1473331451416 11.2660827636719 -3.4e+38 -3.4e+38 -3.4e+38
