PastLayers/tmin.asc
NCOLS 292 
NROWS 291 
XLLCORNER -87.6458333327872 
YLLCORNER 24.4791666666667 
CELLSIZE 0.0416666666669039 
NODATA_value -3.4e+38 
[rows 96 to 119 of 291, columns 106 to 158 of 292]
10.8585834503174 10.7939167022705 10.7895832061768 10.7595834732056 10.8315830230713 10.8819999694824 10.8509998321533 10.9370002746582 10.9358329772949 10.8988332748413 10.9461669921875 10.9165830612183 10.8900003433228 10.8924999237061 10.8987503051758 10.8886661529541 10.8487501144409 10.9753332138062 11.1438331604004 10.9938335418701 11.006667137146 10.9192495346069 11.0089168548584 11.0051670074463 11.0328330993652 10.9187498092651 11.0450000762939 11.0755834579468 11.0299997329712 11.0730829238892 11.1359167098999 11.0988330841064 11.2689170837402 11.3945837020874 11.3493337631226 11.4653329849243 11.3750829696655 11.3233337402344 11.3451662063599 11.3655834197998 11.4010829925537 11.3990001678467 11.3339166641235 11.351583480835 11.3781661987305 11.3431663513184 11.3086671829224 11.3115835189819 11.2851667404175 11.2530832290649 11.2917499542236 11.3000001907349 11.4306669235229
10.8695001602173 10.83424949646 10.8284997940063 10.8356666564941 10.8696670532227 10.9040832519531 10.9058332443237 10.9993333816528 10.9694166183472 10.9266672134399 10.9941663742065 11.0209999084473 11.0009164810181 10.9381666183472 10.9495830535889 10.9635000228882 10.9559164047241 10.9671669006348 11.1286668777466 11.0161666870117 11.0397500991821 11.0179166793823 10.9224166870117 11.0000829696655 11.0534172058105 10.9669170379639 11.1245002746582 11.1870002746582 11.1473331451416 11.1627502441406 11.1508331298828 11.2201662063599 11.2835836410522 11.3305835723877 11.2963333129883 11.3367500305176 11.4811668395996 11.5920829772949 11.5707502365112 11.512583732605 11.4730005264282 11.41100025177 11.3825836181641 11.309666633606 11.2659997940063 11.2480001449585 11.3562498092651 11.4058332443237 11.3880834579468 11.3570833206177 11.4317502975464 11.5034170150757 11.5477504730225
10.9450836181641 10.8546667098999 10.8529996871948 10.8795003890991 10.9044170379639 10.8708333969116 11.0045833587646 10.9938335418701 10.939416885376 10.9656667709351 11.0303335189819 11.0579996109009 11.0416669845581 11.0120000839233 11.0054998397827 11.0369167327881 11.1173334121704 11.0409164428711 11.0498332977295 11.126916885376 11.0805835723877 10.9619998931885 10.9052495956421 10.8486671447754 10.9698333740234 10.96875 11.0679168701172 11.2714166641235 11.1949996948242 11.2875003814697 11.3098335266113 11.3827495574951 11.3913335800171 11.4633331298828 11.4869995117188 11.3905830383301 11.4184169769287 11.4685831069946 11.5114164352417 11.5415830612183 11.6011667251587 11.5088329315186 11.4690837860107 11.3979167938232 11.3459167480469 11.3810834884644 11.3757495880127 11.3964166641235 11.4585828781128 11.4954166412354 11.5063333511353 11.6145000457764 11.6758327484131
10.9932498931885 10.9545831680298 10.9337501525879 10.9241666793823 10.886833190918 10.9289999008179 10.9729166030884 10.9619169235229 10.982250213623 11.1039171218872 11.1295003890991 11.0938339233398 11.108416557312 11.0797500610352 11.0452499389648 11.1259164810181 11.0879163742065 10.9604167938232 10.9734163284302 11.0269165039062 11.0139999389648 11.0214166641235 10.9618330001831 10.8769998550415 10.9040002822876 11.0598335266113 11.1014995574951 11.268500328064 11.325083732605 11.352499961853 11.4714164733887 11.4463329315186 11.4285001754761 11.4583330154419 11.3766670227051 11.4744167327881 11.5931663513184 11.5375833511353 11.4795837402344 11.5448331832886 11.6721668243408 11.5385837554932 11.4460830688477 11.454083442688 11.4203329086304 11.3850002288818 11.3955001831055 11.3859167098999 11.5129165649414 11.6246662139893 11.7202501296997 11.7491664886475 11.8053331375122
11.0420837402344 11.0307502746582 10.9934997558594 10.940333366394 10.9650831222534 11.0394163131714 11.0441665649414 11.0225830078125 11.0174999237061 11.100417137146 11.1901664733887 11.1695003509521 11.2115831375122 11.2013330459595 11.1732501983643 11.0935831069946 11.1437501907349 11.1373329162598 11.1000833511353 11.0639162063599 11.0222501754761 11.0258331298828 11.0174999237061 11.0710000991821 10.9942502975464 11.1231670379639 11.168833732605 11.2152500152588 11.4477500915527 11.4859161376953 11.454083442688 11.4948329925537 11.4769163131714 11.4747505187988 11.4694995880127 11.4635829925537 11.4892501831055 11.5164165496826 11.5157499313354 11.6335830688477 11.7304162979126 11.6642503738403 11.5200834274292 11.4897499084473 11.5073328018188 11.574333190918 11.6112499237061 11.5427503585815 11.6516666412354 11.7841663360596 11.8140001296997 11.8415832519531 11.8780832290649
11.051833152771 11.0741672515869 11.132833480835 11.0943336486816 11.1350002288818 11.1882495880127 11.1593332290649 11.0649995803833 11.0709161758423 11.1084995269775 11.1809167861938 11.3149995803833 11.3082504272461 11.3579998016357 11.2921667098999 11.2076663970947 11.1167497634888 11.1462497711182 11.2237501144409 11.2095003128052 11.1203336715698 11.1057500839233 11.2231664657593 11.2425832748413 11.1575832366943 11.1302499771118 11.3125 11.3589162826538 11.46875 11.4922494888306 11.4616670608521 11.4341669082642 11.4800834655762 11.4245834350586 11.4840831756592 11.4925832748413 11.5215835571289 11.541916847229 11.541916847229 11.5354995727539 11.6012496948242 11.7034997940063 11.6434164047241 11.6149168014526 11.6055002212524 11.6824998855591 11.7054166793823 11.6881666183472 11.7507495880127 11.8178329467773 11.8249168395996 11.8533334732056 11.8914165496826
11.1021661758423 11.1148338317871 11.1785001754761 11.1366662979126 11.2519998550415 11.2622499465942 11.1700830459595 11.1845836639404 11.1346664428711 11.1623334884644 11.2993335723877 11.3950004577637 11.3555002212524 11.3769998550415 11.3798332214355 11.3282499313354 11.3246669769287 11.2593336105347 11.3049163818359 11.3007497787476 11.2899169921875 11.2081670761108 11.2193336486816 11.2845001220703 11.180832862854 11.206916809082 11.3427505493164 11.412917137146 11.4904165267944 11.4816665649414 11.5179996490479 11.5171661376953 11.5601663589478 11.5710000991821 11.5131664276123 11.5102500915527 11.5549173355103 11.5962495803833 11.5229997634888 11.5043334960938 11.5349168777466 11.5708332061768 11.740083694458 11.685583114624 11.6565837860107 11.6608333587646 11.7185831069946 11.7851667404175 11.847583770752 11.9046669006348 11.8637504577637 11.871000289917 11.9211664199829
11.2667503356934 11.174916267395 11.285249710083 11.337833404541 11.3384170532227 11.2532501220703 11.1807498931885 11.2217502593994 11.2557497024536 11.2771663665771 11.3393335342407 11.3439998626709 11.3695831298828 11.3337497711182 11.361499786377 11.4110832214355 11.3479166030884 11.2747497558594 11.2951669692993 11.3220834732056 11.3532495498657 11.3011665344238 11.2718334197998 11.3055830001831 11.2880001068115 11.2898330688477 11.3267498016357 11.4925003051758 11.6120004653931 11.6479997634888 11.6351671218872 11.5358333587646 11.5268335342407 11.5892496109009 11.5536670684814 11.4771671295166 11.5920829772949 11.6646671295166 11.6090002059937 11.5696668624878 11.5215835571289 11.6080837249756 11.7247505187988 11.7144165039062 11.6931667327881 11.6790838241577 11.6881666183472 11.6999998092651 11.8167495727539 12.0037498474121 11.9691667556763 11.9161672592163 11.9510831832886
11.4488334655762 11.4094171524048 11.4086666107178 11.4821662902832 11.4506664276123 11.3356666564941 11.3001670837402 11.3454170227051 11.3684997558594 11.3931665420532 11.3491668701172 11.3488340377808 11.3612499237061 11.3561668395996 11.3688335418701 11.3799171447754 11.3970003128052 11.3190002441406 11.3554172515869 11.3805837631226 11.3692502975464 11.3607501983643 11.3159170150757 11.3375835418701 11.3285837173462 11.3431673049927 11.4684171676636 11.5425834655762 11.5738334655762 11.6307497024536 11.6314163208008 11.4636669158936 11.4841661453247 11.5308332443237 11.5691661834717 11.5580835342407 11.6634168624878 11.6930837631226 11.6294994354248 11.5668334960938 11.5806665420532 11.6529169082642 11.6681671142578 11.6983337402344 11.6291666030884 11.6254167556763 11.6342496871948 11.6766662597656 11.7689170837402 11.9129161834717 11.9972496032715 11.9840002059937 11.9814167022705
11.5889167785645 11.5675830841064 11.5092496871948 11.5795001983643 11.5627498626709 11.424750328064 11.3259162902832 11.2929162979126 11.3103332519531 11.2943334579468 11.356333732605 11.3484163284302 11.3526668548584 11.3596668243408 11.3348331451416 11.3462495803833 11.3890829086304 11.3588333129883 11.3841667175293 11.4052495956421 11.4426670074463 11.4184999465942 11.3340835571289 11.3575839996338 11.3978328704834 11.492166519165 11.5268335342407 11.5833330154419 11.5852499008179 11.5680837631226 11.6204996109009 11.5708332061768 11.554666519165 11.5502500534058 11.5535831451416 11.5440835952759 11.5994997024536 11.6658334732056 11.6653337478638 11.6531667709351 11.7045001983643 11.7135829925537 11.669750213623 11.6500835418701 11.6003332138062 11.5429162979126 11.5494165420532 11.6059999465942 11.7110834121704 11.8365001678467 11.9501667022705 12.0190000534058 12.11549949646
11.6684999465942 11.6299171447754 11.517749786377 11.5673332214355 11.5774164199829 11.4224166870117 11.3158330917358 11.3039999008179 11.2655830383301 11.1978330612183 11.2746667861938 11.2814998626709 11.3254995346069 11.3135833740234 11.2846660614014 11.3299999237061 11.3645830154419 11.3605003356934 11.3920001983643 11.4178333282471 11.455249786377 11.4435834884644 11.5163335800171 11.5609998703003 11.5839166641235 11.604416847229 11.5930833816528 11.6015005111694 11.6025829315186 11.5744171142578 11.6170835494995 11.6059999465942 11.5924167633057 11.6111669540405 11.6453332901001 11.6161670684814 11.6616668701172 11.6843338012695 11.6774997711182 11.7032499313354 11.752833366394 11.7326669692993 11.6142501831055 11.5749168395996 11.5160837173462 11.4630832672119 11.4825000762939 11.5080003738403 11.5753335952759 11.7178335189819 11.854416847229 12.0085830688477 12.1407499313354
11.6242504119873 11.6284160614014 11.5520830154419 11.4888334274292 11.4672498703003 11.4640836715698 11.3664169311523 11.2614164352417 11.3656663894653 11.3015832901001 11.1696662902832 11.1793336868286 11.2988328933716 11.3073329925537 11.3491668701172 11.3211669921875 11.43274974823 11.4318332672119 11.4969997406006 11.4165830612183 11.4966669082642 11.4910831451416 11.6148328781128 11.7117500305176 11.6643333435059 11.6614999771118 11.6667499542236 11.7036666870117 11.7236661911011 11.6930837631226 11.6819162368774 11.7125835418701 11.7115001678467 11.6999998092651 11.7491664886475 11.7749996185303 11.7808332443237 11.7498331069946 11.7316665649414 11.6898336410522 11.6900835037231 11.6307506561279 11.5610828399658 11.5055837631226 11.373833656311 11.3210830688477 11.2923336029053 11.3038330078125 11.4163331985474 11.5307502746582 11.7310829162598 11.889666557312 12.074333190918
11.5151662826538 11.5716667175293 11.6973333358765 11.6588335037231 11.5928335189819 11.5223331451416 11.4324169158936 11.3804998397827 11.2539167404175 11.2623329162598 11.2974166870117 11.376916885376 11.2798328399658 11.3627500534058 11.2475004196167 11.2710828781128 11.6083335876465 11.5657501220703 11.4669170379639 11.3522500991821 11.4233331680298 11.6245002746582 11.6001663208008 11.7119169235229 11.7479162216187 11.7825002670288 11.7474164962769 11.8552503585815 11.8436670303345 11.8154993057251 11.7954168319702 11.7553329467773 11.7506666183472 11.7770004272461 11.8367500305176 11.8870830535889 11.8529996871948 11.8474168777466 11.7694997787476 11.7439994812012 11.6616668701172 11.5705833435059 11.4946670532227 11.420916557312 11.263500213623 11.0895833969116 11.0234994888306 11.0542497634888 11.2282495498657 11.4227504730225 11.6467504501343 11.8254995346069 12.0258331298828
11.4104995727539 11.5190000534058 11.6960830688477 11.7087497711182 11.6441669464111 11.5688333511353 11.5115833282471 11.3972501754761 11.27649974823 11.329083442688 11.2394161224365 11.3318338394165 11.1658334732056 11.2885837554932 11.0812501907349 11.1566667556763 11.4730834960938 11.3744163513184 11.3858337402344 11.4365835189819 11.3403329849243 11.5797500610352 11.6526660919189 11.722583770752 11.8013334274292 11.8805837631226 11.831000328064 11.8646669387817 11.9305839538574 11.958083152771 11.9751672744751 11.9795837402344 11.9603338241577 11.9436664581299 11.9709997177124 11.9764165878296 11.9078330993652 11.8690004348755 11.8609161376953 11.7923336029053 11.6603336334229 11.547833442688 11.4936666488647 11.3589162826538 11.1634168624878 10.9359169006348 10.8421669006348 10.893500328064 11.061333656311 11.2969999313354 11.5917501449585 11.8777503967285 12.140832901001
11.3929996490479 11.5212497711182 11.6136665344238 11.5788335800171 11.6014995574951 11.5739164352417 11.4304170608521 11.4172496795654 11.4519166946411 11.4351663589478 11.3705835342407 11.2130832672119 11.1540002822876 11.3132495880127 11.1203336715698 11.0208330154419 11.1924171447754 11.2770833969116 11.2729997634888 11.2629165649414 11.4752502441406 11.5738334655762 11.7045831680298 11.7816667556763 11.7950000762939 11.8535003662109 11.9075832366943 11.9211664199829 12.002833366394 12.0583333969116 12.1348333358765 12.1901664733887 12.1273336410522 12.0609169006348 12.0622501373291 12.0428333282471 11.9766664505005 11.9077501296997 11.8107500076294 11.8014163970947 11.7182502746582 11.6551666259766 11.4965000152588 11.2679996490479 11.0662498474121 10.9011669158936 10.8063335418701 10.8720836639404 11.0494995117188 11.2576665878296 11.5745000839233 11.9352502822876 12.3471670150757
11.300666809082 11.4998331069946 11.6891670227051 11.5780830383301 11.4973335266113 11.6890001296997 11.7367506027222 11.7144165039062 11.5670833587646 11.3955001831055 11.2544164657593 11.1687498092651 11.1120834350586 11.1318330764771 10.9898328781128 10.9696664810181 10.8703336715698 10.9289999008179 11.0310001373291 11.2295837402344 11.4759168624878 11.5757503509521 11.7512502670288 11.8263330459595 11.8494167327881 11.8860836029053 11.9184999465942 11.9041662216187 12.0395002365112 12.1251668930054 12.2085838317871 12.2553329467773 12.1780834197998 12.1323337554932 12.089750289917 12.0469169616699 12.0021667480469 11.9907503128052 11.9176664352417 11.8177499771118 11.7522497177124 11.657416343689 11.4694166183472 11.2609167098999 11.0660829544067 10.9205837249756 10.8740835189819 10.9341669082642 11.1234169006348 11.3369998931885 11.7077503204346 12.0781669616699 12.518500328064
11.1807498931885 11.3628330230713 11.602499961853 11.7094163894653 11.6496667861938 11.6298332214355 11.6152496337891 11.6505832672119 11.462833404541 11.4957504272461 11.3669996261597 11.1844997406006 11.0366668701172 10.864333152771 10.9816665649414 11.1345834732056 11.0603332519531 11.2992496490479 11.1664161682129 11.3735837936401 11.5580835342407 11.5784997940063 11.5281667709351 11.7028331756592 11.889666557312 11.9187498092651 11.9473333358765 12.0122499465942 12.0997495651245 12.1490001678467 12.2079162597656 12.2505836486816 12.2004165649414 12.133749961853 12.0969171524048 12.0338335037231 11.9809169769287 11.920916557312 11.9110832214355 11.7889165878296 11.7594995498657 11.6173334121704 11.4711666107178 11.3293333053589 11.1684169769287 11.0544166564941 10.9860830307007 11.0165004730225 11.1885833740234 11.5133333206177 11.918083190918 12.319167137146 12.8546667098999
11.2553339004517 11.2172498703003 11.4487495422363 11.5716667175293 11.6140003204346 11.6458330154419 11.6062498092651 11.5438327789307 11.502833366394 11.3500833511353 11.1660003662109 10.9697504043579 11.0150003433228 11.1251668930054 11.357250213623 11.3459167480469 11.3777503967285 11.3259162902832 11.2827501296997 11.4597501754761 11.501166343689 11.5151672363281 11.5379161834717 11.5445003509521 11.658166885376 11.7692499160767 11.9459171295166 12.0772504806519 12.0880832672119 12.1105833053589 12.1568336486816 12.1525831222534 12.0939998626709 12.0627498626709 12.0639162063599 12.0224170684814 11.9711666107178 11.9169998168945 11.8260831832886 11.8131666183472 11.7608327865601 11.6332502365112 11.5190000534058 11.3793334960938 11.2513332366943 11.2004165649414 11.2145833969116 11.2543334960938 11.4602499008179 11.8568334579468 12.2365837097168 12.8147497177124 13.3756666183472
11.3853330612183 11.297833442688 11.2283334732056 11.4445829391479 11.670916557312 11.6479167938232 11.659083366394 11.5733337402344 11.4650831222534 11.2816667556763 11.1870832443237 11.3112497329712 11.4915828704834 11.4594163894653 11.390832901001 11.3832502365112 11.4168329238892 11.4680833816528 11.4925003051758 11.4910831451416 11.4916667938232 11.4974164962769 11.4895830154419 11.4750833511353 11.4775829315186 11.6085834503174 11.7595834732056 11.9225835800171 12.0693330764771 12.0541667938232 12.0799169540405 12.0818338394165 12.0445003509521 11.9851665496826 11.9582500457764 11.9978332519531 11.9572496414185 11.9263334274292 11.8796672821045 11.7825002670288 11.5992498397827 11.5633335113525 11.5240831375122 11.4176664352417 11.3341665267944 11.3098335266113 11.3600835800171 11.4949169158936 11.7668333053589 12.1265830993652 12.6628332138062 13.1730833053589 13.7910003662109
11.5247497558594 11.6181669235229 11.4835004806519 11.5770835876465 11.6183338165283 11.59850025177 11.5588331222534 11.5114994049072 11.4595832824707 11.4369163513184 11.5504169464111 11.677583694458 11.58424949646 11.4638328552246 11.4051666259766 11.3947496414185 11.4166669845581 11.4674167633057 11.4705829620361 11.4744997024536 11.4672498703003 11.4826669692993 11.4818334579468 11.4603328704834 11.4864168167114 11.5488328933716 11.6599168777466 11.7463331222534 11.816499710083 11.9484167098999 11.9972496032715 12.0139169692993 12.0155000686646 11.9619169235229 11.9458332061768 11.8929996490479 11.9405832290649 11.9378328323364 11.8899164199829 11.8223333358765 11.5967502593994 11.4930000305176 11.5072498321533 11.4914999008179 11.4641666412354 11.4456663131714 11.5637502670288 11.7673330307007 12.0432500839233 12.5544166564941 12.9726667404175 13.4645004272461 -3.4e+38
11.8710832595825 11.7623329162598 11.702000617981 11.7096662521362 11.7280836105347 11.6989164352417 11.6800832748413 11.6455001831055 11.6184167861938 11.6123332977295 11.6890830993652 11.6801662445068 11.6301670074463 11.6051664352417 11.5428333282471 11.5484161376953 11.5164165496826 11.4963331222534 11.475417137146 11.4589996337891 11.4735832214355 11.4508333206177 11.4537496566772 11.4440002441406 11.4593334197998 11.5325002670288 11.6136665344238 11.6514167785645 11.6926670074463 11.7589168548584 11.8777503967285 12.0216665267944 12.0355005264282 12.0064163208008 11.9165000915527 11.8533334732056 11.7848339080811 11.7799167633057 11.7962503433228 11.782416343689 11.623083114624 11.5415830612183 11.4728336334229 11.4913330078125 11.5361661911011 11.6149168014526 11.7702493667603 12.1431665420532 12.5573329925537 13.0401668548584 13.3803329467773 -3.4e+38 -3.4e+38
12.2012500762939 12.0398330688477 11.9876670837402 11.9190835952759 11.8004169464111 11.8147497177124 11.7941665649414 11.7250833511353 11.6905832290649 11.6900005340576 11.6766662597656 11.6374168395996 11.7141666412354 11.7086668014526 11.6818332672119 11.6420831680298 11.62024974823 11.5678329467773 11.543083190918 11.5845003128052 11.527250289917 11.5244998931885 11.5515003204346 11.5578336715698 11.5275831222534 11.4869995117188 11.5015830993652 11.5725002288818 11.6511669158936 11.738166809082 11.8079996109009 11.8772497177124 12.0159168243408 12.0216665267944 11.9795827865601 11.876916885376 11.7873334884644 11.7297496795654 11.7572498321533 11.7906665802002 11.7250833511353 11.6693334579468 11.6000833511353 11.5323333740234 11.5994167327881 11.7089996337891 12.0031661987305 12.428750038147 13.0089998245239 13.3836669921875 -3.4e+38 -3.4e+38 -3.4e+38
12.1175832748413 12.0385837554932 12.0477495193481 12.0243330001831 11.9305830001831 11.858416557312 11.7892503738403 11.7439994812012 11.6965827941895 11.6651668548584 11.6975831985474 11.7385835647583 11.7670831680298 11.7709999084473 11.7211666107178 11.7065839767456 11.6567497253418 11.6173334121704 11.5858335494995 11.5817499160767 11.6006669998169 11.5250835418701 11.4897499084473 11.503999710083 11.5082502365112 11.5462493896484 11.5675830841064 11.5874996185303 11.6451663970947 11.693416595459 11.8074998855591 11.8529167175293 11.8050003051758 11.9345827102661 11.9759998321533 11.9498329162598 11.8689165115356 11.767749786377 11.7224168777466 11.7392501831055 11.766583442688 11.7379999160767 11.6618328094482 11.6373329162598 11.6938333511353 11.8811664581299 12.2962503433228 12.8156661987305 13.2925004959106 13.4335832595825 -3.4e+38 -3.4e+38 -3.4e+38
12.0242500305176 12.0175828933716 11.9940004348755 11.9617500305176 11.9139165878296 11.8507499694824 11.7788333892822 11.719916343689 11.7125835418701 11.7276668548584 11.7867498397827 11.7982501983643 11.8124170303345 11.7990837097168 11.7864999771118 11.7912502288818 11.7564163208008 11.7169160842896 11.6719999313354 11.643666267395 11.6077499389648 11.5894994735718 11.5370836257935 11.5045833587646 11.5005836486816 11.563250541687 11.6101665496826 11.6790838241577 11.7053337097168 11.7027502059937 11.7526664733887 11.7721662521362 11.8250827789307 11.8625831604004 11.9455003738403 11.95924949646 11.9020833969116 11.8530006408691 11.7954168319702 11.7310829162598 11.7270002365112 11.7076663970947 11.7299165725708 11.7516670227051 11.8490829467773 12.0951662063599 12.5526666641235 13.1400833129883 13.4674167633057 13.5631666183472 -3.4e+38 -3.4e+38 -3.4e+38
