PastLayers/tmin.asc
NCOLS 292 
NROWS 291 
XLLCORNER -87.6458333327872 
YLLCORNER 24.4791666666667 
CELLSIZE 0.0416666666669039 
NODATA_value -3.4e+38 
[rows 72 to 95 of 291, columns 159 to 211 of 292]
10.8459167480469 10.7744998931885 10.6819162368774 10.7845830917358 10.6234998703003 10.602499961853 10.7454166412354 10.7233333587646 10.6222496032715 10.5512495040894 10.4767503738403 10.3351669311523 10.2275829315186 10.2291669845581 10.2312498092651 10.1394996643066 10.1020002365112 10.0923337936401 10.0237503051758 9.97924995422363 10.0935831069946 10.1470003128052 10.1022500991821 10.1361665725708 10.2140836715698 10.2451667785645 10.2817497253418 10.3263330459595 10.3997497558594 10.4380836486816 10.4274997711182 10.4755830764771 10.4908332824707 10.4969997406006 10.5104160308838 10.5209999084473 10.5327501296997 10.5781669616699 10.5553331375122 10.4545001983643 10.4454164505005 10.451000213623 10.4745836257935 10.6043329238892 10.8629169464111 11.1101665496826 11.2075004577637 11.1707496643066 11.2605829238892 -3.4e+38 -3.4e+38 -3.4e+38 -3.4e+38
10.8751668930054 10.8902502059937 10.7504997253418 10.7760000228882 10.530083656311 10.6354999542236 10.7014169692993 10.6682500839233 10.5898332595825 10.512749671936 10.4307498931885 10.3479995727539 10.2411670684814 10.2309999465942 10.1906661987305 10.0595836639404 10.0277500152588 9.96808338165283 9.96233367919922 9.96724987030029 10.0504169464111 10.0902500152588 10.0851669311523 10.144416809082 10.2095003128052 10.2670831680298 10.2951669692993 10.3451671600342 10.3701667785645 10.3830003738403 10.4714994430542 10.5244998931885 10.5897493362427 10.6192502975464 10.5726661682129 10.5786666870117 10.5856666564941 10.571249961853 10.5640001296997 10.5467500686646 10.5022497177124 10.4796667098999 10.5281667709351 10.7361669540405 10.9673337936401 11.1401662826538 11.1295003890991 11.2170000076294 -3.4e+38 -3.4e+38 -3.4e+38 -3.4e+38 -3.4e+38
10.8236665725708 10.7948331832886 10.8528337478638 10.7866668701172 10.6619167327881 10.7018337249756 10.6960000991821 10.6051664352417 10.4837503433228 10.4643335342407 10.4110832214355 10.3547496795654 10.2863330841064 10.2434997558594 10.2420835494995 10.1199169158936 9.99283313751221 9.94999980926514 9.91399955749512 9.94299983978271 10.0424995422363 10.0760831832886 10.1240835189819 10.2139167785645 10.3289995193481 10.4063329696655 10.3633337020874 10.4077501296997 10.4192504882812 10.4224166870117 10.4758329391479 10.5270833969116 10.5938329696655 10.6454162597656 10.6757497787476 10.6312503814697 10.6083335876465 10.5881662368774 10.5554161071777 10.5193328857422 10.5074996948242 10.5040836334229 10.630916595459 10.8167495727539 11.0620832443237 11.0767498016357 11.1915836334229 -3.4e+38 -3.4e+38 -3.4e+38 -3.4e+38 -3.4e+38 -3.4e+38
10.7190828323364 10.5688333511353 10.6359996795654 10.8234996795654 10.7377500534058 10.6504163742065 10.6038331985474 10.5489168167114 10.5102500915527 10.4676666259766 10.4441661834717 10.3815832138062 10.3060836791992 10.2493333816528 10.1660003662109 9.98299980163574 9.92208290100098 9.95666694641113 9.91275024414062 9.98200035095215 10.0435838699341 10.1613330841064 10.3064994812012 10.4404163360596 10.5320835113525 10.5932502746582 10.6047496795654 10.5827493667603 10.5220832824707 10.4230003356934 10.4730834960938 10.5203332901001 10.6163330078125 10.6529169082642 10.7004165649414 10.6820831298828 10.6665830612183 10.6169166564941 10.5583333969116 10.5274171829224 10.4782495498657 10.5373334884644 10.7046661376953 10.9519996643066 11.0444164276123 11.155083656311 -3.4e+38 -3.4e+38 -3.4e+38 -3.4e+38 -3.4e+38 -3.4e+38 -3.4e+38
10.8371667861938 10.7371664047241 10.7271671295166 10.8143329620361 10.6874170303345 10.6265830993652 10.5939998626709 10.5655002593994 10.5463333129883 10.5187501907349 10.4638338088989 10.4088335037231 10.3165836334229 10.2181663513184 10.0932502746582 9.89666652679443 9.89424991607666 9.97283363342285 10.0434169769287 10.1757497787476 10.275333404541 10.3373336791992 10.3937501907349 10.4627504348755 10.5172500610352 10.4957504272461 10.5673332214355 10.6496667861938 10.6493330001831 10.5041666030884 10.4751663208008 10.5609169006348 10.6948337554932 10.6978330612183 10.6636667251587 10.6518335342407 10.642749786377 10.5570001602173 10.5343332290649 10.4954996109009 10.512583732605 10.6247501373291 10.8367500305176 11.0221662521362 11.1430835723877 -3.4e+38 -3.4e+38 -3.4e+38 -3.4e+38 -3.4e+38 -3.4e+38 -3.4e+38 -3.4e+38
11.0039167404175 10.873833656311 10.8047504425049 10.8275833129883 10.6927499771118 10.6069164276123 10.5690832138062 10.5459995269775 10.5151662826538 10.5015830993652 10.4945001602173 10.4688329696655 10.4235000610352 10.2925004959106 10.1729164123535 10.0830001831055 10.1691665649414 10.2770833969116 10.3430004119873 10.3794164657593 10.4012498855591 10.4208335876465 10.4657497406006 10.4932498931885 10.5353336334229 10.5523338317871 10.5699996948242 10.6315832138062 10.5701665878296 10.5754995346069 10.6167497634888 10.6563329696655 10.7533330917358 10.779333114624 10.7454996109009 10.7139167785645 10.7243337631226 10.6319169998169 10.5702495574951 10.560583114624 10.6698331832886 10.8074998855591 11.0004997253418 11.1174163818359 11.3380002975464 -3.4e+38 -3.4e+38 -3.4e+38 -3.4e+38 -3.4e+38 -3.4e+38 -3.4e+38 -3.4e+38
11.1461668014526 10.9528331756592 10.8363332748413 10.8554162979126 10.7497501373291 10.6618328094482 10.5673332214355 10.5325002670288 10.5305004119873 10.508749961853 10.5153331756592 10.5400829315186 10.6112499237061 10.5231666564941 10.4654998779297 10.4505004882812 10.4591665267944 10.4390830993652 10.4478330612183 10.4860000610352 10.4487495422363 10.5268335342407 10.5481662750244 10.5721664428711 10.6180000305176 10.6738328933716 10.7455835342407 10.7667503356934 10.7071666717529 10.697416305542 10.7859163284302 10.7956666946411 10.768500328064 10.8260831832886 10.7539167404175 10.7095832824707 10.6864995956421 10.6446666717529 10.6448335647583 10.6609163284302 10.8000831604004 10.9783334732056 11.1259164810181 11.2950000762939 11.633749961853 -3.4e+38 -3.4e+38 -3.4e+38 -3.4e+38 -3.4e+38 -3.4e+38 -3.4e+38 -3.4e+38
11.055832862854 10.9762496948242 10.8880834579468 10.9064168930054 10.8032503128052 10.7396669387817 10.6645002365112 10.6149168014526 10.5501670837402 10.5398330688477 10.6260833740234 10.7399997711182 10.8030834197998 10.7664165496826 10.6666669845581 10.6300830841064 10.625 10.5902500152588 10.547833442688 10.5536670684814 10.5356664657593 10.5647497177124 10.5787496566772 10.5900831222534 10.6225833892822 10.7170829772949 10.8227500915527 10.8881664276123 10.8392505645752 10.7959995269775 10.8531665802002 10.8914995193481 10.9053335189819 10.9458332061768 10.9110832214355 10.8974170684814 10.8530836105347 10.7810831069946 10.7725830078125 10.8602495193481 11.0113334655762 11.173999786377 11.3398332595825 11.5987501144409 -3.4e+38 -3.4e+38 -3.4e+38 -3.4e+38 -3.4e+38 -3.4e+38 -3.4e+38 -3.4e+38 -3.4e+38
10.9712495803833 10.8607501983643 10.8512496948242 10.845832824707 10.7659997940063 10.7135829925537 10.6696662902832 10.6350831985474 10.6474170684814 10.6759166717529 10.7960004806519 10.801833152771 10.7985000610352 10.8200836181641 10.7808332443237 10.739333152771 10.6790828704834 10.6692495346069 10.5832500457764 10.5510835647583 10.6517496109009 10.686333656311 10.6745834350586 10.6680002212524 10.7145004272461 10.7581663131714 10.8686666488647 10.8726663589478 10.8087501525879 10.7744169235229 10.8058338165283 10.8765001296997 10.9095001220703 10.9696664810181 11.001166343689 11.0517501831055 11.0807495117188 11.0505828857422 11.055832862854 11.159083366394 11.3155832290649 11.4320831298828 11.5915832519531 11.902250289917 -3.4e+38 -3.4e+38 -3.4e+38 -3.4e+38 -3.4e+38 -3.4e+38 -3.4e+38 -3.4e+38 -3.4e+38
10.9098329544067 10.8264999389648 10.7808332443237 10.7585000991821 10.7487497329712 10.7198333740234 10.6762504577637 10.6624164581299 10.6684169769287 10.7735834121704 10.7815837860107 10.7956666946411 10.8125839233398 10.7912502288818 10.7173337936401 10.6520833969116 10.7281665802002 10.6773328781128 10.6690006256104 10.6977500915527 10.7395000457764 10.7703332901001 10.7411670684814 10.7103338241577 10.8134994506836 10.8716669082642 10.8354167938232 10.8207502365112 10.7267503738403 10.7095003128052 10.7716665267944 10.829083442688 10.9056663513184 10.9840002059937 11.0405836105347 11.047082901001 11.1589994430542 11.1889162063599 11.2904167175293 11.4473333358765 11.6532497406006 11.7204160690308 11.8071660995483 12.1480836868286 -3.4e+38 -3.4e+38 -3.4e+38 -3.4e+38 -3.4e+38 -3.4e+38 -3.4e+38 -3.4e+38 -3.4e+38
10.8586664199829 10.8601665496826 10.7737503051758 10.7581672668457 10.7315835952759 10.7305002212524 10.7586669921875 10.6987504959106 10.7011661529541 10.8460836410522 10.8168334960938 10.8081665039062 10.8098335266113 10.7723331451416 10.747917175293 10.7180833816528 10.7048330307007 10.7059164047241 10.6745834350586 10.7453336715698 10.8286666870117 10.8158330917358 10.7390832901001 10.7600002288818 10.8857498168945 10.8590002059937 10.8420829772949 10.8275003433228 10.7510004043579 10.7901668548584 10.855583190918 10.8719167709351 10.9890003204346 11.1000833511353 11.1433334350586 11.2508335113525 11.3802499771118 11.4278335571289 11.5361661911011 11.7479162216187 11.8540830612183 11.8885831832886 12.1410837173462 12.3606662750244 -3.4e+38 -3.4e+38 -3.4e+38 -3.4e+38 -3.4e+38 -3.4e+38 -3.4e+38 -3.4e+38 -3.4e+38
10.8024168014526 10.8315000534058 10.8210830688477 10.7799167633057 10.7563333511353 10.710000038147 10.6858329772949 10.7570829391479 10.8684167861938 10.849666595459 10.8205003738403 10.8152503967285 10.8265838623047 10.7617502212524 10.7347497940063 10.7907495498657 10.8545827865601 10.8218336105347 10.7966661453247 10.8634166717529 10.8942499160767 10.8756666183472 10.8372497558594 10.9036664962769 10.997166633606 11.0283336639404 10.8723335266113 10.9324998855591 10.877833366394 10.8658332824707 10.8832502365112 10.9672498703003 11.1259164810181 11.3064165115356 11.4060831069946 11.5286664962769 11.6569166183472 11.7480001449585 11.8495836257935 11.8784170150757 11.9713335037231 12.1879167556763 -3.4e+38 -3.4e+38 -3.4e+38 -3.4e+38 -3.4e+38 -3.4e+38 -3.4e+38 -3.4e+38 -3.4e+38 -3.4e+38 -3.4e+38
10.7603330612183 10.7954998016357 10.8269166946411 10.7647495269775 10.7399997711182 10.706916809082 10.6794166564941 10.7462501525879 10.8618335723877 10.9436664581299 10.914999961853 10.8651666641235 10.8842496871948 10.859167098999 10.8495006561279 10.862250328064 10.8277502059937 10.8893337249756 10.9156665802002 10.8300828933716 10.8417501449585 10.8943328857422 11.0044994354248 11.0974168777466 11.1244163513184 11.1232500076294 11.0532503128052 10.9804162979126 10.9280834197998 10.9272499084473 11.0152502059937 11.153416633606 11.3805837631226 11.5911664962769 11.7314167022705 11.862250328064 11.9637498855591 11.9657497406006 11.9715003967285 12.1394166946411 12.2592496871948 -3.4e+38 -3.4e+38 -3.4e+38 -3.4e+38 -3.4e+38 -3.4e+38 -3.4e+38 -3.4e+38 -3.4e+38 -3.4e+38 -3.4e+38 -3.4e+38
10.8360004425049 10.8368330001831 10.8194169998169 10.7938327789307 10.7051668167114 10.7314167022705 10.7457494735718 10.7474164962769 10.8009996414185 10.8704166412354 10.8637504577637 10.844916343689 10.8898334503174 10.9222497940063 10.8825836181641 10.8415002822876 10.8513336181641 10.9359998703003 10.8830003738403 10.8725833892822 10.9079160690308 11.0201663970947 11.1901664733887 11.2320833206177 11.2948331832886 11.2716665267944 11.2298336029053 11.1773328781128 11.1039161682129 11.1461668014526 11.2913331985474 11.4661664962769 11.7050828933716 12.0204172134399 12.1489162445068 12.2082500457764 12.234582901001 12.2839164733887 12.2089996337891 12.3135004043579 -3.4e+38 -3.4e+38 -3.4e+38 -3.4e+38 -3.4e+38 -3.4e+38 -3.4e+38 -3.4e+38 -3.4e+38 -3.4e+38 -3.4e+38 -3.4e+38 -3.4e+38
10.8838329315186 10.8888330459595 10.8889169692993 10.8442497253418 10.7891664505005 10.7124166488647 10.6440830230713 10.6816663742065 10.7231664657593 10.8620004653931 10.845666885376 10.9335832595825 10.9434995651245 10.9508333206177 10.9734172821045 10.9130001068115 10.9317502975464 11.0034170150757 10.9541664123535 10.9869165420532 11.0610828399658 11.2026662826538 11.3695831298828 11.3505001068115 11.4444169998169 11.4709997177124 11.4331665039062 11.4070835113525 11.4265832901001 11.4436664581299 11.6370000839233 11.8549165725708 12.1684169769287 12.4494161605835 -3.4e+38 -3.4e+38 -3.4e+38 -3.4e+38 -3.4e+38 -3.4e+38 -3.4e+38 -3.4e+38 -3.4e+38 -3.4e+38 -3.4e+38 -3.4e+38 -3.4e+38 -3.4e+38 -3.4e+38 -3.4e+38 -3.4e+38 -3.4e+38 -3.4e+38
10.9819164276123 10.9373331069946 10.8727502822876 10.813666343689 10.7281665802002 10.6635828018188 10.6176671981812 10.5775833129883 10.6406669616699 10.7070827484131 10.8474998474121 10.9807500839233 11.0291662216187 11.0179996490479 11.0317497253418 11.0285005569458 11.0569171905518 11.1017503738403 11.1339168548584 11.1629161834717 11.2733335494995 11.3989162445068 11.4294166564941 11.4066667556763 11.5255002975464 11.6035833358765 11.6952495574951 11.7955837249756 11.8365831375122 11.8639163970947 12.0539169311523 12.3423328399658 12.6807498931885 12.8197498321533 -3.4e+38 -3.4e+38 -3.4e+38 -3.4e+38 -3.4e+38 -3.4e+38 -3.4e+38 -3.4e+38 -3.4e+38 -3.4e+38 -3.4e+38 -3.4e+38 -3.4e+38 -3.4e+38 -3.4e+38 -3.4e+38 -3.4e+38 -3.4e+38 -3.4e+38
11.0970830917358 11.0045833587646 10.8735828399658 10.8759164810181 10.7760000228882 10.6718330383301 10.5496664047241 10.5688333511353 10.6292495727539 10.6764163970947 10.8645000457764 11.0120830535889 11.0687503814697 11.0873336791992 11.121166229248 11.1082496643066 11.1383333206177 11.1824169158936 11.2414169311523 11.2706670761108 11.3599996566772 11.4705829620361 11.4103336334229 11.3968334197998 11.5595836639404 11.8307504653931 12.073166847229 12.3070831298828 12.3375835418701 12.3495836257935 12.5800828933716 12.8832502365112 13.0890836715698 13.0615835189819 13.0439167022705 -3.4e+38 -3.4e+38 -3.4e+38 -3.4e+38 -3.4e+38 -3.4e+38 -3.4e+38 -3.4e+38 -3.4e+38 -3.4e+38 -3.4e+38 -3.4e+38 -3.4e+38 -3.4e+38 -3.4e+38 -3.4e+38 -3.4e+38 -3.4e+38
11.0954170227051 11.104416847229 11.0054168701172 10.9429998397827 10.779333114624 10.6638336181641 10.5502500534058 10.5100831985474 10.7074165344238 10.768666267395 10.9138336181641 11.051833152771 11.1105833053589 11.1242504119873 11.2007493972778 11.2664995193481 11.2104167938232 11.2396669387817 11.314582824707 11.3854169845581 11.4305000305176 11.4956665039062 11.5494165420532 11.5590829849243 11.88450050354 12.3493337631226 12.6654996871948 12.8746671676636 12.8842496871948 12.9472503662109 13.1689167022705 13.3098335266113 13.3090829849243 -3.4e+38 -3.4e+38 -3.4e+38 -3.4e+38 -3.4e+38 -3.4e+38 -3.4e+38 -3.4e+38 -3.4e+38 -3.4e+38 -3.4e+38 -3.4e+38 -3.4e+38 -3.4e+38 -3.4e+38 -3.4e+38 -3.4e+38 -3.4e+38 -3.4e+38 -3.4e+38
11.1472501754761 11.1009168624878 11.0409164428711 10.9589166641235 10.7857503890991 10.71399974823 10.6237497329712 10.6990003585815 10.8850002288818 10.8859996795654 11.0043334960938 11.1030836105347 11.168999671936 11.202917098999 11.2484169006348 11.3217496871948 11.3336668014526 11.3372497558594 11.3516664505005 11.3924169540405 11.537166595459 11.6363334655762 11.685583114624 11.9499168395996 12.4496669769287 12.9335832595825 13.262583732605 13.4532499313354 13.4801664352417 13.4783334732056 13.5359163284302 13.492166519165 -3.4e+38 -3.4e+38 -3.4e+38 -3.4e+38 -3.4e+38 -3.4e+38 -3.4e+38 -3.4e+38 -3.4e+38 -3.4e+38 -3.4e+38 -3.4e+38 -3.4e+38 -3.4e+38 -3.4e+38 -3.4e+38 -3.4e+38 -3.4e+38 -3.4e+38 -3.4e+38 -3.4e+38
11.1930837631226 11.1119995117188 11.0667505264282 10.962833404541 10.8740835189819 10.7698335647583 10.8470001220703 10.9463329315186 11.0179166793823 11.0572500228882 11.1168327331543 11.238166809082 11.2697505950928 11.2771663665771 11.3476667404175 11.4026670455933 11.4340000152588 11.4615831375122 11.5795001983643 11.6040830612183 11.6443328857422 11.7742500305176 11.9723329544067 12.3774166107178 12.9160833358765 13.452166557312 13.7757501602173 13.8556671142578 13.8279161453247 13.8008337020874 -3.4e+38 -3.4e+38 -3.4e+38 -3.4e+38 -3.4e+38 -3.4e+38 -3.4e+38 -3.4e+38 -3.4e+38 -3.4e+38 -3.4e+38 -3.4e+38 -3.4e+38 -3.4e+38 -3.4e+38 -3.4e+38 -3.4e+38 -3.4e+38 -3.4e+38 -3.4e+38 -3.4e+38 -3.4e+38 -3.4e+38
11.2470836639404 11.1781663894653 11.1174163818359 10.9817504882812 10.9172496795654 10.8913335800171 11.0110836029053 11.0896663665771 11.1348333358765 11.1638336181641 11.2615833282471 11.3369169235229 11.3706665039062 11.3843336105347 11.4688329696655 11.501916885376 11.5377502441406 11.708833694458 11.9167499542236 11.9901666641235 12.0062503814697 12.1350002288818 12.3779163360596 12.8064165115356 13.3314170837402 13.8197498321533 13.872332572937 14.0675830841064 -3.4e+38 -3.4e+38 -3.4e+38 -3.4e+38 -3.4e+38 -3.4e+38 -3.4e+38 -3.4e+38 -3.4e+38 -3.4e+38 -3.4e+38 -3.4e+38 -3.4e+38 -3.4e+38 -3.4e+38 -3.4e+38 -3.4e+38 -3.4e+38 -3.4e+38 -3.4e+38 -3.4e+38 -3.4e+38 -3.4e+38 -3.4e+38 -3.4e+38
11.2625827789307 11.2458333969116 11.2350835800171 11.2134170532227 11.1147499084473 11.0179166793823 11.063666343689 11.1725835800171 11.2392501831055 11.2619171142578 11.3529167175293 11.4300003051758 11.4949169158936 11.5627498626709 11.6743335723877 11.7655830383301 11.8396663665771 12.0905838012695 12.3341665267944 12.4237499237061 12.4449996948242 12.5886669158936 12.841833114624 13.2884168624878 13.7425832748413 13.8291664123535 13.9165830612183 -3.4e+38 -3.4e+38 -3.4e+38 -3.4e+38 -3.4e+38 -3.4e+38 -3.4e+38 -3.4e+38 -3.4e+38 -3.4e+38 -3.4e+38 -3.4e+38 -3.4e+38 -3.4e+38 -3.4e+38 -3.4e+38 -3.4e+38 -3.4e+38 -3.4e+38 -3.4e+38 -3.4e+38 -3.4e+38 -3.4e+38 -3.4e+38 -3.4e+38 -3.4e+38
11.3459167480469 11.4475002288818 11.4763336181641 11.4934167861938 11.3777503967285 11.2405834197998 11.1910829544067 11.2813329696655 11.3491668701172 11.3707504272461 11.4560832977295 11.5931663513184 11.7177505493164 11.8414163589478 12.0008335113525 12.1424999237061 12.2829999923706 12.5085000991821 12.7699995040894 12.8740835189819 12.9601669311523 13.1285829544067 13.4015836715698 13.7261667251587 13.8129167556763 13.9415836334229 -3.4e+38 -3.4e+38 -3.4e+38 -3.4e+38 -3.4e+38 -3.4e+38 -3.4e+38 -3.4e+38 -3.4e+38 -3.4e+38 -3.4e+38 -3.4e+38 -3.4e+38 -3.4e+38 -3.4e+38 -3.4e+38 -3.4e+38 -3.4e+38 -3.4e+38 -3.4e+38 -3.4e+38 -3.4e+38 -3.4e+38 -3.4e+38 -3.4e+38 -3.4e+38 -3.4e+38
11.4614171981812 11.5660829544067 11.5448331832886 11.5214996337891 11.5100002288818 11.4525833129883 11.4558334350586 11.5294170379639 11.5659999847412 11.6085004806519 11.7218332290649 11.9321660995483 12.0591669082642 12.2024164199829 12.3640832901001 12.5105829238892 12.7038335800171 12.9888334274292 13.2124996185303 13.4006662368774 13.5132503509521 13.627833366394 13.696249961853 13.7445001602173 13.8701667785645 -3.4e+38 -3.4e+38 -3.4e+38 -3.4e+38 -3.4e+38 -3.4e+38 -3.4e+38 -3.4e+38 -3.4e+38 -3.4e+38 -3.4e+38 -3.4e+38 -3.4e+38 -3.4e+38 -3.4e+38 -3.4e+38 -3.4e+38 -3.4e+38 -3.4e+38 -3.4e+38 -3.4e+38 -3.4e+38 -3.4e+38 -3.4e+38 -3.4e+38 -3.4e+38 -3.4e+38 -3.4e+38
