PastLayers/tmin.asc
NCOLS 292 
NROWS 291 
XLLCORNER -87.6458333327872 
YLLCORNER 24.4791666666667 
CELLSIZE 0.0416666666669039 
NODATA_value -3.4e+38 
[rows 24 to 47 of 291, columns 53 to 105 of 292]
-3.4e+38 -3.4e+38 -3.4e+38 -3.4e+38 -3.4e+38 -3.4e+38 -3.4e+38 -3.4e+38 -3.4e+38 -3.4e+38 -3.4e+38 -3.4e+38 -3.4e+38 -3.4e+38 -3.4e+38 -3.4e+38 -3.4e+38 -3.4e+38 -3.4e+38 -3.4e+38 -3.4e+38 -3.4e+38 -3.4e+38 -3.4e+38 -3.4e+38 -3.4e+38 -3.4e+38 -3.4e+38 -3.4e+38 -3.4e+38 -3.4e+38 -3.4e+38 -3.4e+38 -3.4e+38 -3.4e+38 -3.4e+38 -3.4e+38 -3.4e+38 -3.4e+38 -3.4e+38 -3.4e+38 -3.4e+38 -3.4e+38 -3.4e+38 -3.4e+38 -3.4e+38 -3.4e+38 2.49691677093506 2.71224999427795 2.48250007629395 2.26408338546753 2.91999983787537 3.05358338356018
-3.4e+38 -3.4e+38 -3.4e+38 -3.4e+38 -3.4e+38 -3.4e+38 -3.4e+38 -3.4e+38 -3.4e+38 -3.4e+38 -3.4e+38 -3.4e+38 -3.4e+38 -3.4e+38 -3.4e+38 -3.4e+38 -3.4e+38 -3.4e+38 -3.4e+38 -3.4e+38 -3.4e+38 -3.4e+38 -3.4e+38 -3.4e+38 -3.4e+38 -3.4e+38 -3.4e+38 -3.4e+38 -3.4e+38 -3.4e+38 -3.4e+38 -3.4e+38 -3.4e+38 -3.4e+38 -3.4e+38 -3.4e+38 -3.4e+38 -3.4e+38 -3.4e+38 3.15733337402344 3.17133331298828 2.94574999809265 2.91324996948242 2.70525002479553 2.72958326339722 2.51558327674866 2.62458348274231 2.75441670417786 2.3159167766571 3.13183331489563 2.52158331871033 3.05316662788391 3.10616660118103
-3.4e+38 -3.4e+38 -3.4e+38 -3.4e+38 -3.4e+38 -3.4e+38 -3.4e+38 -3.4e+38 -3.4e+38 -3.4e+38 -3.4e+38 -3.4e+38 -3.4e+38 -3.4e+38 -3.4e+38 -3.4e+38 -3.4e+38 -3.4e+38 -3.4e+38 -3.4e+38 -3.4e+38 -3.4e+38 -3.4e+38 -3.4e+38 -3.4e+38 -3.4e+38 -3.4e+38 -3.4e+38 -3.4e+38 -3.4e+38 -3.4e+38 -3.4e+38 -3.4e+38 -3.4e+38 -3.4e+38 -3.4e+38 -3.4e+38 3.7262499332428 3.46500015258789 3.79933333396912 4.20016670227051 3.75691652297974 3.45875000953674 2.94408345222473 2.60374999046326 2.54949998855591 2.47000002861023 2.73833346366882 2.73166656494141 2.52916669845581 2.59941649436951 3.57316660881042 3.43199992179871
-3.4e+38 -3.4e+38 -3.4e+38 -3.4e+38 -3.4e+38 -3.4e+38 -3.4e+38 -3.4e+38 -3.4e+38 -3.4e+38 -3.4e+38 -3.4e+38 -3.4e+38 -3.4e+38 -3.4e+38 -3.4e+38 -3.4e+38 -3.4e+38 -3.4e+38 -3.4e+38 -3.4e+38 -3.4e+38 -3.4e+38 -3.4e+38 -3.4e+38 -3.4e+38 -3.4e+38 -3.4e+38 -3.4e+38 -3.4e+38 -3.4e+38 -3.4e+38 -3.4e+38 -3.4e+38 -3.4e+38 -3.4e+38 5.55441665649414 5.50674962997437 5.0881667137146 5.15391683578491 4.74258327484131 4.61724996566772 3.99824976921082 3.94041681289673 4.39849996566772 4.28275012969971 3.74899983406067 3.76941657066345 4.07841682434082 4.55383348464966 4.24783325195312 3.93441677093506 3.48983335494995
-3.4e+38 -3.4e+38 -3.4e+38 -3.4e+38 -3.4e+38 -3.4e+38 -3.4e+38 -3.4e+38 -3.4e+38 -3.4e+38 -3.4e+38 -3.4e+38 -3.4e+38 -3.4e+38 -3.4e+38 -3.4e+38 -3.4e+38 -3.4e+38 -3.4e+38 -3.4e+38 -3.4e+38 -3.4e+38 -3.4e+38 -3.4e+38 -3.4e+38 -3.4e+38 -3.4e+38 -3.4e+38 -3.4e+38 -3.4e+38 -3.4e+38 -3.4e+38 -3.4e+38 -3.4e+38 4.30441665649414 4.24783325195312 4.8699164390564 4.95391654968262 4.41575002670288 3.79958343505859 4.17891645431519 4.91524982452393 4.8694167137146 5.08491659164429 5.18783330917358 4.91908311843872 3.92350006103516 4.82600021362305 4.09549999237061 3.99341654777527 4.8030834197998 3.82308340072632 3.72483325004578
-3.4e+38 -3.4e+38 -3.4e+38 -3.4e+38 -3.4e+38 -3.4e+38 -3.4e+38 -3.4e+38 -3.4e+38 -3.4e+38 -3.4e+38 -3.4e+38 -3.4e+38 -3.4e+38 -3.4e+38 -3.4e+38 -3.4e+38 -3.4e+38 -3.4e+38 -3.4e+38 -3.4e+38 -3.4e+38 -3.4e+38 -3.4e+38 -3.4e+38 -3.4e+38 -3.4e+38 -3.4e+38 -3.4e+38 -3.4e+38 -3.4e+38 -3.4e+38 -3.4e+38 -3.4e+38 3.5884165763855 4.0131664276123 4.06216669082642 4.94133329391479 4.20216655731201 3.4377498626709 3.31866669654846 3.82416653633118 4.50474977493286 4.58991670608521 4.54008340835571 5.03183317184448 4.6506667137146 3.82649993896484 3.69700002670288 3.84074997901917 4.01999998092651 4.33825016021729 4.53924989700317
-3.4e+38 -3.4e+38 -3.4e+38 -3.4e+38 -3.4e+38 -3.4e+38 -3.4e+38 -3.4e+38 -3.4e+38 -3.4e+38 -3.4e+38 -3.4e+38 -3.4e+38 -3.4e+38 -3.4e+38 -3.4e+38 -3.4e+38 -3.4e+38 -3.4e+38 -3.4e+38 -3.4e+38 -3.4e+38 -3.4e+38 -3.4e+38 -3.4e+38 -3.4e+38 -3.4e+38 -3.4e+38 -3.4e+38 -3.4e+38 -3.4e+38 -3.4e+38 -3.4e+38 -3.4e+38 3.67866659164429 3.9154167175293 3.92958331108093 4.64858341217041 4.78641653060913 4.6087498664856 4.01358318328857 3.24849987030029 3.50791668891907 4.21124982833862 4.92133331298828 4.82641649246216 4.49766683578491 4.03116655349731 3.92341685295105 3.77816677093506 3.61050009727478 3.84549999237061 4.39499998092651
-3.4e+38 -3.4e+38 -3.4e+38 -3.4e+38 -3.4e+38 -3.4e+38 -3.4e+38 -3.4e+38 -3.4e+38 -3.4e+38 -3.4e+38 -3.4e+38 -3.4e+38 -3.4e+38 -3.4e+38 -3.4e+38 -3.4e+38 -3.4e+38 -3.4e+38 -3.4e+38 -3.4e+38 -3.4e+38 -3.4e+38 -3.4e+38 -3.4e+38 -3.4e+38 -3.4e+38 -3.4e+38 -3.4e+38 -3.4e+38 -3.4e+38 -3.4e+38 -3.4e+38 -3.4e+38 3.44008326530457 3.79458332061768 3.70650005340576 4.02016639709473 3.90674996376038 4.08658313751221 3.62591671943665 3.69533324241638 3.91849994659424 3.80808329582214 3.7022500038147 3.84091663360596 4.81533336639404 4.53141641616821 4.46266651153564 4.25474977493286 4.83274984359741 4.28858327865601 4.15866661071777
-3.4e+38 -3.4e+38 -3.4e+38 -3.4e+38 -3.4e+38 -3.4e+38 -3.4e+38 -3.4e+38 -3.4e+38 -3.4e+38 -3.4e+38 -3.4e+38 -3.4e+38 -3.4e+38 -3.4e+38 -3.4e+38 -3.4e+38 -3.4e+38 -3.4e+38 -3.4e+38 -3.4e+38 -3.4e+38 -3.4e+38 -3.4e+38 -3.4e+38 -3.4e+38 -3.4e+38 -3.4e+38 5.03600025177002 4.72625017166138 -3.4e+38 -3.4e+38 4.31774997711182 4.67433309555054 4.65333318710327 4.35116672515869 3.49683332443237 3.89450001716614 4.21591663360596 4.28158330917358 4.18516683578491 4.21258306503296 4.23658323287964 4.25799989700317 3.91791653633118 4.16433334350586 4.33683347702026 4.8066668510437 5.05224990844727 4.70766687393188 5.14591693878174 5.51224994659424 4.34049987792969
-3.4e+38 -3.4e+38 -3.4e+38 -3.4e+38 -3.4e+38 -3.4e+38 -3.4e+38 -3.4e+38 -3.4e+38 -3.4e+38 -3.4e+38 -3.4e+38 -3.4e+38 -3.4e+38 -3.4e+38 -3.4e+38 -3.4e+38 -3.4e+38 -3.4e+38 -3.4e+38 -3.4e+38 -3.4e+38 -3.4e+38 -3.4e+38 -3.4e+38 -3.4e+38 -3.4e+38 -3.4e+38 5.94166660308838 5.14466667175293 4.86158323287964 5.12408351898193 4.69591665267944 4.4484167098999 4.34866666793823 4.35200023651123 4.03608322143555 4.29099988937378 4.4319167137146 4.17149972915649 4.12266683578491 4.69883346557617 5.32275009155273 4.91974973678589 3.66491651535034 4.78041648864746 4.55758333206177 5.09375 4.89608335494995 5.18424987792969 4.71883344650269 5.12650012969971 5.03441667556763
-3.4e+38 -3.4e+38 -3.4e+38 -3.4e+38 -3.4e+38 -3.4e+38 -3.4e+38 -3.4e+38 -3.4e+38 -3.4e+38 -3.4e+38 -3.4e+38 -3.4e+38 -3.4e+38 -3.4e+38 -3.4e+38 -3.4e+38 -3.4e+38 -3.4e+38 -3.4e+38 -3.4e+38 -3.4e+38 -3.4e+38 -3.4e+38 -3.4e+38 -3.4e+38 -3.4e+38 6.16466665267944 6.01841688156128 5.75883340835571 5.76608324050903 5.24650001525879 5.02408313751221 5.09983348846436 4.69191646575928 4.88350009918213 4.93075037002563 4.59416675567627 4.3069167137146 4.5736665725708 4.63433313369751 5.0482497215271 5.59466648101807 4.1361665725708 3.43033313751221 5.40024995803833 5.21500015258789 5.03041648864746 5.07999992370605 5.29891681671143 4.9913330078125 4.86508321762085 5.2718334197998
-3.4e+38 -3.4e+38 -3.4e+38 -3.4e+38 -3.4e+38 -3.4e+38 -3.4e+38 -3.4e+38 -3.4e+38 -3.4e+38 -3.4e+38 -3.4e+38 -3.4e+38 -3.4e+38 -3.4e+38 -3.4e+38 -3.4e+38 -3.4e+38 -3.4e+38 -3.4e+38 -3.4e+38 -3.4e+38 -3.4e+38 -3.4e+38 -3.4e+38 -3.4e+38 -3.4e+38 5.87466669082642 5.84850025177002 5.81141662597656 5.75158309936523 5.61258316040039 5.47333335876465 5.15308332443237 5.2924165725708 5.24066638946533 4.9026665687561 5.69124984741211 5.51275014877319 5.71974992752075 4.12333345413208 4.79416656494141 4.9433331489563 5.57808303833008 4.17724990844727 4.6953330039978 4.68125009536743 5.1875 4.95149993896484 5.24874973297119 5.28833341598511 4.78591680526733 5.47650003433228
-3.4e+38 -3.4e+38 -3.4e+38 -3.4e+38 -3.4e+38 -3.4e+38 -3.4e+38 -3.4e+38 -3.4e+38 -3.4e+38 -3.4e+38 -3.4e+38 -3.4e+38 -3.4e+38 -3.4e+38 -3.4e+38 -3.4e+38 -3.4e+38 -3.4e+38 -3.4e+38 -3.4e+38 -3.4e+38 -3.4e+38 -3.4e+38 -3.4e+38 -3.4e+38 -3.4e+38 5.75241661071777 5.74841642379761 5.71999979019165 5.68225002288818 5.57658338546753 5.5932502746582 5.52274990081787 5.45208311080933 5.44724988937378 5.09816646575928 5.04958343505859 4.80616664886475 4.69724988937378 4.67916679382324 4.42783355712891 4.86791658401489 4.98683309555054 4.33658361434937 4.99658346176147 4.86041688919067 5.41958332061768 4.86208343505859 5.28958320617676 5.33633327484131 4.99741649627686 5.69124984741211
-3.4e+38 -3.4e+38 -3.4e+38 -3.4e+38 -3.4e+38 -3.4e+38 -3.4e+38 -3.4e+38 -3.4e+38 -3.4e+38 -3.4e+38 -3.4e+38 -3.4e+38 -3.4e+38 -3.4e+38 -3.4e+38 -3.4e+38 -3.4e+38 -3.4e+38 -3.4e+38 -3.4e+38 -3.4e+38 -3.4e+38 -3.4e+38 -3.4e+38 -3.4e+38 -3.4e+38 5.73900032043457 5.60300016403198 5.79999971389771 5.75374984741211 5.6928334236145 5.69216680526733 5.53450012207031 5.39391660690308 5.55175018310547 5.22608327865601 5.03758335113525 5.06308317184448 5.06441688537598 4.77666664123535 4.74875020980835 5.07474994659424 4.91091680526733 4.27199983596802 3.72108340263367 4.38166666030884 5.06699991226196 5.32333326339722 5.32841634750366 5.81133317947388 4.73258352279663 4.92208337783813
-3.4e+38 -3.4e+38 -3.4e+38 -3.4e+38 -3.4e+38 -3.4e+38 -3.4e+38 -3.4e+38 -3.4e+38 -3.4e+38 -3.4e+38 -3.4e+38 -3.4e+38 -3.4e+38 -3.4e+38 -3.4e+38 -3.4e+38 -3.4e+38 -3.4e+38 -3.4e+38 -3.4e+38 -3.4e+38 -3.4e+38 -3.4e+38 -3.4e+38 -3.4e+38 -3.4e+38 5.93841695785522 5.79158353805542 5.71991634368896 5.8074164390564 5.80216693878174 5.70658302307129 5.47383308410645 5.3066668510437 5.41699981689453 5.54049968719482 5.2535834312439 5.04591655731201 5.1615834236145 4.89925003051758 4.83391666412354 5.17441654205322 5.3585000038147 4.98650026321411 5.38216686248779 4.3638334274292 5.66774988174438 5.81508350372314 5.39358329772949 6.05883359909058 5.51924991607666 6.45499992370605
8.03858375549316 7.63541650772095 8.09766674041748 8.073166847229 8.24608325958252 8.38749980926514 8.4603328704834 8.43258285522461 8.26924991607666 8.19124984741211 8.13891696929932 8.05408382415771 8.07383346557617 8.00208377838135 8.11474990844727 8.12191677093506 7.97866630554199 8.04816627502441 7.95283365249634 8.0426664352417 7.76058340072632 6.87249994277954 6.38508319854736 6.40941667556763 6.27899980545044 6.25099992752075 6.1245002746582 6.04316663742065 5.89658355712891 5.81150007247925 5.80816650390625 5.70524978637695 5.68066692352295 5.50958347320557 5.37674999237061 5.34700012207031 5.36399984359741 5.39633321762085 5.20725011825562 5.16108322143555 5.15516662597656 5.5861668586731 5.551833152771 5.440833568573 6.53599977493286 6.05725002288818 6.00825023651123 6.36933326721191 5.68475008010864 5.61674976348877 5.92133331298828 5.65216636657715 6.95924997329712
7.43625020980835 7.62325000762939 7.91083335876465 7.87916660308838 8.13808345794678 8.32925033569336 8.31799983978271 8.2817497253418 8.20766639709473 8.16891670227051 8.15158367156982 8.08950042724609 7.99125003814697 7.99074983596802 8.07725048065186 8.05224990844727 8.00675010681152 8.11091709136963 8.14616680145264 7.80775022506714 5.94491672515869 6.17016696929932 6.10650014877319 6.28458309173584 6.19758319854736 6.23541688919067 6.18900012969971 6.10033321380615 6.0053334236145 5.85816669464111 5.76900005340576 5.64249992370605 5.66758346557617 5.58983325958252 5.45333337783813 5.36283349990845 5.59058332443237 5.34508323669434 5.47516679763794 5.50308322906494 5.09200000762939 5.04841661453247 5.25400018692017 5.85508346557617 6.5917501449585 5.37758350372314 5.49516677856445 6.71141624450684 6.43741655349731 6.4745831489563 6.68099975585938 6.74958324432373 6.53558349609375
7.66783332824707 7.70499992370605 7.78525018692017 7.96866655349731 8.13158321380615 8.25266647338867 8.24250030517578 8.22066688537598 8.16425037384033 8.16291618347168 8.07375049591064 8.00591659545898 7.96841669082642 8.01383304595947 8.06949996948242 8.04708385467529 7.94700002670288 8.05508327484131 6.51858329772949 6.16300010681152 6.05683326721191 5.89624977111816 6.1598334312439 6.35558319091797 6.46616649627686 6.34833335876465 6.22391653060913 6.18200016021729 6.10750007629395 5.98441696166992 5.78249979019165 5.64424991607666 5.62083339691162 5.50808334350586 5.57283353805542 5.4743332862854 5.38166666030884 5.48449993133545 5.75466680526733 5.70341682434082 5.378333568573 5.64375019073486 6.39241695404053 6.75716686248779 5.58475017547607 5.53391647338867 6.11866664886475 6.47833347320557 6.26466655731201 6.72574996948242 6.91349983215332 6.91900014877319 7.03516674041748
8.30025005340576 7.85366678237915 7.87683343887329 7.93650007247925 8.02575016021729 8.16133308410645 8.21758365631104 8.35175037384033 8.149582862854 8.02124977111816 7.95566654205322 7.92950010299683 7.86708307266235 7.91149997711182 8.00708389282227 7.98475027084351 8.02083301544189 8.00933361053467 7.80558300018311 7.23408317565918 6.36333322525024 6.9685001373291 6.53691673278809 6.09133338928223 6.63066673278809 6.56033325195312 6.38166666030884 6.29841661453247 6.26108312606812 6.03450012207031 5.55758333206177 5.559166431427 5.60808324813843 5.51191663742065 5.54483318328857 5.45041656494141 5.42599964141846 5.30341672897339 5.44583320617676 6.28224992752075 6.17541646957397 6.1894998550415 7.03983354568481 7.09091663360596 5.69525003433228 5.81116676330566 6.51966667175293 6.03358316421509 6.56591653823853 7.04208326339722 7.21258354187012 7.30783319473267 7.42225027084351
7.91483306884766 7.8785834312439 7.98241662979126 8.06716632843018 8.15408325195312 8.32808303833008 8.23941707611084 8.48341655731201 8.24483299255371 8.09533309936523 7.92591667175293 7.73683309555054 7.73166656494141 7.84291696548462 7.93833351135254 8.03841686248779 8.01924991607666 7.74808311462402 7.44075012207031 7.60033321380615 7.6049165725708 7.35300016403198 7.02299976348877 7.04608345031738 6.9537501335144 6.77891683578491 5.99399995803833 6.0256667137146 6.23091650009155 5.73474979400635 5.70141649246216 5.67700004577637 5.61741638183594 5.7756667137146 5.90658330917358 5.75283336639404 5.47516679763794 5.5770001411438 6.06233310699463 6.42491674423218 6.71391677856445 6.98433351516724 6.89374971389771 6.49833345413208 5.91666650772095 6.00466680526733 6.88808345794678 7.12716674804688 6.94716644287109 7.39816665649414 7.60741662979126 7.69333362579346 7.74300003051758
7.95066690444946 7.98416662216187 8.17800045013428 8.25091648101807 8.38541698455811 8.39249992370605 8.45550060272217 8.51483345031738 8.34991645812988 8.15341663360596 8.03541660308838 7.77091646194458 7.79325008392334 7.85283327102661 7.9631667137146 8.05016708374023 8.04391670227051 7.10391664505005 7.46866655349731 7.46150016784668 7.65241670608521 7.28616666793823 7.27333307266235 7.17016649246216 7.01283311843872 6.06483316421509 6.09250020980835 5.99758338928223 6.10116672515869 6.04174995422363 5.82333326339722 5.55900001525879 5.39091682434082 5.38875007629395 5.99949979782104 6.37483358383179 6.29641675949097 6.11975002288818 6.78808355331421 6.32833337783813 6.3490834236145 6.66808319091797 6.48650026321411 6.26733350753784 6.30408334732056 7.36666679382324 6.73408317565918 6.95574998855591 7.60608339309692 7.89800024032593 8.03749942779541 7.98458337783813 8.07874965667725
7.88841676712036 8.18008327484131 8.15316677093506 8.25533294677734 8.43458366394043 8.55900001525879 8.80633354187012 8.47666645050049 8.47375011444092 8.32158374786377 8.07516670227051 7.88575029373169 7.82258319854736 7.88600015640259 8.02775001525879 8.12283325195312 8.15858364105225 8.10983276367188 7.16816663742065 7.77433300018311 7.80283355712891 7.47949981689453 7.34741687774658 7.22916650772095 7.04549980163574 6.12116670608521 6.21024990081787 6.21358346939087 5.92374992370605 5.86441659927368 5.69425010681152 5.60449981689453 5.73666667938232 5.87391662597656 6.60949993133545 6.34558343887329 6.5019998550415 6.58083343505859 6.93333339691162 6.51333332061768 6.56558322906494 6.645583152771 6.80216646194458 6.75233316421509 6.49499988555908 6.5876669883728 6.86525011062622 7.30875015258789 7.67333316802979 8.10366630554199 8.48291683197021 8.4064998626709 8.39949989318848
7.98449993133545 8.29650020599365 8.0629997253418 8.14824962615967 8.38700008392334 8.63325023651123 8.49391651153564 8.38933372497559 8.4890832901001 8.39658355712891 8.15341663360596 7.9980001449585 7.95508337020874 7.99949979782104 8.0627498626709 8.08858299255371 8.22466659545898 8.24883365631104 8.2182502746582 8.14616680145264 7.96533346176147 7.72666645050049 7.52258348464966 7.33899974822998 7.24475002288818 7.0457501411438 6.84408330917358 6.5901665687561 6.02416658401489 6.07124996185303 6.72166681289673 6.73925018310547 6.33725023269653 6.81675004959106 6.86933326721191 6.64424991607666 6.78016662597656 6.56891679763794 6.58375024795532 6.53591680526733 6.61733341217041 6.83683300018311 6.9265832901001 6.70208358764648 6.68283319473267 6.95716667175293 7.08041667938232 7.30233335494995 7.8384165763855 8.52425003051758 8.88974952697754 9.14099979400635 8.85608291625977
7.92291641235352 7.9299168586731 7.95858335494995 8.00308322906494 8.15100002288818 8.29891681671143 8.29108333587646 8.30124950408936 8.56733322143555 8.41008281707764 8.21066665649414 8.06591701507568 7.95283317565918 7.9651665687561 8.04683303833008 8.19533348083496 8.34608364105225 8.40516662597656 8.35608291625977 8.30708312988281 8.08399963378906 7.88158321380615 7.77549982070923 7.58150005340576 7.36108303070068 7.12291669845581 6.82625007629395 6.60166645050049 6.33116674423218 6.49291658401489 6.72375011444092 7.02874994277954 7.28908348083496 7.11924982070923 7.39933347702026 7.25691652297974 7.06641674041748 6.82766675949097 6.73950004577637 6.74758338928223 6.77983331680298 6.80758333206177 7.1102499961853 7.10125017166138 6.99891662597656 7.18308305740356 7.27508306503296 7.47066688537598 7.97491693496704 8.35333347320557 9.04058361053467 9.41066646575928 9.41208362579346
