PastLayers/vpdmin.asc
NCOLS 292 
NROWS 291 
XLLCORNER -87.6458333327872 
YLLCORNER 24.4791666666667 
CELLSIZE 0.0416666666669039 
NODATA_value -3.4e+38 
[rows 115 to 137 of 291, columns 53 to 105 of 292]
-3.4e+38 -3.4e+38 -3.4e+38 -3.4e+38 -3.4e+38 -3.4e+38 -3.4e+38 1.14000010490417 1.15299999713898 1.15100002288818 1.16000008583069 1.16000008583069 1.16200006008148 1.16100001335144 1.17400002479553 1.18800008296967 1.18100011348724 1.16400003433228 1.15000009536743 1.14600002765656 1.14900004863739 1.16200006008148 1.17800009250641 1.1800000667572 1.19700002670288 1.20400011539459 1.22700011730194 1.25600004196167 1.25600004196167 1.25500011444092 1.25600004196167 1.26200008392334 1.2700001001358 1.2700001001358 1.2700001001358 1.2590000629425 1.24700009822845 1.23500001430511 1.21400010585785 1.1800000667572 1.14600002765656 1.12999999523163 1.125 1.11000001430511 1.09400010108948 1.0900000333786 1.08100008964539 1.08700001239777 1.10800004005432 1.11800003051758 1.08000004291534 1.0440000295639 1.02700006961823
-3.4e+38 -3.4e+38 -3.4e+38 -3.4e+38 -3.4e+38 -3.4e+38 -3.4e+38 -3.4e+38 1.14800000190735 1.1450001001358 1.16100001335144 1.16200006008148 1.1800000667572 1.17000007629395 1.17800009250641 1.17500007152557 1.16800010204315 1.16300010681152 1.14800000190735 1.1470000743866 1.15900003910065 1.15400004386902 1.17200005054474 1.18600010871887 1.19500005245209 1.21600008010864 1.22300004959106 1.25600004196167 1.27800011634827 1.28200006484985 1.28500008583069 1.28500008583069 1.26300001144409 1.27800011634827 1.27900004386902 1.26900005340576 1.25 1.2150000333786 1.18400001525879 1.15000009536743 1.12000000476837 1.10300004482269 1.08600008487701 1.08300006389618 1.06200003623962 1.05800008773804 1.0550000667572 1.06200003623962 1.08100008964539 1.11100006103516 1.10699999332428 1.08900010585785 1.07200002670288
-3.4e+38 -3.4e+38 -3.4e+38 -3.4e+38 -3.4e+38 -3.4e+38 -3.4e+38 -3.4e+38 1.14000010490417 1.13900005817413 1.1450001001358 1.16600000858307 1.16600000858307 1.1580001115799 1.16100001335144 1.16600000858307 1.16300010681152 1.16300010681152 1.1470000743866 1.14900004863739 1.15100002288818 1.16400003433228 1.17500007152557 1.18900001049042 1.20200002193451 1.22400009632111 1.23500001430511 1.2610000371933 1.2830001115799 1.31900000572205 1.32500004768372 1.31800007820129 1.2940000295639 1.2940000295639 1.28000009059906 1.2590000629425 1.23600006103516 1.21400010585785 1.18600010871887 1.13700008392334 1.07400000095367 1.06300008296967 1.04500007629395 1.02500009536743 1.02400004863739 1.0110000371933 1.0200001001358 1.03700006008148 1.06000006198883 1.08400011062622 1.09300005435944 1.0900000333786 1.07300007343292
-3.4e+38 -3.4e+38 -3.4e+38 -3.4e+38 -3.4e+38 -3.4e+38 -3.4e+38 -3.4e+38 1.16100001335144 1.15000009536743 1.1450001001358 1.1470000743866 1.14900004863739 1.14900004863739 1.15299999713898 1.15600001811981 1.15700006484985 1.1580001115799 1.15100002288818 1.14900004863739 1.16000008583069 1.17000007629395 1.17300009727478 1.18600010871887 1.21100008487701 1.23500001430511 1.25600004196167 1.2720000743866 1.32000005245209 1.36800003051758 1.37400007247925 1.3620001077652 1.34200000762939 1.32400012016296 1.31400001049042 1.26200008392334 1.22900009155273 1.21700000762939 1.17900002002716 1.12600004673004 1.05599999427795 1.03100001811981 1.00999999046326 0.995000064373016 0.968000054359436 0.962000072002411 0.977000057697296 0.994000017642975 1.0200001001358 1.03600001335144 1.05800008773804 1.05900001525879 1.04300010204315
-3.4e+38 -3.4e+38 -3.4e+38 -3.4e+38 -3.4e+38 -3.4e+38 -3.4e+38 -3.4e+38 -3.4e+38 1.14200007915497 1.14300000667572 1.15400004386902 1.14600002765656 1.14300000667572 1.1450001001358 1.14300000667572 1.14200007915497 1.14400005340576 1.1450001001358 1.15100002288818 1.16000008583069 1.1710000038147 1.17800009250641 1.20100009441376 1.22400009632111 1.24100005626678 1.26500010490417 1.30200004577637 1.3620001077652 1.42400002479553 1.45900011062622 1.43300008773804 1.41400003433228 1.38100004196167 1.32000005245209 1.2590000629425 1.24900007247925 1.21700000762939 1.16800010204315 1.12000000476837 1.04700005054474 1 0.966000020503998 0.942000031471252 0.911000072956085 0.89900004863739 0.910000026226044 0.944000065326691 0.960000038146973 0.986000061035156 1.01500010490417 1.03500008583069 1.03000009059906
-3.4e+38 -3.4e+38 -3.4e+38 -3.4e+38 -3.4e+38 -3.4e+38 -3.4e+38 -3.4e+38 -3.4e+38 1.15700006484985 1.16300010681152 1.15200006961823 1.13500010967255 1.12000000476837 1.11800003051758 1.11100006103516 1.12200009822845 1.13300001621246 1.13900005817413 1.14600002765656 1.15200006961823 1.16300010681152 1.18500006198883 1.19000005722046 1.22500002384186 1.25400006771088 1.27500009536743 1.32500004768372 1.40400004386902 1.47100007534027 1.5090000629425 1.49000012874603 1.41600000858307 1.37200009822845 1.33100008964539 1.27900004386902 1.23500001430511 1.1910001039505 1.1360000371933 1.08400011062622 1.0220000743866 0.986000061035156 0.929000020027161 0.885000050067902 0.85400003194809 0.824000060558319 0.811000049114227 0.843000054359436 0.89000004529953 0.931000053882599 0.964000046253204 1 1.00800001621246
-3.4e+38 -3.4e+38 -3.4e+38 -3.4e+38 -3.4e+38 -3.4e+38 -3.4e+38 -3.4e+38 -3.4e+38 1.15500009059906 1.1690000295639 1.15700006484985 1.12300002574921 1.09400010108948 1.10300004482269 1.09900009632111 1.12600004673004 1.12900006771088 1.1340000629425 1.12999999523163 1.12999999523163 1.14200007915497 1.1690000295639 1.17800009250641 1.20900011062622 1.22700011730194 1.26400005817413 1.33600008487701 1.40200006961823 1.46800005435944 1.51500010490417 1.48200011253357 1.40900003910065 1.36400008201599 1.3400000333786 1.307000041008 1.24300003051758 1.20400011539459 1.14600002765656 1.09500002861023 1.00200009346008 0.965000033378601 0.894000053405762 0.808000028133392 0.734000027179718 0.707000017166138 0.72900003194809 0.775000035762787 0.838000059127808 0.875000059604645 0.934000015258789 0.969000041484833 1.00100004673004
-3.4e+38 -3.4e+38 -3.4e+38 -3.4e+38 -3.4e+38 -3.4e+38 -3.4e+38 -3.4e+38 -3.4e+38 1.16600000858307 1.16500008106232 1.1340000629425 1.12100005149841 1.09100008010864 1.0660001039505 1.08900010585785 1.1120001077652 1.11300003528595 1.125 1.12000000476837 1.11600005626678 1.12200009822845 1.14400005340576 1.16300010681152 1.18100011348724 1.19400000572205 1.23400008678436 1.29000008106232 1.35200011730194 1.41800010204315 1.43300008773804 1.41000008583069 1.36600005626678 1.33400011062622 1.3160001039505 1.29200005531311 1.25300002098083 1.20900011062622 1.14800000190735 1.07300007343292 0.980000019073486 0.919000029563904 0.850000023841858 0.759000062942505 0.672000050544739 0.623000025749207 0.660000026226044 0.73800003528595 0.804000020027161 0.852000057697296 0.91700005531311 0.966000020503998 0.995000064373016
-3.4e+38 -3.4e+38 -3.4e+38 -3.4e+38 -3.4e+38 -3.4e+38 -3.4e+38 -3.4e+38 -3.4e+38 1.15200006961823 1.13800001144409 1.11800003051758 1.08000004291534 1.06800007820129 1.05400002002716 1.07400000095367 1.09700000286102 1.09600007534027 1.09400010108948 1.09900009632111 1.10300004482269 1.09900009632111 1.12400007247925 1.14000010490417 1.14600002765656 1.16100001335144 1.19500005245209 1.22700011730194 1.29000008106232 1.32000005245209 1.3160001039505 1.31400001049042 1.30100011825562 1.3050000667572 1.2700001001358 1.26400005817413 1.25500011444092 1.19000005722046 1.11100006103516 1.0220000743866 0.974000036716461 0.914000034332275 0.853000044822693 0.780000030994415 0.703000009059906 0.646000027656555 0.681000053882599 0.74700003862381 0.812000036239624 0.859000027179718 0.913000047206879 0.956000030040741 0.994000017642975
-3.4e+38 -3.4e+38 -3.4e+38 -3.4e+38 -3.4e+38 -3.4e+38 -3.4e+38 -3.4e+38 -3.4e+38 1.12999999523163 1.09500002861023 1.0660001039505 1.05200004577637 1.04900002479553 1.05400002002716 1.0660001039505 1.08500003814697 1.08200001716614 1.08600008487701 1.08000004291534 1.08500003814697 1.08500003814697 1.10199999809265 1.10000002384186 1.09900009632111 1.12200009822845 1.1450001001358 1.15500009059906 1.20200002193451 1.23400008678436 1.24000000953674 1.24900007247925 1.2590000629425 1.25400006771088 1.26900005340576 1.26700007915497 1.21000003814697 1.16500008106232 1.07500004768372 1.01300001144409 0.973000049591064 0.918000042438507 0.874000012874603 0.830000042915344 0.780000030994415 0.760000050067902 0.775000035762787 0.796000063419342 0.848000049591064 0.902000069618225 0.944000065326691 0.974000036716461 1.01800000667572
-3.4e+38 -3.4e+38 -3.4e+38 -3.4e+38 -3.4e+38 -3.4e+38 -3.4e+38 -3.4e+38 1.13300001621246 1.11000001430511 1.08000004291534 1.0460000038147 1.03400003910065 1.04700005054474 1.0550000667572 1.05900001525879 1.06900000572205 1.07300007343292 1.06500005722046 1.07000005245209 1.07100009918213 1.0789999961853 1.08200001716614 1.06100010871887 1.06900000572205 1.07500004768372 1.10300004482269 1.12000000476837 1.15400004386902 1.16800010204315 1.1800000667572 1.19900000095367 1.19400000572205 1.20800006389618 1.21100008487701 1.22900009155273 1.17500007152557 1.13900005817413 1.07200002670288 1.02400004863739 0.981000065803528 0.946000039577484 0.921000063419342 0.889000058174133 0.865000069141388 0.859000027179718 0.86300003528595 0.866000056266785 0.901000022888184 0.935000061988831 0.970000028610229 1.00499999523163 1.04300010204315
-3.4e+38 -3.4e+38 -3.4e+38 -3.4e+38 -3.4e+38 -3.4e+38 -3.4e+38 -3.4e+38 1.14900004863739 1.11000001430511 1.07800006866455 1.05599999427795 1.04500007629395 1.05099999904633 1.0550000667572 1.06200003623962 1.06100010871887 1.04900002479553 1.04700005054474 1.03900003433228 1.03200006484985 1.03800010681152 1.02600002288818 1.02400004863739 1.04000008106232 1.04900002479553 1.07000005245209 1.09200000762939 1.10699999332428 1.14100003242493 1.16200006008148 1.20000004768372 1.22900009155273 1.17800009250641 1.17800009250641 1.18800008296967 1.16500008106232 1.14900004863739 1.10900008678436 1.04500007629395 0.99700003862381 0.990000069141388 0.968000054359436 0.965000033378601 0.931000053882599 0.912000060081482 0.903000056743622 0.929000020027161 0.924000024795532 0.947000026702881 0.98500007390976 1 1.02799999713898
-3.4e+38 -3.4e+38 -3.4e+38 -3.4e+38 -3.4e+38 -3.4e+38 -3.4e+38 -3.4e+38 1.1580001115799 1.12300002574921 1.0900000333786 1.07400000095367 1.05900001525879 1.06300008296967 1.05900001525879 1.05000007152557 1.0460000038147 1.04000008106232 1.03000009059906 1.02400004863739 1.00700008869171 0.983000040054321 0.967000067234039 0.97900003194809 0.995000064373016 1.02900004386902 1.05099999904633 1.09300005435944 1.12900006771088 1.14800000190735 1.14900004863739 1.18900001049042 1.2610000371933 1.22400009632111 1.22200000286102 1.23600006103516 1.22100007534027 1.1690000295639 1.10400009155273 1.07500004768372 1.03500008583069 1.00700008869171 1.00999999046326 1.00100004673004 0.970000028610229 0.938000023365021 0.929000020027161 0.929000020027161 0.950000047683716 0.956000030040741 0.965000033378601 0.972000062465668 0.97900003194809
-3.4e+38 -3.4e+38 -3.4e+38 -3.4e+38 -3.4e+38 -3.4e+38 -3.4e+38 -3.4e+38 1.1690000295639 1.13500010967255 1.125 1.0900000333786 1.07000005245209 1.06400001049042 1.057000041008 1.04900002479553 1.03700006008148 1.02400004863739 1.0090000629425 1.00400006771088 0.986000061035156 0.943000018596649 0.929000020027161 0.927000045776367 0.944000065326691 0.990000069141388 1.02900004386902 1.07600009441376 1.12900006771088 1.14000010490417 1.13900005817413 1.16700005531311 1.25200009346008 1.23300004005432 1.21800005435944 1.25500011444092 1.24100005626678 1.21700000762939 1.13700008392334 1.09400010108948 1.07000005245209 1.05000007152557 1.03800010681152 1.02500009536743 1 0.97900003194809 0.964000046253204 0.970000028610229 0.960000038146973 0.959000051021576 0.977000057697296 0.965000033378601 0.957000017166138
-3.4e+38 -3.4e+38 -3.4e+38 -3.4e+38 -3.4e+38 -3.4e+38 -3.4e+38 -3.4e+38 1.17500007152557 1.15299999713898 1.13800001144409 1.10900008678436 1.06900000572205 1.06400001049042 1.05400002002716 1.0460000038147 1.03700006008148 1.01500010490417 1.00999999046326 0.987000048160553 0.953000068664551 0.915000021457672 0.886000037193298 0.874000012874603 0.900000035762787 0.954000055789948 0.993000030517578 1.04900002479553 1.10699999332428 1.11800003051758 1.13800001144409 1.1690000295639 1.23600006103516 1.22400009632111 1.22000002861023 1.25600004196167 1.26700007915497 1.26900005340576 1.18400001525879 1.15500009059906 1.12200009822845 1.08500003814697 1.07000005245209 1.0440000295639 1.01700007915497 1.0200001001358 1.00100004673004 0.994000017642975 0.978000044822693 0.980000019073486 0.976000070571899 0.969000041484833 0.956000030040741
-3.4e+38 -3.4e+38 -3.4e+38 -3.4e+38 -3.4e+38 -3.4e+38 -3.4e+38 -3.4e+38 1.18600010871887 1.16700005531311 1.14400005340576 1.11000001430511 1.08700001239777 1.07300007343292 1.05800008773804 1.0440000295639 1.03000009059906 1.01500010490417 1.00499999523163 0.968000054359436 0.941000044345856 0.898000061511993 0.882000029087067 0.878000020980835 0.905000030994415 0.942000031471252 0.972000062465668 1.01400005817413 1.05900001525879 1.0900000333786 1.12800002098083 1.19900000095367 1.22000002861023 1.20900011062622 1.1910001039505 1.25800001621246 1.2590000629425 1.30800008773804 1.26500010490417 1.23100006580353 1.19200003147125 1.14000010490417 1.08600008487701 1.07000005245209 1.04900002479553 1.0440000295639 1.00700008869171 1.00100004673004 0.981000065803528 0.962000072002411 0.981000065803528 0.968000054359436 0.940000057220459
-3.4e+38 -3.4e+38 -3.4e+38 -3.4e+38 -3.4e+38 -3.4e+38 -3.4e+38 -3.4e+38 -3.4e+38 1.18900001049042 1.16100001335144 1.12000000476837 1.10500001907349 1.08400011062622 1.04300010204315 1.02400004863739 1.01700007915497 1 0.987000048160553 0.958000063896179 0.939000070095062 0.912000060081482 0.895000040531158 0.900000035762787 0.921000063419342 0.935000061988831 0.948000073432922 0.984000027179718 1.02100002765656 1.08000004291534 1.16600000858307 1.16700005531311 1.16600000858307 1.17200005054474 1.18900001049042 1.24700009822845 1.27400004863739 1.30300009250641 1.28600001335144 1.29200005531311 1.25 1.19400000572205 1.12400007247925 1.08500003814697 1.06800007820129 1.04300010204315 1.00100004673004 0.968000054359436 0.953000068664551 0.957000017166138 0.984000027179718 0.951000034809113 0.936000049114227
-3.4e+38 -3.4e+38 -3.4e+38 -3.4e+38 -3.4e+38 -3.4e+38 -3.4e+38 -3.4e+38 -3.4e+38 -3.4e+38 1.1690000295639 1.12700009346008 1.11000001430511 1.09100008010864 1.05099999904633 1.02900004386902 1.00700008869171 0.989000022411346 0.969000041484833 0.949000060558319 0.925000071525574 0.914000034332275 0.912000060081482 0.918000042438507 0.920000016689301 0.937000036239624 0.943000018596649 0.962000072002411 1 1.10000002384186 1.11300003528595 1.1340000629425 1.15400004386902 1.12300002574921 1.1360000371933 1.20100009441376 1.23000001907349 1.27400004863739 1.28900003433228 1.32800006866455 1.24900007247925 1.20800006389618 1.14900004863739 1.11500000953674 1.06400001049042 1.0440000295639 0.999000072479248 0.981000065803528 0.952000021934509 0.953000068664551 0.981000065803528 0.970000028610229 0.969000041484833
-3.4e+38 -3.4e+38 -3.4e+38 -3.4e+38 -3.4e+38 -3.4e+38 -3.4e+38 -3.4e+38 -3.4e+38 -3.4e+38 1.18300008773804 1.13500010967255 1.1120001077652 1.08400011062622 1.05200004577637 1.03400003910065 1.00499999523163 0.97900003194809 0.960000038146973 0.939000070095062 0.920000016689301 0.920000016689301 0.923000037670135 0.930000066757202 0.92600005865097 0.936000049114227 0.939000070095062 0.951000034809113 1.01800000667572 1.0460000038147 1.03500008583069 1.04900002479553 1.10699999332428 1.10000002384186 1.08000004291534 1.16400003433228 1.15000009536743 1.26500010490417 1.29900002479553 1.32900011539459 1.28400003910065 1.2150000333786 1.1580001115799 1.0900000333786 1.08400011062622 1.05800008773804 1.03700006008148 1.01900005340576 0.993000030517578 0.982000052928925 0.995000064373016 1.01200008392334 1.0220000743866
-3.4e+38 -3.4e+38 -3.4e+38 -3.4e+38 1.2940000295639 1.27500009536743 1.26300001144409 1.25500011444092 1.21600008010864 1.19200003147125 1.18400001525879 1.13800001144409 1.09300005435944 1.06900000572205 1.05000007152557 1.0220000743866 1.00600004196167 0.969000041484833 0.935000061988831 0.910000026226044 0.902000069618225 0.915000021457672 0.920000016689301 0.928000032901764 0.931000053882599 0.937000036239624 0.930000066757202 0.973000049591064 0.984000027179718 0.970000028610229 0.977000057697296 0.980000019073486 1.03900003433228 1.04200005531311 1.07400000095367 1.07100009918213 1.09800004959106 1.17000007629395 1.22000002861023 1.27400004863739 1.2590000629425 1.19600009918213 1.10600006580353 1.07400000095367 1.07800006866455 1.07000005245209 1.03900003433228 1.07000005245209 1.03700006008148 1.02900004386902 1.0440000295639 1.07000005245209 1.08300006389618
1.26900005340576 1.28000009059906 1.28800010681152 1.31000006198883 1.31000006198883 1.3050000667572 1.27800011634827 1.25400006771088 1.21900010108948 1.20000004768372 1.18800008296967 1.14100003242493 1.09600007534027 1.07000005245209 1.04800009727478 1.01900005340576 0.98800003528595 0.952000021934509 0.91700005531311 0.895000040531158 0.878000020980835 0.901000022888184 0.915000021457672 0.925000071525574 0.925000071525574 0.919000029563904 0.922000050544739 0.927000045776367 0.897000014781952 0.906000018119812 0.921000063419342 0.949000060558319 0.974000036716461 1.00999999046326 1 0.970000028610229 1.03100001811981 1.07200002670288 1.1580001115799 1.22400009632111 1.18400001525879 1.07300007343292 1.04500007629395 1.0200001001358 1.02900004386902 1.05099999904633 1.06500005722046 1.08500003814697 1.06500005722046 1.057000041008 1.04000008106232 1.06000006198883 1.07600009441376
1.27600002288818 1.28500008583069 1.30900001525879 1.32700002193451 1.34200000762939 1.33900010585785 1.307000041008 1.26700007915497 1.24100005626678 1.21200001239777 1.18300008773804 1.16200006008148 1.1010000705719 1.06900000572205 1.04900002479553 1.01900005340576 0.992000043392181 0.954000055789948 0.915000021457672 0.88100004196167 0.891000032424927 0.911000072956085 0.912000060081482 0.914000034332275 0.914000034332275 0.916000068187714 0.904000043869019 0.888000071048737 0.860000014305115 0.862000048160553 0.904000043869019 0.935000061988831 0.909000039100647 0.928000032901764 0.918000042438507 1.01600003242493 1.01400005817413 1.06100010871887 1.11900007724762 1.08600008487701 1.07200002670288 1.02400004863739 1.02100002765656 0.954000055789948 0.962000072002411 1.04500007629395 1.03000009059906 1.0460000038147 1.08000004291534 1.06500005722046 1.02500009536743 1.0550000667572 1.06000006198883
1.26200008392334 1.28800010681152 1.31400001049042 1.35900008678436 1.36400008201599 1.36300003528595 1.33000004291534 1.29300010204315 1.26300001144409 1.21900010108948 1.18400001525879 1.15400004386902 1.09800004959106 1.06500005722046 1.04000008106232 1.00200009346008 0.976000070571899 0.949000060558319 0.932000041007996 0.909000039100647 0.891000032424927 0.900000035762787 0.903000056743622 0.905000030994415 0.89000004529953 0.885000050067902 0.860000014305115 0.849000036716461 0.852000057697296 0.852000057697296 0.880000054836273 0.893000066280365 0.894000053405762 0.879000067710876 0.964000046253204 0.975000023841858 1.04200005531311 0.992000043392181 1.00200009346008 1.01700007915497 1.02900004386902 1.03000009059906 1.0460000038147 1.03100001811981 0.978000044822693 1.02700006961823 1.04000008106232 1.0440000295639 1.05900001525879 1.08400011062622 1.0460000038147 1.00200009346008 1.01500010490417
