PastLayers/vpdmax.asc
NCOLS 292 
NROWS 291 
XLLCORNER -87.6458333327872 
YLLCORNER 24.4791666666667 
CELLSIZE 0.0416666666669039 
NODATA_value -3.4e+38 
[rows 0 to 23 of 291, columns 212 to 264 of 292]
-3.4e+38 -3.4e+38 -3.4e+38 -3.4e+38 -3.4e+38 -3.4e+38 -3.4e+38 -3.4e+38 -3.4e+38 -3.4e+38 -3.4e+38 -3.4e+38 -3.4e+38 -3.4e+38 -3.4e+38 -3.4e+38 -3.4e+38 -3.4e+38 -3.4e+38 -3.4e+38 -3.4e+38 -3.4e+38 -3.4e+38 -3.4e+38 -3.4e+38 -3.4e+38 -3.4e+38 -3.4e+38 -3.4e+38 -3.4e+38 -3.4e+38 -3.4e+38 -3.4e+38 -3.4e+38 -3.4e+38 -3.4e+38 -3.4e+38 -3.4e+38 -3.4e+38 -3.4e+38 -3.4e+38 -3.4e+38 -3.4e+38 -3.4e+38 -3.4e+38 -3.4e+38 -3.4e+38 -3.4e+38 -3.4e+38 -3.4e+38 -3.4e+38 -3.4e+38 -3.4e+38
15.0890007019043 -3.4e+38 -3.4e+38 -3.4e+38 -3.4e+38 -3.4e+38 -3.4e+38 -3.4e+38 -3.4e+38 15.6050004959106 15.5660009384155 15.7250003814697 15.5880002975464 15.5930004119873 15.7520008087158 15.7390003204346 15.7670011520386 15.6650009155273 15.6030006408691 15.5200004577637 15.407000541687 15.3040008544922 15.3540010452271 15.2900009155273 15.1710004806519 15.0970010757446 15.1270008087158 15.1500005722046 15.2390003204346 15.3190011978149 15.3610010147095 15.371000289917 15.3260011672974 15.4240007400513 15.5140008926392 15.5310010910034 15.5660009384155 15.488000869751 15.3980007171631 15.2950010299683 15.1390008926392 14.9420003890991 14.774001121521 14.7290010452271 14.7440004348755 14.8370008468628 14.774001121521 14.7040004730225 14.6240005493164 14.6340007781982 14.6070003509521 14.5880002975464 14.5490007400513
15.0820007324219 15.1430006027222 15.2180004119873 15.3190011978149 15.3980007171631 15.4590005874634 15.3620004653931 15.649001121521 15.7000007629395 15.5380010604858 15.8190011978149 15.7480010986328 15.6700010299683 15.7590007781982 15.7540006637573 15.6190004348755 15.7520008087158 15.6330003738403 15.617000579834 15.6410007476807 15.5960006713867 15.5270004272461 15.4500007629395 15.3750009536743 15.3840007781982 15.2170009613037 15.2500009536743 15.3530006408691 15.4010009765625 15.3750009536743 15.4350004196167 15.4900007247925 15.4950008392334 15.5170011520386 15.5650005340576 15.5220003128052 15.4650011062622 15.3770008087158 15.2290010452271 15.234001159668 15.1830005645752 14.9770002365112 14.8790006637573 14.7520008087158 14.8440008163452 14.9600009918213 14.8830003738403 14.8750009536743 14.8740005493164 14.8930006027222 14.8650007247925 14.8020009994507 14.7730007171631
15.0400009155273 14.9220008850098 15.0030002593994 14.9990005493164 14.9710006713867 14.9200010299683 15.0960006713867 15.3410005569458 15.5080003738403 15.653000831604 16.0100002288818 15.7590007781982 15.6390008926392 15.7280006408691 15.5850009918213 15.5490007400513 15.6870002746582 15.6730003356934 15.6730003356934 15.6450004577637 15.5560007095337 15.5600004196167 15.4810009002686 15.3390007019043 15.3390007019043 15.3100004196167 15.3040008544922 15.363000869751 15.4940004348755 15.4980010986328 15.4940004348755 15.5890007019043 15.5970010757446 15.6330003738403 15.6400003433228 15.649001121521 15.5410003662109 15.3660011291504 15.2880010604858 15.1800003051758 15.0830011367798 14.9900007247925 14.9170007705688 14.9090003967285 14.9450006484985 14.984001159668 15.0260009765625 15.121000289917 15.0990009307861 15.0550003051758 14.9980010986328 14.94700050354 14.9060010910034
14.9260005950928 14.8010005950928 14.6770009994507 14.528000831604 14.6730003356934 14.7230005264282 15.0600004196167 15.2240009307861 15.5330009460449 15.9100008010864 16.0750007629395 15.8660011291504 15.6800003051758 15.7370004653931 15.7770004272461 15.5570011138916 15.5580005645752 15.6110010147095 15.7200012207031 15.7100009918213 15.7090005874634 15.7140007019043 15.564001083374 15.3650007247925 15.28600025177 15.1980009078979 15.2880010604858 15.3620004653931 15.4670009613037 15.6220006942749 15.6380004882812 15.6790008544922 15.742000579834 15.7440004348755 15.7700004577637 15.7450008392334 15.6460008621216 15.5210008621216 15.3380002975464 15.1420011520386 15.0490007400513 14.9670009613037 14.9300003051758 14.9710006713867 15.0010004043579 15.1110010147095 15.2080011367798 15.3040008544922 15.3250007629395 15.2970008850098 15.242000579834 15.1320009231567 15.0260009765625
14.9170007705688 14.7610006332397 14.4450006484985 14.1790008544922 14.1110010147095 14.2940006256104 14.7150011062622 15.282000541687 15.5470008850098 15.9290008544922 15.8700008392334 15.7370004653931 15.818000793457 15.7720003128052 15.8250007629395 15.8470010757446 15.814001083374 15.7560005187988 15.7880010604858 15.8750009536743 15.8560009002686 15.8230009078979 15.7000007629395 15.496000289917 15.2650003433228 15.32200050354 15.4450006484985 15.488000869751 15.4590005874634 15.6770009994507 15.8010005950928 15.8090009689331 15.8500003814697 15.9000005722046 15.9250011444092 15.9260005950928 15.8060007095337 15.6840009689331 15.5430011749268 15.359001159668 15.2450008392334 15.1150007247925 15.0600004196167 15.0600004196167 15.0600004196167 15.1180009841919 15.2170009613037 15.3460006713867 15.3760004043579 15.3800010681152 15.3080005645752 15.234001159668 15.1280002593994
14.9770002365112 14.734001159668 14.3680009841919 13.9490003585815 13.6300010681152 14.2230005264282 14.7790002822876 15.2690010070801 15.8290004730225 15.7990007400513 15.7220010757446 15.8330011367798 15.8200006484985 15.8100004196167 15.7700004577637 15.9320011138916 15.9350004196167 15.899001121521 15.9080009460449 15.8740005493164 15.9080009460449 15.8950004577637 15.8640003204346 15.7360010147095 15.4820003509521 15.4660005569458 15.5150003433228 15.5930004119873 15.6450004577637 15.831000328064 15.9410009384155 16.0100002288818 16.0520000457764 16.0850009918213 16.1120014190674 16.064001083374 15.9860010147095 15.8410005569458 15.7200012207031 15.5690011978149 15.4340009689331 15.3240003585815 15.2050008773804 15.1410007476807 15.1080007553101 15.2000007629395 15.2530002593994 15.363000869751 15.3900003433228 15.3330011367798 15.278000831604 15.1750011444092 15.0710010528564
15.0050010681152 14.7510004043579 14.4790010452271 13.8680009841919 13.6390008926392 14.1510009765625 14.8980007171631 15.5340003967285 16.0990009307861 15.8060007095337 15.8480005264282 16.0470008850098 16.0250015258789 15.9810009002686 15.9970006942749 15.9610004425049 15.9770011901855 16.0460014343262 16.064001083374 15.9950008392334 15.9930009841919 15.9670009613037 15.9660005569458 15.8500003814697 15.6940011978149 15.6200008392334 15.6310005187988 15.6740007400513 15.7790002822876 15.9010009765625 16.0050010681152 16.1360015869141 16.2740001678467 16.4150009155273 16.3600006103516 16.2890014648438 16.1580009460449 15.9820003509521 15.859001159668 15.734001159668 15.5880002975464 15.4700002670288 15.407000541687 15.3090009689331 15.2690010070801 15.3470010757446 15.3060007095337 15.3290004730225 15.2360010147095 15.2790002822876 15.234001159668 15.1850004196167 15.0890007019043
15.153000831604 14.7430009841919 14.5920009613037 14.4700002670288 14.278000831604 14.7210006713867 15.0200004577637 15.7370004653931 15.9360008239746 15.8450012207031 15.943000793457 15.8950004577637 16.0670013427734 16.1070003509521 16.0710010528564 16.1360015869141 16.1080017089844 16.064001083374 16.1450004577637 16.0810012817383 16.0430011749268 16.0170001983643 15.9990005493164 15.9300003051758 15.8580007553101 15.7940006256104 15.7540006637573 15.831000328064 15.8970003128052 15.8700008392334 16.0320014953613 16.2250003814697 16.4700012207031 16.7200012207031 16.7650012969971 16.5410003662109 16.3159999847412 16.1480007171631 16.0040016174316 15.831000328064 15.6850004196167 15.6010007858276 15.5090007781982 15.4050006866455 15.3620004653931 15.3330011367798 15.2850008010864 15.3090009689331 15.2230005264282 15.1900005340576 15.149001121521 15.1820011138916 15.1520004272461
15.4130010604858 15.1730003356934 14.8860006332397 14.899001121521 15.1600008010864 15.2540006637573 15.4350004196167 15.8390007019043 16.0690002441406 16.0700016021729 16.2080001831055 16.3600006103516 16.326000213623 16.4280014038086 16.201000213623 16.1340007781982 16.1240005493164 16.105001449585 16.1389999389648 16.0869998931885 16.1180000305176 16.0330009460449 15.9740009307861 15.8930006027222 15.8760004043579 15.9080009460449 15.8880004882812 15.943000793457 15.9980010986328 16.0620002746582 16.1280002593994 16.3070011138916 16.6630001068115 16.9360008239746 17.0490016937256 16.8700008392334 16.5490016937256 16.230001449585 16.0139999389648 15.9340009689331 15.8390007019043 15.7000007629395 15.5750007629395 15.4650011062622 15.367000579834 15.2980003356934 15.2540006637573 15.2440004348755 15.1820011138916 15.0650005340576 15.0940008163452 15.157000541687 15.1980009078979
15.6500005722046 15.774001121521 15.6690006256104 15.4140005111694 15.3450002670288 15.3850011825562 15.6650009155273 16.1260013580322 16.4750003814697 16.6860008239746 16.7569999694824 17.0550003051758 16.7560005187988 16.484001159668 16.4010009765625 16.3090000152588 16.2000007629395 16.0349998474121 15.9610004425049 16.0120010375977 16.0390014648438 15.9480009078979 15.8980007171631 15.903000831604 15.9260005950928 15.9370012283325 15.9110012054443 15.9530010223389 16.0300006866455 16.1270008087158 16.2259998321533 16.451000213623 16.6790008544922 16.8570003509521 16.9790000915527 16.9000015258789 16.6640014648438 16.375 16.1200008392334 16.0250015258789 15.8790006637573 15.7860012054443 15.5880002975464 15.4330005645752 15.3010005950928 15.2510004043579 15.1990003585815 15.1640005111694 15.1120004653931 15.1010007858276 15.0880002975464 15.0800008773804 15.1470003128052
16.189001083374 15.8700008392334 15.8650007247925 15.7680006027222 15.7130002975464 15.5760011672974 15.5580005645752 15.7360010147095 16.189001083374 16.5040016174316 17.1260013580322 17.564001083374 17.1780014038086 16.9370002746582 16.5040016174316 16.3299999237061 16.1500015258789 16.0320014953613 15.9530010223389 15.9500007629395 15.9170007705688 15.9210004806519 15.9110012054443 15.8880004882812 15.9050006866455 15.9290008544922 15.9020004272461 15.9650011062622 16.0780010223389 16.1760005950928 16.2960014343262 16.3290004730225 16.4780006408691 16.5150012969971 16.6800003051758 16.685001373291 16.5440006256104 16.3889999389648 16.1190013885498 16.0490016937256 15.9530010223389 15.7850008010864 15.5740003585815 15.4200010299683 15.2770004272461 15.1920003890991 15.1040010452271 15.0630006790161 15.0400009155273 15.0470008850098 15.1300010681152 15.0790004730225 15.117000579834
16.2250003814697 16.0500011444092 15.9080009460449 15.8840007781982 15.7990007400513 15.5030012130737 15.3530006408691 15.7690010070801 16.1740016937256 16.6260013580322 16.951000213623 17.1300010681152 17.3480014801025 16.9340000152588 16.5939998626709 16.2790012359619 16.1060009002686 15.9240007400513 15.8250007629395 15.8320007324219 15.7520008087158 15.7500009536743 15.7850008010864 15.8070011138916 15.7940006256104 15.8240003585815 15.9040002822876 15.9200010299683 15.9350004196167 16.0040016174316 16.2119998931885 16.2390003204346 16.2270011901855 16.2970008850098 16.2890014648438 16.306001663208 16.3299999237061 16.2350006103516 16.1160011291504 16.0330009460449 15.8520011901855 15.6410007476807 15.5000009536743 15.3890008926392 15.2490005493164 15.1510009765625 15.0490007400513 14.9600009918213 14.9990005493164 15.0470008850098 15.2400007247925 15.0890007019043 15.0650005340576
16.0440006256104 16.0530014038086 15.9690008163452 15.9600009918213 15.7170009613037 15.7500009536743 15.3970003128052 15.5930004119873 15.8840007781982 16.1770000457764 16.7600002288818 17.0550003051758 17.0350017547607 16.8450012207031 16.496000289917 16.2030010223389 16.0470008850098 15.9020004272461 15.6860008239746 15.6660003662109 15.6340007781982 15.6380004882812 15.6100006103516 15.6730003356934 15.6850004196167 15.7400007247925 15.7950010299683 15.8600006103516 15.9220008850098 16.0300006866455 16.1909999847412 16.0750007629395 16.0750007629395 16.1669998168945 16.189001083374 16.1490001678467 16.1540012359619 16.0620002746582 15.9450006484985 15.7930011749268 15.6580009460449 15.5140008926392 15.3790006637573 15.2520008087158 15.1260004043579 15.028000831604 14.9630002975464 14.9380006790161 14.9630002975464 14.9680004119873 15.1560010910034 15.081000328064 15.0310010910034
16.0310001373291 16.0200004577637 16.0130004882812 16.1110000610352 16.0349998474121 15.7930011749268 15.7410011291504 15.8410005569458 15.6720008850098 15.8520011901855 16.238000869751 16.5390014648438 16.5390014648438 16.5480003356934 16.3299999237061 16.0799999237061 15.94700050354 15.8300008773804 15.6820011138916 15.649001121521 15.6650009155273 15.6500005722046 15.6040010452271 15.6850004196167 15.7260007858276 15.7540006637573 15.818000793457 15.9510011672974 16.068000793457 16.0890007019043 16.0930004119873 16.0790004730225 16.0840015411377 16.0180015563965 16.0150012969971 16.0419998168945 15.9440011978149 15.8760004043579 15.7790002822876 15.6230010986328 15.5030012130737 15.3130006790161 15.2050008773804 15.1440010070801 15.0730009078979 15.0050010681152 14.9100008010864 14.9450006484985 14.9380006790161 14.9760007858276 15.0740003585815 15.0600004196167 14.9500007629395
16.0390014648438 16.0090007781982 15.9040002822876 16.0850009918213 16.0790004730225 16.0930004119873 16.0340003967285 16.1410007476807 15.8100004196167 15.8540010452271 15.8570003509521 16.0550003051758 16.1780014038086 16.2580013275146 16.2610015869141 16.0799999237061 15.9930009841919 15.8340005874634 15.7160005569458 15.7320003509521 15.6750011444092 15.6590003967285 15.746000289917 15.7870006561279 15.8240003585815 15.8830003738403 15.9150009155273 16.0170001983643 16.1140003204346 16.117000579834 16.0910015106201 16.1330013275146 16.1470012664795 16.0250015258789 15.9370012283325 15.9270009994507 15.8240003585815 15.7240009307861 15.5910005569458 15.4870004653931 15.3370008468628 15.1580009460449 15.0840005874634 14.9990005493164 14.9480009078979 14.9610004425049 14.9400005340576 14.9280004501343 14.9490003585815 14.9300003051758 15.0030002593994 15.0340003967285 14.9490003585815
16.1389999389648 16.0050010681152 15.9540004730225 15.8640003204346 15.9060010910034 16.0010013580322 16.2520008087158 16.0659999847412 15.7000007629395 15.8240003585815 15.9330005645752 15.863000869751 15.984001159668 16.1150016784668 16.0950012207031 16.0840015411377 16.0040016174316 15.8700008392334 15.8700008392334 15.867000579834 15.903000831604 15.8700008392334 15.899001121521 15.9290008544922 15.9670009613037 15.9210004806519 15.9810009002686 16.0380001068115 16.0209999084473 16.0050010681152 16.0620002746582 16.1100006103516 16.0950012207031 16.0110015869141 15.9730005264282 15.9170007705688 15.7850008010864 15.7220010757446 15.5390005111694 15.3620004653931 15.2480010986328 15.0580005645752 14.9620008468628 14.9050006866455 14.8480005264282 14.867000579834 14.9140005111694 14.9680004119873 14.9460010528564 14.7910003662109 14.6270008087158 14.6290006637573 14.6990003585815
16.3050003051758 16.3840007781982 16.2480010986328 15.988000869751 15.8170003890991 16.105001449585 16.3900012969971 16.2410011291504 15.778000831604 15.7010011672974 16.0010013580322 15.8450012207031 16.0110015869141 15.859001159668 15.9480009078979 16.0430011749268 15.9630002975464 15.9940004348755 16.0530014038086 16.056001663208 16.0380001068115 16.0490016937256 16.0960006713867 16.0869998931885 16.0650005340576 16.0310001373291 16.0850009918213 16.0980014801025 15.992000579834 16.0180015563965 16.1060009002686 16.1410007476807 16.0890007019043 16.0150012969971 15.9870004653931 15.903000831604 15.7950010299683 15.7400007247925 15.57200050354 15.363000869751 15.1740007400513 15.0250005722046 14.9260005950928 14.859001159668 14.7350006103516 14.7290010452271 14.7840003967285 14.8580007553101 14.8930006027222 14.9150009155273 14.7120008468628 14.5100002288818 14.4180002212524
16.2100009918213 16.2030010223389 16.1330013275146 16.0040016174316 15.9250011444092 16.0320014953613 16.2830009460449 16.1020011901855 15.7840003967285 15.8240003585815 15.9640007019043 15.956000328064 16.0060005187988 16.0160007476807 15.9570007324219 16.1110000610352 15.9800004959106 16.0100002288818 16.1140003204346 16.1870002746582 16.2360000610352 16.2049999237061 16.2119998931885 16.19700050354 16.1560001373291 16.1540012359619 16.185001373291 16.1310005187988 16.105001449585 16.0920009613037 16.2119998931885 16.1750011444092 16.1140003204346 16.0710010528564 16.0120010375977 15.9230003356934 15.8320007324219 15.7240009307861 15.5070009231567 15.3820009231567 15.2000007629395 15.1040010452271 14.9640007019043 14.859001159668 14.7200002670288 14.6980009078979 14.7300004959106 14.8010005950928 14.7970008850098 14.8300008773804 14.7440004348755 14.6120004653931 14.524001121521
15.7330007553101 15.693000793457 15.5730009078979 15.4380006790161 15.6250009536743 16.1140003204346 16.3090000152588 16.0630016326904 15.9400005340576 15.9570007324219 15.9510011672974 16.1650009155273 15.9760007858276 16.1070003509521 16.0460014343262 16.1620006561279 16.1330013275146 16.105001449585 16.1960010528564 16.2560005187988 16.3200016021729 16.2950000762939 16.2370014190674 16.2370014190674 16.2650012969971 16.2490005493164 16.1880016326904 16.125 16.1780014038086 16.1750011444092 16.2160015106201 16.1560001373291 16.1330013275146 16.0710010528564 16.0400009155273 15.9970006942749 15.9440011978149 15.831000328064 15.609001159668 15.4630002975464 15.2330007553101 15.0900011062622 14.9770002365112 14.9020004272461 14.7930011749268 14.7890005111694 14.8350009918213 14.8030004501343 14.7330007553101 14.7310009002686 14.7040004730225 14.613000869751 14.4950008392334
15.6150007247925 15.4630002975464 15.5090007781982 15.6900005340576 15.8930006027222 16.113000869751 16.306001663208 16.2180004119873 16.2530002593994 16.2360000610352 16.0610008239746 15.9600009918213 16.2049999237061 16.0440006256104 16.1840000152588 16.2370014190674 16.117000579834 16.1940002441406 16.2390003204346 16.2940006256104 16.3090000152588 16.3400001525879 16.310001373291 16.3299999237061 16.2870006561279 16.2540016174316 16.2569999694824 16.2440013885498 16.1660003662109 16.1730003356934 16.1790008544922 16.1500015258789 16.117000579834 16.0869998931885 16.0050010681152 15.94700050354 15.9310007095337 15.8680009841919 15.7310009002686 15.528000831604 15.359001159668 15.149001121521 15.0050010681152 14.9190006256104 14.8970003128052 14.8600006103516 14.859001159668 14.8010005950928 14.7310009002686 14.6450004577637 14.5930004119873 14.5590009689331 14.4270009994507
15.3540010452271 15.5950002670288 15.6450004577637 15.7990007400513 15.7140007019043 15.7800006866455 15.8520011901855 16.3730010986328 16.5200004577637 16.4409999847412 16.1470012664795 16.1950016021729 16.2940006256104 16.1750011444092 16.1690006256104 16.3530006408691 16.3240013122559 16.3889999389648 16.4530010223389 16.480001449585 16.4890003204346 16.4380016326904 16.4490013122559 16.4610004425049 16.4000015258789 16.3700008392334 16.363000869751 16.2990016937256 16.2880001068115 16.2540016174316 16.1900005340576 16.1669998168945 16.1760005950928 16.1100006103516 16.0470008850098 15.9870004653931 15.9410009384155 15.8960008621216 15.7570009231567 15.6180009841919 15.4310007095337 15.2720003128052 15.1500005722046 15.0930004119873 14.9850006103516 14.9000005722046 14.8240003585815 14.7600002288818 14.689001083374 14.6140003204346 14.5270004272461 14.4950008392334 14.4140005111694
15.6420011520386 15.609001159668 15.6370010375977 15.9180011749268 16.201000213623 16.0340003967285 16.0790004730225 15.9500007629395 16.2030010223389 16.5790004730225 16.2740001678467 16.2990016937256 16.3240013122559 16.439001083374 16.375 16.4050006866455 16.3580017089844 16.3830013275146 16.4780006408691 16.4930000305176 16.5120010375977 16.5770015716553 16.5400009155273 16.5480003356934 16.4680004119873 16.4780006408691 16.4650001525879 16.3640003204346 16.3190002441406 16.2750015258789 16.2189998626709 16.1550006866455 16.1370010375977 16.1100006103516 16.0740013122559 16.0200004577637 15.956000328064 15.8470010757446 15.7630004882812 15.5840005874634 15.5110006332397 15.3600006103516 15.2690010070801 15.1840009689331 15.0660009384155 14.9600009918213 14.8850011825562 14.7600002288818 14.6850004196167 14.5440006256104 14.452000617981 14.4160003662109 14.4220008850098
15.5610008239746 15.7940006256104 16.1529998779297 15.9580011367798 15.9400005340576 16.3420009613037 16.4700012207031 16.1740016937256 16.3460006713867 16.375 16.6040000915527 16.5700016021729 16.5740013122559 16.5830001831055 16.6190013885498 16.5020008087158 16.4450016021729 16.4520015716553 16.6150016784668 16.6360015869141 16.6450004577637 16.621000289917 16.6540012359619 16.5610008239746 16.6100006103516 16.6540012359619 16.6450004577637 16.5659999847412 16.4330005645752 16.3340015411377 16.2410011291504 16.1750011444092 16.0830001831055 16.0850009918213 16.0820007324219 16.0270004272461 15.9970006942749 15.8910007476807 15.7470006942749 15.57200050354 15.5090007781982 15.4050006866455 15.2790002822876 15.1690006256104 15.0490007400513 14.9790010452271 14.9150009155273 14.8560009002686 14.7150011062622 14.4940004348755 14.3730010986328 14.3110008239746 14.3420009613037
