PastLayers/vpdmax.asc
NCOLS 292 
NROWS 291 
XLLCORNER -87.6458333327872 
YLLCORNER 24.4791666666667 
CELLSIZE 0.0416666666669039 
NODATA_value -3.4e+38 
[rows 48 to 71 of 291, columns 159 to 211 of 292]
17.1860008239746 17.2470016479492 16.9420013427734 17.1240005493164 16.9860000610352 16.6950016021729 16.4750003814697 16.0230007171631 16.3210010528564 16.7020015716553 16.9990005493164 16.9190006256104 17.0069999694824 17.1420001983643 17.1960010528564 17.3800010681152 17.3030014038086 17.3090000152588 17.3090000152588 17.351001739502 17.4750003814697 17.4890003204346 17.4850006103516 17.4910011291504 17.4320011138916 17.2850017547607 17.1610012054443 17.0340003967285 16.9570007324219 16.8620014190674 16.8110008239746 16.7390003204346 16.6960010528564 16.7070007324219 16.7560005187988 16.7280006408691 16.7310009002686 16.7569999694824 16.7900009155273 16.8580017089844 16.8420009613037 16.8299999237061 16.7650012969971 16.7240009307861 16.605001449585 16.4590015411377 16.3660011291504 16.2650012969971 16.2360000610352 16.2920017242432 16.371000289917 16.5090007781982 16.5349998474121
17.0050010681152 16.9050006866455 17.0250015258789 17.4280014038086 17.32200050354 16.9830017089844 16.6720008850098 16.6940002441406 16.7090015411377 16.9040012359619 16.9370002746582 17.0740013122559 17.0139999389648 17.1120014190674 17.2580013275146 17.3229999542236 17.2910003662109 17.2730007171631 17.2920017242432 17.3780002593994 17.4160003662109 17.375 17.4029998779297 17.3490009307861 17.2480010986328 17.1450004577637 16.976001739502 16.8500003814697 16.8200016021729 16.8310012817383 16.7990016937256 16.7639999389648 16.7270011901855 16.6870002746582 16.75 16.818000793457 16.8490009307861 16.8190002441406 16.8270015716553 16.8150005340576 16.7849998474121 16.7810001373291 16.7600002288818 16.7510013580322 16.6710014343262 16.5510005950928 16.4290008544922 16.3770008087158 16.3490009307861 16.3870010375977 16.4980010986328 16.5990009307861 16.6230010986328
17.621000289917 17.3850002288818 17.431001663208 17.5130004882812 17.1430015563965 17.0540008544922 17.1330013275146 17.1110000610352 16.8540000915527 16.9560012817383 17.0840015411377 17.1650009155273 17.1650009155273 17.2100009918213 17.2860012054443 17.3040008544922 17.3760013580322 17.2550010681152 17.2490005493164 17.3840007781982 17.4780006408691 17.4440002441406 17.4360008239746 17.3159999847412 17.1780014038086 17.0260009765625 16.9240016937256 16.8000011444092 16.810001373291 16.8270015716553 16.7870006561279 16.8290004730225 16.8360004425049 16.8580017089844 16.9460010528564 16.9990005493164 16.9230003356934 16.8270015716553 16.806001663208 16.814001083374 16.8040008544922 16.8040008544922 16.7960014343262 16.7580013275146 16.7040004730225 16.6240005493164 16.5450000762939 16.4790000915527 16.4980010986328 16.5420017242432 16.6389999389648 16.7140007019043 16.7130012512207
17.2630004882812 17.5470008850098 17.6640014648438 17.6120014190674 17.4160003662109 17.314001083374 17.375 17.2210006713867 17.2110004425049 17.2150001525879 17.1900005340576 17.238000869751 17.2510013580322 17.306001663208 17.3430004119873 17.3650016784668 17.4409999847412 17.4000015258789 17.3920001983643 17.4770011901855 17.5160007476807 17.4720001220703 17.4090003967285 17.3130016326904 17.1900005340576 17.0170001983643 16.943000793457 16.9190006256104 16.9000015258789 16.94700050354 16.939001083374 17.0100002288818 17.0279998779297 17.0139999389648 16.9770011901855 17.0139999389648 16.9380016326904 16.8700008392334 16.8190002441406 16.8540000915527 16.8520011901855 16.8350009918213 16.7920017242432 16.7650012969971 16.7470016479492 16.681001663208 16.5990009307861 16.564001083374 16.6760005950928 16.7410011291504 16.8000011444092 16.7920017242432 16.7080001831055
17.3170013427734 17.2190017700195 17.359001159668 17.5830001831055 17.5370006561279 17.4570007324219 17.3819999694824 17.3620014190674 17.4070014953613 17.3760013580322 17.371000289917 17.3380012512207 17.3070011138916 17.4240016937256 17.4549999237061 17.4180011749268 17.4549999237061 17.4580001831055 17.4950008392334 17.5750007629395 17.564001083374 17.4910011291504 17.4440002441406 17.3540000915527 17.238000869751 17.0990009307861 17.060001373291 17.0190010070801 17.0400009155273 17.0670013427734 17.0840015411377 17.1740016937256 17.2590007781982 17.1350002288818 17.0470008850098 17.0330009460449 17.0410003662109 16.9890003204346 16.9320011138916 16.8920001983643 16.8990001678467 16.8980007171631 16.8800010681152 16.8080005645752 16.8250007629395 16.7960014343262 16.6459999084473 16.6620006561279 16.806001663208 16.8340015411377 16.8280010223389 16.8480014801025 16.7630004882812
17.1380004882812 17.3640003204346 17.496000289917 17.4409999847412 17.4280014038086 17.4780006408691 17.439001083374 17.3730010986328 17.4000015258789 17.3940010070801 17.4110012054443 17.3900012969971 17.3760013580322 17.4450016021729 17.4670009613037 17.5590000152588 17.5540008544922 17.5860004425049 17.6000003814697 17.6200008392334 17.568000793457 17.564001083374 17.4340000152588 17.3320007324219 17.2760009765625 17.1720008850098 17.1160011291504 17.1570014953613 17.2040004730225 17.2000007629395 17.246000289917 17.4040012359619 17.4130001068115 17.3530006408691 17.1400012969971 17.0970001220703 17.0750007629395 17.0869998931885 17.064001083374 17.0170001983643 16.992000579834 16.9460010528564 16.984001159668 16.9230003356934 16.8860015869141 16.826000213623 16.7600002288818 16.7370014190674 16.8580017089844 16.8600006103516 16.8720016479492 16.8690013885498 16.8120002746582
17.1510009765625 17.2200012207031 17.0650005340576 17.181001663208 17.363000869751 17.3830013275146 17.4650001525879 17.4300003051758 17.4290008544922 17.4560012817383 17.4850006103516 17.4630012512207 17.4780006408691 17.4549999237061 17.4700012207031 17.5280017852783 17.6160011291504 17.6900005340576 17.6830005645752 17.6830005645752 17.6600017547607 17.5850009918213 17.4400005340576 17.3700008392334 17.3480014801025 17.2990016937256 17.2940006256104 17.3010005950928 17.3250007629395 17.3290004730225 17.2900009155273 17.5350017547607 17.5650005340576 17.476001739502 17.4090003967285 17.3340015411377 17.2860012054443 17.193000793457 17.2119998931885 17.1470012664795 17.1570014953613 17.1610012054443 17.109001159668 16.9850006103516 16.9150009155273 16.8959999084473 16.851001739502 16.8810005187988 16.8770008087158 16.8010005950928 16.8970012664795 16.8680000305176 16.8299999237061
17.101001739502 17.0060005187988 17.2480010986328 17.3460006713867 17.4150009155273 17.3420009613037 17.3170013427734 17.4190006256104 17.5980014801025 17.6450004577637 17.5540008544922 17.5139999389648 17.5110015869141 17.4860000610352 17.5030002593994 17.5799999237061 17.6000003814697 17.6670017242432 17.7290000915527 17.6600017547607 17.5810012817383 17.5590000152588 17.4750003814697 17.3910007476807 17.4200000762939 17.4130001068115 17.4570007324219 17.5200004577637 17.488000869751 17.3580017089844 17.3540000915527 17.4380016326904 17.5850009918213 17.621000289917 17.5450000762939 17.5980014801025 17.5930004119873 17.4630012512207 17.3650016784668 17.2650012969971 17.2700004577637 17.181001663208 17.0890007019043 17.1220016479492 16.9320011138916 16.9610004425049 16.8959999084473 16.8660011291504 16.8080005645752 16.7119998931885 16.7849998474121 16.8020000457764 16.7600002288818
17.4570007324219 17.185001373291 17.3520011901855 17.4150009155273 17.4190006256104 17.3250007629395 17.3959999084473 17.5209999084473 17.6840000152588 17.7450008392334 17.6120014190674 17.5 17.4650001525879 17.4409999847412 17.4910011291504 17.5940017700195 17.6280002593994 17.75 17.8640003204346 17.7960014343262 17.625 17.5550003051758 17.4460010528564 17.3860015869141 17.3680000305176 17.3770008087158 17.3740005493164 17.3780002593994 17.3400001525879 17.3090000152588 17.3860015869141 17.4040012359619 17.621000289917 17.7620010375977 17.7440013885498 17.7170009613037 17.7180004119873 17.734001159668 17.6080017089844 17.4320011138916 17.2490005493164 17.1480007171631 17.1529998779297 17.0920009613037 16.951000213623 17.0380001068115 16.9740009307861 16.8690013885498 16.8420009613037 16.8190002441406 16.8190002441406 16.7840003967285 16.7410011291504
17.1830005645752 17.2049999237061 17.3420009613037 17.4440002441406 17.4000015258789 17.3640003204346 17.351001739502 17.4120006561279 17.5330009460449 17.5869998931885 17.5470008850098 17.5190010070801 17.488000869751 17.4000015258789 17.3930015563965 17.4890003204346 17.6690006256104 17.8120002746582 17.9270000457764 17.8290004730225 17.6690006256104 17.5970001220703 17.564001083374 17.4549999237061 17.3369998931885 17.2310009002686 17.0960006713867 16.996000289917 16.8889999389648 16.9270000457764 17.0090007781982 17.1450004577637 17.4160003662109 17.4600009918213 17.7040004730225 17.9160003662109 17.9110012054443 17.8400001525879 17.7750015258789 17.4730014801025 17.3320007324219 17.2470016479492 17.0950012207031 16.9750003814697 17.0240001678467 17.0180015563965 16.9700012207031 16.9140014648438 16.8480014801025 16.8650016784668 16.867000579834 16.8080005645752 16.7639999389648
17.2920017242432 17.1590003967285 17.2350006103516 17.3190002441406 17.3299999237061 17.3530006408691 17.3250007629395 17.3110008239746 17.3229999542236 17.3480014801025 17.375 17.3910007476807 17.3990001678467 17.4050006866455 17.3840007781982 17.5130004882812 17.5729999542236 17.6620006561279 17.7310009002686 17.6590003967285 17.5990009307861 17.6500015258789 17.5430011749268 17.4690017700195 17.3720016479492 17.1990013122559 16.9689998626709 16.7470016479492 16.6100006103516 16.8390007019043 17.0590000152588 17.2490005493164 17.4210014343262 17.4600009918213 17.4940013885498 17.7700004577637 17.863000869751 17.8640003204346 17.726001739502 17.5190010070801 17.3410015106201 17.2700004577637 17.0980014801025 17.1350002288818 17.0250015258789 17.0130004882812 17.0370006561279 16.9860000610352 16.9710006713867 16.939001083374 16.931001663208 16.8880004882812 16.8540000915527
17.3990001678467 17.318000793457 17.2820014953613 17.226001739502 17.2639999389648 17.3610000610352 17.3330001831055 17.3150005340576 17.2760009765625 17.2920017242432 17.3040008544922 17.2900009155273 17.2830009460449 17.3410015106201 17.185001373291 17.3660011291504 17.5480003356934 17.6260013580322 17.6310005187988 17.5729999542236 17.5890007019043 17.7350006103516 17.4950008392334 17.4110012054443 17.3410015106201 17.2370014190674 17.1319999694824 16.9520015716553 16.9160003662109 17 17.1480007171631 17.2790012359619 17.4240016937256 17.4450016021729 17.6560001373291 17.693000793457 17.8400001525879 17.8440017700195 17.7940006256104 17.6389999389648 17.4830017089844 17.2520008087158 17.2150001525879 17.1420001983643 17.0590000152588 17.0350017547607 17.0500011444092 17.0690002441406 17.0780010223389 17.0750007629395 17.0290012359619 16.9600009918213 16.9400005340576
17.3530006408691 17.3299999237061 17.2970008850098 17.2220001220703 17.1830005645752 17.2510013580322 17.234001159668 17.2450008392334 17.3130016326904 17.3330001831055 17.3450012207031 17.3540000915527 17.3070011138916 17.1660003662109 17.105001449585 17.4520015716553 17.6280002593994 17.7330017089844 17.7490005493164 17.746000289917 17.7390003204346 17.7660007476807 17.6950016021729 17.5 17.4420013427734 17.4619998931885 17.3840007781982 17.359001159668 17.2290000915527 17.2700004577637 17.3270015716553 17.3360004425049 17.4590015411377 17.5270004272461 17.5100002288818 17.7290000915527 17.814001083374 17.8480014801025 17.8450012207031 17.7590007781982 17.5820007324219 17.4150009155273 17.2990016937256 17.2440013885498 17.2270011901855 17.1480007171631 17.1350002288818 17.1360015869141 17.1590003967285 17.1740016937256 17.0930004119873 17.0450000762939 16.9850006103516
17.1030006408691 17.4160003662109 17.3889999389648 17.1700000762939 17.1220016479492 17.1110000610352 17.0970001220703 17.0690002441406 17.3250007629395 17.44700050354 17.5160007476807 17.4890003204346 17.3460006713867 17.0520000457764 17.1820011138916 17.5390014648438 17.5840015411377 17.7240009307861 17.7850017547607 17.7550010681152 17.7709999084473 17.8290004730225 17.7820014953613 17.6820011138916 17.6950016021729 17.6430015563965 17.6440010070801 17.6540012359619 17.6540012359619 17.6100006103516 17.5490016937256 17.4450016021729 17.4240016937256 17.4479999542236 17.4549999237061 17.5900001525879 17.8299999237061 17.851001739502 17.7680015563965 17.7180004119873 17.6140003204346 17.5340003967285 17.3840007781982 17.238000869751 17.2160015106201 17.1540012359619 17.1410007476807 17.1150016784668 17.1840000152588 17.181001663208 17.1510009765625 17.1020011901855 17.0260009765625
16.9560012817383 17.3050003051758 17.2740001678467 17.0890007019043 17.1389999389648 17.0500011444092 17.0270004272461 17.1920013427734 17.3340015411377 17.5300006866455 17.6590003967285 17.4590015411377 17.0620002746582 17.2670001983643 17.4450016021729 17.5350017547607 17.7210006713867 17.7510013580322 17.9340000152588 17.9100017547607 18.0270004272461 17.9970016479492 17.8840007781982 17.8450012207031 17.8450012207031 17.7870006561279 17.8400001525879 17.806001663208 17.8600006103516 17.7540016174316 17.6680011749268 17.7110004425049 17.5550003051758 17.4450016021729 17.5080013275146 17.5330009460449 17.7660007476807 17.7700004577637 17.7020015716553 17.7060012817383 17.6590003967285 17.5330009460449 17.314001083374 17.1400012969971 17.1790008544922 17.2030010223389 17.1950016021729 17.201000213623 17.2520008087158 17.2600002288818 17.2119998931885 17.1389999389648 17.0400009155273
17.0790004730225 17.1150016784668 17.189001083374 17.1350002288818 17.1660003662109 16.9490013122559 16.8740005493164 17.056001663208 17.3340015411377 17.6900005340576 17.8240013122559 17.4780006408691 17.1909999847412 17.5290012359619 17.6610012054443 17.6440010070801 17.7320003509521 17.8310012817383 17.9910011291504 18.0370006561279 18.1020011901855 18.1590003967285 18.0450000762939 17.9820003509521 18.0240001678467 18.0260009765625 17.9330005645752 17.9500007629395 17.8910007476807 17.8850002288818 17.8040008544922 17.8540000915527 17.6490001678467 17.4900016784668 17.4850006103516 17.4850006103516 17.6070003509521 17.6360015869141 17.6070003509521 17.5700016021729 17.5190010070801 17.4560012817383 17.3380012512207 17.230001449585 17.2960014343262 17.3250007629395 17.3350009918213 17.3810005187988 17.4170017242432 17.3850002288818 17.3369998931885 17.1740016937256 16.9900016784668
17.1470012664795 17.0840015411377 17.113000869751 17.0350017547607 17.0710010528564 17.0040016174316 16.9640007019043 16.8990001678467 17.1080017089844 17.7970008850098 17.867000579834 17.2950000762939 17.1389999389648 17.5120010375977 17.6960010528564 17.8420009613037 17.8600006103516 17.9190006256104 18.0280017852783 18.193000793457 18.2110004425049 18.1900005340576 18.117000579834 18.1730003356934 18.2270011901855 18.2160015106201 18.19700050354 18.0750007629395 18.0450000762939 17.9690017700195 17.9120006561279 17.8500003814697 17.738000869751 17.5710010528564 17.4600009918213 17.4740009307861 17.4850006103516 17.4750003814697 17.431001663208 17.3850002288818 17.367000579834 17.3650016784668 17.3740005493164 17.2690010070801 17.238000869751 17.4280014038086 17.5260009765625 17.6020011901855 17.6020011901855 17.4549999237061 17.230001449585 17.0230007171631 16.7840003967285
17.0510005950928 17.0100002288818 17.0030002593994 16.9890003204346 17.0300006866455 17.0340003967285 17.0650005340576 17.1330013275146 17.2030010223389 17.6490001678467 17.8440017700195 17.3020000457764 17.3229999542236 17.5860004425049 17.7770004272461 17.9040012359619 17.9650001525879 17.9580001831055 17.9950008392334 18.0570011138916 18.2860012054443 18.2760009765625 18.2250003814697 18.2639999389648 18.3370018005371 18.4190006256104 18.2950000762939 18.1270008087158 18.0690002441406 18.0740013122559 18.0450000762939 17.8910007476807 17.7360000610352 17.6770000457764 17.5740013122559 17.4240016937256 17.3620014190674 17.3070011138916 17.2940006256104 17.2700004577637 17.2740001678467 17.3299999237061 17.351001739502 17.3270015716553 17.3400001525879 17.5330009460449 17.6940002441406 17.8290004730225 17.7410011291504 17.5 17.1780014038086 16.8130016326904 16.4560012817383
16.9570007324219 16.9180011749268 17.0120010375977 17.0100002288818 17.0320014953613 17.0890007019043 17.2200012207031 17.3299999237061 17.5 17.7140007019043 17.8660011291504 17.4190006256104 17.5209999084473 17.6310005187988 17.6780014038086 17.6470012664795 17.875 17.9580001831055 17.9750003814697 18.1230010986328 18.2250003814697 18.3320007324219 18.2150001525879 18.2680015563965 18.3530006408691 18.44700050354 18.1950016021729 18.0440006256104 17.9900016784668 18.0250015258789 18.0150012969971 17.855001449585 17.7510013580322 17.6490001678467 17.5980014801025 17.4250011444092 17.2960014343262 17.2140007019043 17.1150016784668 17.07200050354 17.1360015869141 17.2250003814697 17.3020000457764 17.4010009765625 17.435001373291 17.6000003814697 17.7220001220703 17.8130016326904 17.7119998931885 17.3490009307861 16.810001373291 16.19700050354 15.5140008926392
16.939001083374 16.9689998626709 16.9850006103516 16.9240016937256 17.0010013580322 17.0880012512207 17.234001159668 17.3330001831055 17.6570014953613 17.7140007019043 17.9320011138916 17.556001663208 17.4700012207031 17.4770011901855 17.5990009307861 17.6150016784668 17.8819999694824 18.117000579834 18.1230010986328 18.1330013275146 18.1800003051758 18.2680015563965 18.3130016326904 18.1800003051758 18.189001083374 18.2710018157959 18.1450004577637 17.9900016784668 17.9290008544922 17.8900012969971 17.9180011749268 17.7840003967285 17.6620006561279 17.5840015411377 17.5250015258789 17.3780002593994 17.185001373291 17.0460014343262 16.9210014343262 16.8980007171631 16.9290008544922 17.0310001373291 17.1830005645752 17.3270015716553 17.3430004119873 17.496000289917 17.5930004119873 17.5350017547607 17.2740001678467 16.6940002441406 15.859001159668 15.0800008773804 14.3740005493164
17.0650005340576 16.9409999847412 16.9220008850098 16.9570007324219 16.9440002441406 16.9689998626709 17.1389999389648 17.1900005340576 17.3900012969971 17.681001663208 17.7690010070801 17.5170001983643 17.371000289917 17.4560012817383 17.6420001983643 17.6840000152588 17.8320007324219 18.121000289917 18.2740001678467 18.2060012817383 18.1770000457764 18.1940002441406 18.1780014038086 18.2350006103516 18.1620006561279 18.1070003509521 18.064001083374 17.9890003204346 17.9400005340576 17.9210014343262 17.871000289917 17.7790012359619 17.6560001373291 17.5690002441406 17.4560012817383 17.2620010375977 17.0060005187988 16.814001083374 16.7320003509521 16.734001159668 16.7700004577637 16.8560009002686 16.9710006713867 17.1280002593994 17.1300010681152 17.2160015106201 17.2140007019043 17.0330009460449 16.488000869751 15.6540002822876 14.7440004348755 13.9770002365112 13.3380002975464
17.1870002746582 17.1350002288818 17.0939998626709 17.101001739502 17.0220012664795 16.9570007324219 16.9230003356934 17.068000793457 17.0080013275146 17.3430004119873 17.7100009918213 17.7450008392334 17.484001159668 17.5170001983643 17.6389999389648 17.7700004577637 17.935001373291 17.9479999542236 18.0250015258789 18.2820014953613 18.3410015106201 18.2820014953613 18.1400012969971 18.1840000152588 18.0670013427734 18.0330009460449 18.0480003356934 17.984001159668 17.935001373291 17.9070014953613 17.9100017547607 17.8430004119873 17.734001159668 17.5910015106201 17.4050006866455 17.1370010375977 16.8350009918213 16.6510009765625 16.6529998779297 16.6640014648438 16.7080001831055 16.7240009307861 16.8190002441406 16.9580001831055 16.9000015258789 16.8340015411377 16.685001373291 16.2510013580322 15.4980010986328 14.6150007247925 13.8200006484985 13.1800003051758 -3.4e+38
17.2440013885498 17.3120002746582 17.2310009002686 17.2130012512207 17.1830005645752 17.0279998779297 16.9619998931885 17.125 17.1700000762939 17.2840003967285 17.4600009918213 17.8970012664795 17.7210006713867 17.6670017242432 17.726001739502 17.8150005340576 17.8170013427734 17.8380012512207 17.9720001220703 18.0799999237061 18.1550006866455 18.1680011749268 18.0520000457764 18.064001083374 18.0260009765625 18.0010013580322 18.0069999694824 18.0270004272461 18.0450000762939 18.0330009460449 17.9600009918213 17.8870010375977 17.7330017089844 17.5840015411377 17.3900012969971 17.0670013427734 16.7790012359619 16.576000213623 16.5780010223389 16.5790004730225 16.6150016784668 16.6410007476807 16.7130012512207 16.7750015258789 16.6300010681152 16.4340000152588 15.9940004348755 15.2610006332397 14.4450006484985 13.706000328064 13.1980009078979 -3.4e+38 -3.4e+38
17.3040008544922 17.3440017700195 17.3270015716553 17.2490005493164 17.2680015563965 17.2590007781982 17.0770015716553 16.9980010986328 17.2190017700195 17.1610012054443 17.3290004730225 17.75 17.867000579834 17.8950004577637 17.7900009155273 17.8320007324219 17.863000869751 17.9140014648438 17.9490013122559 17.9780006408691 17.9450016021729 17.9420013427734 17.980001449585 18.0139999389648 17.9810009002686 18.0030002593994 18.056001663208 18.0700016021729 18.0700016021729 18.0090007781982 17.9200000762939 17.8130016326904 17.6030006408691 17.4740009307861 17.314001083374 17.1240005493164 16.8770008087158 16.6500015258789 16.5540008544922 16.5700016021729 16.5690002441406 16.5770015716553 16.6360015869141 16.621000289917 16.3090000152588 15.9240007400513 15.1950006484985 14.4200010299683 13.7260007858276 13.1620006561279 -3.4e+38 -3.4e+38 -3.4e+38
