PastLayers/vpdmax.asc
NCOLS 292 
NROWS 291 
XLLCORNER -87.6458333327872 
YLLCORNER 24.4791666666667 
CELLSIZE 0.0416666666669039 
NODATA_value -3.4e+38 
[rows 0 to 23 of 291, columns 106 to 158 of 292]
-3.4e+38 -3.4e+38 -3.4e+38 -3.4e+38 -3.4e+38 -3.4e+38 -3.4e+38 -3.4e+38 -3.4e+38 -3.4e+38 -3.4e+38 -3.4e+38 -3.4e+38 -3.4e+38 -3.4e+38 -3.4e+38 -3.4e+38 -3.4e+38 -3.4e+38 -3.4e+38 -3.4e+38 -3.4e+38 -3.4e+38 -3.4e+38 -3.4e+38 -3.4e+38 -3.4e+38 -3.4e+38 -3.4e+38 -3.4e+38 -3.4e+38 -3.4e+38 -3.4e+38 -3.4e+38 -3.4e+38 -3.4e+38 -3.4e+38 9.11200046539307 9.89800071716309 10.0090007781982 -3.4e+38 -3.4e+38 -3.4e+38 -3.4e+38 -3.4e+38 -3.4e+38 -3.4e+38 -3.4e+38 -3.4e+38 -3.4e+38 -3.4e+38 -3.4e+38 -3.4e+38
-3.4e+38 -3.4e+38 -3.4e+38 -3.4e+38 -3.4e+38 -3.4e+38 -3.4e+38 -3.4e+38 -3.4e+38 -3.4e+38 -3.4e+38 -3.4e+38 -3.4e+38 -3.4e+38 -3.4e+38 -3.4e+38 -3.4e+38 -3.4e+38 -3.4e+38 -3.4e+38 -3.4e+38 -3.4e+38 -3.4e+38 -3.4e+38 -3.4e+38 -3.4e+38 -3.4e+38 -3.4e+38 -3.4e+38 -3.4e+38 -3.4e+38 -3.4e+38 -3.4e+38 -3.4e+38 -3.4e+38 -3.4e+38 -3.4e+38 10.3040008544922 10.1580009460449 10.2240009307861 10.7050008773804 10.5920009613037 10.9380006790161 11.0570001602173 11.7080001831055 11.6420001983643 11.2660007476807 11.2810001373291 11.7230005264282 11.7690010070801 10.9250001907349 10.8400001525879 11.5090007781982
-3.4e+38 -3.4e+38 -3.4e+38 -3.4e+38 -3.4e+38 -3.4e+38 -3.4e+38 -3.4e+38 -3.4e+38 -3.4e+38 -3.4e+38 -3.4e+38 -3.4e+38 -3.4e+38 -3.4e+38 -3.4e+38 -3.4e+38 -3.4e+38 -3.4e+38 -3.4e+38 -3.4e+38 -3.4e+38 -3.4e+38 -3.4e+38 -3.4e+38 -3.4e+38 -3.4e+38 -3.4e+38 -3.4e+38 -3.4e+38 -3.4e+38 -3.4e+38 -3.4e+38 -3.4e+38 -3.4e+38 -3.4e+38 -3.4e+38 10.6030006408691 9.9970006942749 10.1390008926392 10.6960000991821 11.2530002593994 11.4060001373291 11.7040004730225 11.5900001525879 11.7390003204346 11.3230009078979 10.8590002059937 11.1800003051758 10.2910003662109 11.0040006637573 11.1740007400513 11.4040002822876
-3.4e+38 -3.4e+38 -3.4e+38 -3.4e+38 -3.4e+38 -3.4e+38 -3.4e+38 -3.4e+38 -3.4e+38 -3.4e+38 -3.4e+38 -3.4e+38 -3.4e+38 -3.4e+38 -3.4e+38 -3.4e+38 -3.4e+38 -3.4e+38 -3.4e+38 -3.4e+38 -3.4e+38 -3.4e+38 -3.4e+38 -3.4e+38 -3.4e+38 -3.4e+38 -3.4e+38 -3.4e+38 -3.4e+38 -3.4e+38 -3.4e+38 -3.4e+38 -3.4e+38 -3.4e+38 -3.4e+38 -3.4e+38 -3.4e+38 10.6190004348755 10.8740005493164 10.8720006942749 10.9340009689331 10.1860008239746 10.0460004806519 10.742000579834 11.3720006942749 11.7150001525879 11.1790008544922 10.2130002975464 10.0500001907349 10.6800003051758 11.1040000915527 11.3490009307861 11.2760009765625
-3.4e+38 -3.4e+38 -3.4e+38 -3.4e+38 -3.4e+38 -3.4e+38 -3.4e+38 -3.4e+38 -3.4e+38 -3.4e+38 -3.4e+38 -3.4e+38 -3.4e+38 -3.4e+38 -3.4e+38 -3.4e+38 -3.4e+38 -3.4e+38 -3.4e+38 -3.4e+38 -3.4e+38 -3.4e+38 -3.4e+38 -3.4e+38 -3.4e+38 -3.4e+38 -3.4e+38 -3.4e+38 -3.4e+38 -3.4e+38 -3.4e+38 -3.4e+38 -3.4e+38 -3.4e+38 -3.4e+38 -3.4e+38 10.3760004043579 10.8330001831055 10.4450006484985 9.38800048828125 10.3080005645752 10.3580007553101 10.6080007553101 11.5620002746582 11.3190002441406 11.028000831604 11.0750007629395 11.0900001525879 11.0040006637573 11.7650003433228 11.5150003433228 12.4910001754761 11.9050006866455
-3.4e+38 -3.4e+38 -3.4e+38 -3.4e+38 -3.4e+38 -3.4e+38 -3.4e+38 -3.4e+38 -3.4e+38 -3.4e+38 -3.4e+38 -3.4e+38 -3.4e+38 -3.4e+38 -3.4e+38 -3.4e+38 -3.4e+38 -3.4e+38 -3.4e+38 -3.4e+38 -3.4e+38 -3.4e+38 -3.4e+38 -3.4e+38 -3.4e+38 -3.4e+38 -3.4e+38 -3.4e+38 -3.4e+38 -3.4e+38 -3.4e+38 -3.4e+38 -3.4e+38 -3.4e+38 -3.4e+38 -3.4e+38 10.318000793457 10.0450000762939 9.54600048065186 9.22600078582764 9.48600006103516 10.4580001831055 10.5390005111694 10.9610004425049 10.7730007171631 10.3900003433228 10.7030000686646 11.1650009155273 12.3850002288818 14.0470008850098 15.0470008850098 14.9270009994507 14.5700006484985
-3.4e+38 -3.4e+38 -3.4e+38 -3.4e+38 -3.4e+38 -3.4e+38 -3.4e+38 -3.4e+38 -3.4e+38 -3.4e+38 -3.4e+38 -3.4e+38 -3.4e+38 -3.4e+38 -3.4e+38 -3.4e+38 -3.4e+38 -3.4e+38 -3.4e+38 -3.4e+38 -3.4e+38 -3.4e+38 -3.4e+38 -3.4e+38 -3.4e+38 -3.4e+38 -3.4e+38 -3.4e+38 -3.4e+38 -3.4e+38 -3.4e+38 -3.4e+38 -3.4e+38 10 9.47399997711182 10.28600025177 8.4970006942749 8.29900074005127 9.22900009155273 9.85700035095215 10.3060007095337 9.96700000762939 10.5390005111694 11.0140008926392 10.9850006103516 12.7850008010864 13.2800006866455 13.8550004959106 14.7700004577637 14.9440002441406 15.0390005111694 15.2360010147095 15.8930006027222
-3.4e+38 -3.4e+38 -3.4e+38 -3.4e+38 -3.4e+38 -3.4e+38 -3.4e+38 -3.4e+38 -3.4e+38 -3.4e+38 -3.4e+38 -3.4e+38 -3.4e+38 -3.4e+38 -3.4e+38 -3.4e+38 -3.4e+38 -3.4e+38 -3.4e+38 -3.4e+38 -3.4e+38 -3.4e+38 -3.4e+38 -3.4e+38 -3.4e+38 -3.4e+38 -3.4e+38 -3.4e+38 -3.4e+38 -3.4e+38 -3.4e+38 -3.4e+38 10.5100002288818 10.8550004959106 10.3520002365112 10.6510009765625 8.51800060272217 9.73500061035156 9.85200023651123 10.3450002670288 10.5910005569458 10.6650009155273 10.5930004119873 10.1440000534058 10.6390008926392 12.9500007629395 14.3050003051758 13.8900003433228 15.4910011291504 15.121000289917 16.189001083374 16.3910007476807 16.2690010070801
-3.4e+38 -3.4e+38 -3.4e+38 -3.4e+38 -3.4e+38 -3.4e+38 -3.4e+38 -3.4e+38 -3.4e+38 -3.4e+38 -3.4e+38 -3.4e+38 -3.4e+38 -3.4e+38 -3.4e+38 -3.4e+38 -3.4e+38 -3.4e+38 -3.4e+38 -3.4e+38 -3.4e+38 -3.4e+38 -3.4e+38 -3.4e+38 -3.4e+38 -3.4e+38 -3.4e+38 -3.4e+38 -3.4e+38 -3.4e+38 -3.4e+38 10.2390003204346 10.5920009613037 11.0990009307861 11.4290008544922 10.8010005950928 8.82400035858154 9.98700046539307 10.3040008544922 10.2800006866455 10.1360006332397 10.1340007781982 10.0980005264282 11.6010007858276 12.5250005722046 13.5750007629395 15.2760009765625 14.7390003204346 15.3300008773804 16.189001083374 16.0419998168945 16.064001083374 16.2990016937256
-3.4e+38 -3.4e+38 -3.4e+38 -3.4e+38 -3.4e+38 -3.4e+38 -3.4e+38 -3.4e+38 -3.4e+38 -3.4e+38 -3.4e+38 -3.4e+38 -3.4e+38 -3.4e+38 -3.4e+38 -3.4e+38 -3.4e+38 -3.4e+38 -3.4e+38 -3.4e+38 -3.4e+38 -3.4e+38 -3.4e+38 -3.4e+38 -3.4e+38 -3.4e+38 -3.4e+38 -3.4e+38 -3.4e+38 -3.4e+38 10.0960006713867 8.50800037384033 8.11600017547607 8.66900062561035 10.6510009765625 10.6870002746582 10.0930004119873 10.4680004119873 10.1070003509521 11.0690002441406 12.3240003585815 11.3600006103516 12.2490005493164 13.0820007324219 13.738000869751 14.488000869751 14.5860004425049 15.2280006408691 15.8080005645752 15.8700008392334 16.1470012664795 16.121000289917 16.2550010681152
-3.4e+38 -3.4e+38 -3.4e+38 -3.4e+38 -3.4e+38 -3.4e+38 -3.4e+38 -3.4e+38 -3.4e+38 -3.4e+38 -3.4e+38 -3.4e+38 -3.4e+38 -3.4e+38 -3.4e+38 -3.4e+38 -3.4e+38 -3.4e+38 -3.4e+38 -3.4e+38 -3.4e+38 -3.4e+38 -3.4e+38 -3.4e+38 -3.4e+38 -3.4e+38 -3.4e+38 -3.4e+38 -3.4e+38 9.71300029754639 10.3520002365112 9.09500026702881 8.60900020599365 8.01800060272217 9.43800067901611 10.2640008926392 9.08400058746338 9.28800010681152 9.31800079345703 10.0090007781982 11.9850006103516 13.4750003814697 13.2300004959106 12.7680006027222 14.3850002288818 15.0930004119873 15.246000289917 15.1660003662109 15.5150003433228 16.0580005645752 16.2240009307861 16.1560001373291 16.0620002746582
-3.4e+38 -3.4e+38 -3.4e+38 -3.4e+38 -3.4e+38 -3.4e+38 -3.4e+38 -3.4e+38 -3.4e+38 -3.4e+38 -3.4e+38 -3.4e+38 -3.4e+38 -3.4e+38 -3.4e+38 -3.4e+38 -3.4e+38 -3.4e+38 -3.4e+38 -3.4e+38 -3.4e+38 -3.4e+38 8.74200057983398 8.91000080108643 9.70300006866455 9.25300025939941 -3.4e+38 -3.4e+38 -3.4e+38 7.71300029754639 8.52500057220459 7.97600030899048 7.40200042724609 7.8730001449585 8.26500034332275 9.44099998474121 10.1470003128052 9.62600040435791 10.8900003433228 11.7490005493164 12.3010005950928 14.2360010147095 13.8440008163452 13.8790006637573 14.91100025177 15.2210006713867 15.5900011062622 15.6830005645752 15.7200012207031 15.8480005264282 15.6880006790161 15.5370006561279 14.6030006408691
-3.4e+38 -3.4e+38 -3.4e+38 -3.4e+38 -3.4e+38 -3.4e+38 -3.4e+38 -3.4e+38 -3.4e+38 -3.4e+38 -3.4e+38 -3.4e+38 -3.4e+38 -3.4e+38 -3.4e+38 -3.4e+38 -3.4e+38 -3.4e+38 -3.4e+38 -3.4e+38 11.6330003738403 11.8390007019043 10.9100008010864 9.82800006866455 11.2490005493164 7.86300039291382 7.44300031661987 7.31500053405762 8.03600025177002 8.70200061798096 7.95500040054321 8.1850004196167 8.02000045776367 8.00800037384033 9.56900024414062 11.6490001678467 13.3540010452271 12.1290006637573 11.7540006637573 12.492000579834 13.6710004806519 12.3240003585815 13.5040006637573 14.8420009613037 15.0620002746582 14.9180011749268 15.0090007781982 15.2810010910034 15.3850011825562 15.0200004577637 13.2160005569458 13.4740009307861 14.6860008239746
-3.4e+38 -3.4e+38 -3.4e+38 -3.4e+38 -3.4e+38 -3.4e+38 -3.4e+38 -3.4e+38 -3.4e+38 -3.4e+38 -3.4e+38 -3.4e+38 -3.4e+38 10.4800004959106 10.1400003433228 -3.4e+38 -3.4e+38 -3.4e+38 -3.4e+38 9.69500064849854 11.0300006866455 12.451000213623 12.4500007629395 11.8130006790161 10.8840007781982 10.6040000915527 9.72500038146973 8.06900024414062 8.5910005569458 9.43800067901611 8.01300048828125 8.44400024414062 8.24600028991699 10.2050008773804 12.0130004882812 12.1290006637573 14.0040006637573 13.6740007400513 13.568000793457 12.7340002059937 12.8850002288818 14.0510005950928 14.613000869751 14.8920011520386 13.9260005950928 14.6700010299683 14.8470010757446 14.064001083374 13.3050003051758 13.5560007095337 13.6110010147095 14.1630010604858 14.2790002822876
-3.4e+38 -3.4e+38 -3.4e+38 -3.4e+38 -3.4e+38 -3.4e+38 -3.4e+38 -3.4e+38 -3.4e+38 -3.4e+38 -3.4e+38 12.4790010452271 12.0500001907349 12.3100004196167 11.2720003128052 -3.4e+38 -3.4e+38 -3.4e+38 9.20500087738037 11.0050001144409 11.9940004348755 11.3390007019043 12.0020008087158 12.0870008468628 11.7490005493164 11.5270004272461 10.9500007629395 8.85800075531006 7.77800035476685 9.27200031280518 9.1850004196167 8.45900058746338 8.32500076293945 10.7540006637573 12.8620004653931 13.0620002746582 12.657000541687 14.024001121521 14.0940008163452 13.3440008163452 14.4730005264282 14.1520004272461 13.7960004806519 14.4900007247925 14.3070011138916 12.9230003356934 13.2640008926392 14.5390005111694 14.3410005569458 14.5790004730225 15.0710010528564 15.2880010604858 14.706000328064
-3.4e+38 -3.4e+38 -3.4e+38 -3.4e+38 -3.4e+38 -3.4e+38 -3.4e+38 -3.4e+38 -3.4e+38 -3.4e+38 -3.4e+38 13.5400009155273 13.1850004196167 11.6040000915527 9.88000011444092 9.53500080108643 9.28800010681152 8.64700031280518 8.82600021362305 9.70500087738037 10.9580001831055 11.2520008087158 10.8540000915527 9.34000015258789 10.9780006408691 10.9550008773804 10.7600002288818 8.91000080108643 9.70300006866455 10.4440002441406 9.16600036621094 8.61700057983398 8.74900054931641 11.2560005187988 12.0750007629395 13.3920001983643 14.3800010681152 14.274001121521 14.5970010757446 14.2330007553101 14.2370004653931 14.3430004119873 14.5150003433228 13.2340002059937 13.4500007629395 13.9810009002686 14.1650009155273 14.9530010223389 15.1780004501343 15.1080007553101 15.121000289917 15.3940010070801 15.0970010757446
-3.4e+38 -3.4e+38 -3.4e+38 -3.4e+38 -3.4e+38 -3.4e+38 -3.4e+38 -3.4e+38 14.9990005493164 14.1370010375977 13.2690010070801 13.7440004348755 13.1780004501343 12.4080009460449 11.7660007476807 11.0240001678467 10.2210006713867 9.82100009918213 10.6400003433228 10.9740009307861 11.2650003433228 10.4170007705688 10.4730005264282 10.5580005645752 10.8250007629395 10.8240003585815 10.7140007019043 10.9280004501343 10.6760005950928 10.153000831604 9.31800079345703 9.60700035095215 10.2040004730225 13.0380010604858 13.7890005111694 12.8690004348755 14.5460004806519 14.657000541687 14.5040006637573 14.6560010910034 14.8070011138916 14.5620002746582 14.0290002822876 14.0670003890991 14.0800008773804 14.4080009460449 14.5170011520386 14.814001083374 15.2760009765625 15.1390008926392 15.2610006332397 15.4270009994507 15.4450006484985
-3.4e+38 -3.4e+38 -3.4e+38 -3.4e+38 -3.4e+38 -3.4e+38 -3.4e+38 -3.4e+38 13.7630004882812 14.4400005340576 14.0270004272461 13.3320007324219 11.9740009307861 11.3440008163452 11.6440010070801 10.7740001678467 10.8440008163452 11.3210000991821 11.3990001678467 10.6760005950928 10.2910003662109 9.02300071716309 9.11400032043457 7.77200031280518 10.201000213623 9.81400012969971 8.89000034332275 9.53900051116943 10.3890008926392 10.9210004806519 11.9360008239746 11.1250009536743 11.8100004196167 13.7150011062622 14.7430009841919 14.9550008773804 14.9140005111694 14.8260011672974 14.939001083374 15.0480003356934 14.5620002746582 14.3900003433228 13.9710006713867 14.3750009536743 14.6640005111694 14.6760005950928 15.0120010375977 14.3300008773804 15.3260011672974 15.4100008010864 15.1980009078979 15.4080009460449 15.657000541687
-3.4e+38 -3.4e+38 -3.4e+38 -3.4e+38 -3.4e+38 -3.4e+38 -3.4e+38 10.7050008773804 13.0730009078979 12.6630010604858 12.8470010757446 13.1720008850098 12.3550004959106 11.9820003509521 11.8850002288818 11.7810001373291 11.7620000839233 12.0750007629395 11.5260009765625 9.90700054168701 8.19000053405762 8.2790002822876 8.22399997711182 6.39700031280518 9.42200088500977 9.61500072479248 9.01300048828125 11.3350009918213 12.5180006027222 13.3410005569458 12.0820007324219 12.2950010299683 13.0470008850098 14.7910003662109 15.0450010299683 15.1580009460449 15.2810010910034 15.2920007705688 15.3650007247925 14.9690008163452 14.5590009689331 14.5880002975464 14.6460008621216 14.5950002670288 14.7440004348755 15.0060005187988 15.0850009918213 15.2360010147095 15.4360008239746 15.6070003509521 15.4540004730225 15.568000793457 15.5730009078979
-3.4e+38 -3.4e+38 -3.4e+38 -3.4e+38 -3.4e+38 -3.4e+38 9.80000019073486 11.3020009994507 12.1920003890991 11.0710000991821 11.5550003051758 12.5950002670288 12.6900005340576 12.492000579834 12.3390007019043 12.4630002975464 12.3190002441406 11.9190006256104 11.4300003051758 10.6120004653931 8.98900032043457 7.43600034713745 6.70000028610229 5.93400049209595 8.96900081634521 8.20900058746338 11.1140003204346 11.6490001678467 13.6860008239746 12.5820007324219 12.6650009155273 14.0250005722046 14.778000831604 14.8700008392334 15.1300010681152 15.359001159668 15.8250007629395 15.7950010299683 15.5840005874634 15.2770004272461 15.0930004119873 14.8850011825562 14.8010005950928 14.8070011138916 15.081000328064 15.2030010223389 15.1310005187988 15.1730003356934 15.3100004196167 15.4620008468628 15.5600004196167 15.4810009002686 15.5030012130737
-3.4e+38 9.89400005340576 11.7490005493164 12.4740009307861 12.2890005111694 11.6040000915527 9.63000011444092 9.63100051879883 11.5000009536743 10.1590003967285 10.9410009384155 12.0670003890991 12.1400003433228 12.4380006790161 12.3520002365112 12.3370008468628 11.8060007095337 10.778000831604 10.8390007019043 10.6720008850098 9.32300090789795 6.92500019073486 6.08400011062622 6.27300024032593 8.09700012207031 10.076000213623 11.6080007553101 12.6440010070801 13.6640005111694 14.5580005645752 14.9510011672974 15.0080003738403 14.9350004196167 15.1110010147095 15.4760007858276 15.7640008926392 16.0850009918213 15.9240007400513 15.4130010604858 15.2950010299683 15.0990009307861 14.7470006942749 14.7090005874634 15.0160007476807 14.939001083374 14.818000793457 14.8580007553101 15.1900005340576 15.524001121521 15.5340003967285 15.5630006790161 15.6470003128052 15.6500005722046
9.29600048065186 10.1360006332397 8.87700080871582 10.4530000686646 11.8170003890991 11.0210008621216 10.1800003051758 10.3360004425049 9.93900012969971 9.57200050354004 11.6470003128052 12.1290006637573 12.246000289917 12.4410009384155 12.6640005111694 12.3490009307861 11.4640007019043 10.9360008239746 10.5750007629395 8.43900012969971 7.49200057983398 8.73700046539307 7.38400030136108 7.51700019836426 8.84800052642822 10.0790004730225 11.2410001754761 13.9860010147095 15.1360006332397 15.1250009536743 15.0580005645752 15.1390008926392 15.2000007629395 15.0930004119873 15.2300004959106 15.6740007400513 15.7400007247925 15.6670007705688 15.0600004196167 14.6220006942749 14.6360006332397 14.5970010757446 14.5950002670288 14.7800006866455 15.1250009536743 15.1440010070801 15.2710008621216 15.5400009155273 15.4950008392334 15.6340007781982 15.7030010223389 15.7660007476807 15.8240003585815
8.80900001525879 8.32500076293945 9.21200084686279 11.0000009536743 11.3840007781982 11.7430009841919 11.0040006637573 9.72700023651123 9.04800033569336 11.4180002212524 11.6360006332397 11.7700004577637 12.1060009002686 12.2620010375977 12.5080003738403 11.9640007019043 11.5590009689331 10.5600004196167 9.67000007629395 9.38100051879883 8.92400074005127 10.2040004730225 8.59200000762939 10.9990005493164 12.0010004043579 12.238000869751 14.0190010070801 14.7240009307861 14.6780004501343 14.5290002822876 14.9100008010864 15.1820011138916 15.0750007629395 15.16100025177 15.1870002746582 15.3820009231567 14.9050006866455 14.8260011672974 15.0160007476807 15.028000831604 15.0190010070801 14.8520002365112 14.5830011367798 14.5230007171631 15.0000009536743 15.4700002670288 15.6820011138916 15.7320003509521 15.6330003738403 15.6550006866455 15.6610012054443 15.5610008239746 15.6590003967285
10.2050008773804 8.55000019073486 10.6400003433228 10.7190008163452 9.65200042724609 11.3960008621216 10.94700050354 10.2600002288818 9.7470006942749 9.47399997711182 9.98700046539307 11.4780006408691 11.8760004043579 12.03600025177 12.1750001907349 12.4990005493164 11.8570003509521 11.2240009307861 11.9340009689331 11.6790008544922 11.4690008163452 11.2640008926392 10.6840009689331 11.4970006942749 13.3150005340576 14.0730009078979 14.2620010375977 14.1050004959106 14.1460008621216 14.8520002365112 14.7450008392334 14.1230010986328 15.0540008544922 15.064001083374 14.5290002822876 13.4740009307861 13.2840003967285 14.0940008163452 14.2190008163452 14.5010004043579 14.7100009918213 14.8170003890991 14.9790010452271 15.1370010375977 15.2360010147095 15.488000869751 15.9010009765625 15.8730010986328 15.9680004119873 15.7130002975464 15.3750009536743 15.6230010986328 15.9160003662109
