PastLayers/vpdmin.asc
NCOLS 292 
NROWS 291 
XLLCORNER -87.6458333327872 
YLLCORNER 24.4791666666667 
CELLSIZE 0.0416666666669039 
NODATA_value -3.4e+38 
[rows 184 to 206 of 291, columns 106 to 158 of 292]
-3.4e+38 -3.4e+38 -3.4e+38 -3.4e+38 -3.4e+38 -3.4e+38 -3.4e+38 -3.4e+38 -3.4e+38 -3.4e+38 -3.4e+38 -3.4e+38 -3.4e+38 1.43500006198883 1.31400001049042 1.0900000333786 0.974000036716461 0.949000060558319 0.919000029563904 0.90800005197525 0.882000029087067 0.860000014305115 0.844000041484833 0.824000060558319 0.802000045776367 0.828000068664551 0.766000032424927 0.72900003194809 0.701000034809113 0.644000053405762 0.632000029087067 0.711000025272369 0.767000019550323 0.727000057697296 0.769000053405762 0.824000060558319 0.895000040531158 0.942000031471252 1.07700002193451 1.03900003433228 1.01800000667572 1.09500002861023 1.16000008583069 1.15500009059906 1.16800010204315 1.29800009727478 1.42800009250641 1.4760000705719 1.37400007247925 1.39000010490417 1.40400004386902 1.33100008964539 1.28200006484985
-3.4e+38 -3.4e+38 -3.4e+38 -3.4e+38 -3.4e+38 -3.4e+38 -3.4e+38 -3.4e+38 -3.4e+38 -3.4e+38 -3.4e+38 -3.4e+38 1.51200008392334 1.50000011920929 1.40400004386902 1.18900001049042 1.04300010204315 0.929000020027161 0.930000066757202 0.920000016689301 0.860000014305115 0.819000065326691 0.795000016689301 0.755000054836273 0.744000017642975 0.720000028610229 0.692000031471252 0.666000008583069 0.63400000333786 0.636000037193298 0.695000052452087 0.732000052928925 0.695000052452087 0.682000041007996 0.767000019550323 0.85400003194809 0.905000030994415 0.959000051021576 1.10900008678436 1.1450001001358 1.10500001907349 1.09800004959106 1.10699999332428 1.10800004005432 1.15000009536743 1.29200005531311 1.36000001430511 1.44300007820129 1.42100012302399 1.3620001077652 1.29300010204315 1.27600002288818 1.25600004196167
-3.4e+38 -3.4e+38 -3.4e+38 -3.4e+38 -3.4e+38 -3.4e+38 -3.4e+38 -3.4e+38 -3.4e+38 -3.4e+38 -3.4e+38 -3.4e+38 1.58400011062622 1.56800007820129 1.4650000333786 1.32000005245209 1.11700010299683 0.956000030040741 0.909000039100647 0.919000029563904 0.89000004529953 0.839000046253204 0.761000037193298 0.696000039577484 0.669000029563904 0.64900004863739 0.60400003194809 0.545000016689301 0.570000052452087 0.582000017166138 0.617000043392181 0.687000036239624 0.639000058174133 0.646000027656555 0.723000049591064 0.828000068664551 0.921000063419342 1.01600003242493 1.18800008296967 1.10000002384186 1.07800006866455 1.00999999046326 1.05099999904633 1.12300002574921 1.17900002002716 1.20900011062622 1.25200009346008 1.31800007820129 1.34500002861023 1.35500001907349 1.29800009727478 1.23600006103516 1.24500000476837
-3.4e+38 -3.4e+38 -3.4e+38 -3.4e+38 -3.4e+38 -3.4e+38 -3.4e+38 -3.4e+38 -3.4e+38 -3.4e+38 -3.4e+38 -3.4e+38 1.53400003910065 1.5200001001358 1.49500012397766 1.38800001144409 1.1690000295639 0.97900003194809 0.934000015258789 0.939000070095062 0.892000019550323 0.850000023841858 0.770000040531158 0.693000018596649 0.63400000333786 0.570000052452087 0.540000021457672 0.490000009536743 0.504000008106232 0.547000050544739 0.567000031471252 0.635000050067902 0.64300000667572 0.690000057220459 0.72900003194809 0.807000041007996 0.873000025749207 0.915000021457672 1.05900001525879 1.09900009632111 1.05900001525879 1.03400003910065 1.07100009918213 1.12700009346008 1.22000002861023 1.27700006961823 1.29300010204315 1.34600007534027 1.2960000038147 1.3050000667572 1.28200006484985 1.24000000953674 1.22800004482269
-3.4e+38 -3.4e+38 -3.4e+38 -3.4e+38 -3.4e+38 -3.4e+38 -3.4e+38 -3.4e+38 -3.4e+38 -3.4e+38 -3.4e+38 -3.4e+38 1.5440000295639 1.49800002574921 1.50400006771088 1.45200002193451 1.2370001077652 1.06900000572205 0.976000070571899 1.02600002288818 0.986000061035156 0.904000043869019 0.787000060081482 0.695000052452087 0.605000019073486 0.504000008106232 0.452000021934509 0.407000005245209 0.451000034809113 0.503000020980835 0.570000052452087 0.627000033855438 0.690000057220459 0.730000019073486 0.751000046730042 0.814000010490417 0.842000067234039 0.878000020980835 0.998000025749207 1.07500004768372 1.08500003814697 1.04500007629395 1.04500007629395 1.0660001039505 1.20700001716614 1.24000000953674 1.28500008583069 1.25100004673004 1.23400008678436 1.24800002574921 1.31400001049042 1.19700002670288 1.19800007343292
-3.4e+38 -3.4e+38 -3.4e+38 -3.4e+38 -3.4e+38 -3.4e+38 -3.4e+38 -3.4e+38 -3.4e+38 -3.4e+38 -3.4e+38 -3.4e+38 -3.4e+38 1.47000002861023 1.47500002384186 1.47900009155273 1.29300010204315 1.16200006008148 1.08600008487701 1.12200009822845 1.14900004863739 1.01300001144409 0.855000019073486 0.713000059127808 0.594000041484833 0.473000019788742 0.357000023126602 0.32600000500679 0.394000023603439 0.474000036716461 0.589000046253204 0.623000025749207 0.722000062465668 0.760000050067902 0.767000019550323 0.770000040531158 0.830000042915344 0.834000051021576 0.932000041007996 1.06000006198883 1.09900009632111 1.13800001144409 1.11800003051758 1.10400009155273 1.24000000953674 1.24800002574921 1.20100009441376 1.15600001811981 1.17500007152557 1.20600008964539 1.22500002384186 1.16700005531311 1.13800001144409
-3.4e+38 -3.4e+38 -3.4e+38 -3.4e+38 -3.4e+38 -3.4e+38 -3.4e+38 -3.4e+38 -3.4e+38 -3.4e+38 -3.4e+38 -3.4e+38 -3.4e+38 1.42200005054474 1.43600010871887 1.46000003814697 1.32100009918213 1.21600008010864 1.25300002098083 1.30800008773804 1.35800004005432 1.21000003814697 1.00499999523163 0.784000039100647 0.610000014305115 0.462000012397766 0.346000015735626 0.324000000953674 0.381000012159348 0.465000033378601 0.570000052452087 0.63400000333786 0.718000054359436 0.753000020980835 0.77400004863739 0.916000068187714 0.880000054836273 0.861000061035156 0.91700005531311 0.963000059127808 1.0660001039505 1.16000008583069 1.19500005245209 1.17900002002716 1.20500004291534 1.24500000476837 1.23900008201599 1.17700004577637 1.19600009918213 1.1800000667572 1.16000008583069 1.0900000333786 1.06000006198883
-3.4e+38 -3.4e+38 -3.4e+38 -3.4e+38 -3.4e+38 -3.4e+38 -3.4e+38 -3.4e+38 -3.4e+38 -3.4e+38 -3.4e+38 -3.4e+38 -3.4e+38 1.35900008678436 1.3510000705719 1.40400004386902 1.30000007152557 1.2700001001358 1.32900011539459 1.44500005245209 1.50800001621246 1.42600011825562 1.125 0.860000014305115 0.653000056743622 0.526000022888184 0.430000007152557 0.417000025510788 0.437000006437302 0.498000025749207 0.584000051021576 0.659000039100647 0.757000029087067 0.813000023365021 0.869000017642975 0.970000028610229 0.952000021934509 0.883000016212463 0.946000039577484 0.981000065803528 1.10500001907349 1.12700009346008 1.19800007343292 1.22100007534027 1.23900008201599 1.22300004959106 1.20600008964539 1.16600000858307 1.13900005817413 1.11700010299683 1.13900005817413 1.08700001239777 1.07600009441376
-3.4e+38 -3.4e+38 -3.4e+38 -3.4e+38 -3.4e+38 -3.4e+38 -3.4e+38 -3.4e+38 -3.4e+38 -3.4e+38 -3.4e+38 -3.4e+38 -3.4e+38 -3.4e+38 1.18900001049042 1.32500004768372 1.24700009822845 1.20400011539459 1.31300008296967 1.50200009346008 1.53100001811981 1.40300011634827 1.17700004577637 0.92600005865097 0.694000005722046 0.584000051021576 0.546000003814697 0.504000008106232 0.519000053405762 0.562000036239624 0.610000014305115 0.716000020503998 0.785000026226044 0.824000060558319 0.892000019550323 0.964000046253204 1.02799999713898 0.931000053882599 0.961000025272369 1.01600003242493 1.15900003910065 1.16400003433228 1.20000004768372 1.20200002193451 1.22800004482269 1.22300004959106 1.19300007820129 1.15299999713898 1.10500001907349 1.07500004768372 1.12400007247925 1.11800003051758 1.10000002384186
-3.4e+38 -3.4e+38 -3.4e+38 -3.4e+38 -3.4e+38 -3.4e+38 -3.4e+38 -3.4e+38 -3.4e+38 -3.4e+38 -3.4e+38 -3.4e+38 -3.4e+38 -3.4e+38 1.15299999713898 1.31900000572205 1.24700009822845 1.1690000295639 1.24100005626678 1.27300000190735 1.36900007724762 1.24300003051758 1.1010000705719 0.937000036239624 0.749000012874603 0.656000018119812 0.610000014305115 0.589000046253204 0.594000041484833 0.623000025749207 0.66100001335144 0.704000055789948 0.77700001001358 0.826000034809113 0.862000048160553 0.942000031471252 1.04900002479553 0.97900003194809 1.00700008869171 1.09100008010864 1.1580001115799 1.18300008773804 1.2150000333786 1.20600008964539 1.17599999904633 1.23000001907349 1.18400001525879 1.12999999523163 1.10000002384186 1.0460000038147 1.0460000038147 1.0900000333786 1.09800004959106
-3.4e+38 -3.4e+38 -3.4e+38 -3.4e+38 -3.4e+38 -3.4e+38 -3.4e+38 -3.4e+38 -3.4e+38 -3.4e+38 -3.4e+38 -3.4e+38 -3.4e+38 -3.4e+38 1.09900009632111 1.27500009536743 1.16500008106232 1.02400004863739 1.0110000371933 1.08200001716614 1.2610000371933 1.23100006580353 1.06700003147125 0.931000053882599 0.800000011920929 0.730000019073486 0.678000032901764 0.650000035762787 0.644000053405762 0.664000034332275 0.705000042915344 0.770000040531158 0.797000050544739 0.819000065326691 0.874000012874603 0.949000060558319 1 1.02900004386902 1.06100010871887 1.07500004768372 1.11600005626678 1.24600005149841 1.21900010108948 1.17000007629395 1.14400005340576 1.1360000371933 1.1340000629425 1.0900000333786 1.06800007820129 1.01300001144409 1.01500010490417 1.07600009441376 1.07000005245209
-3.4e+38 -3.4e+38 -3.4e+38 -3.4e+38 -3.4e+38 -3.4e+38 -3.4e+38 -3.4e+38 -3.4e+38 -3.4e+38 -3.4e+38 -3.4e+38 -3.4e+38 1.15400004386902 1.07300007343292 1.22400009632111 1.04500007629395 0.891000032424927 0.88100004196167 0.957000017166138 1.08000004291534 1.12300002574921 1.00300002098083 0.939000070095062 0.837000012397766 0.766000032424927 0.725000023841858 0.694000005722046 0.700000047683716 0.743000030517578 0.763000011444092 0.823000013828278 0.818000018596649 0.816000044345856 0.875000059604645 0.937000036239624 0.984000027179718 0.999000072479248 1.04900002479553 1.0440000295639 1.08500003814697 1.18800008296967 1.1710000038147 1.13900005817413 1.08500003814697 1.05900001525879 1.07000005245209 1.04800009727478 1.01300001144409 1.00600004196167 0.989000022411346 1.02400004863739 1.03500008583069
-3.4e+38 -3.4e+38 -3.4e+38 -3.4e+38 -3.4e+38 -3.4e+38 -3.4e+38 -3.4e+38 -3.4e+38 -3.4e+38 -3.4e+38 -3.4e+38 -3.4e+38 1.09500002861023 1.12999999523163 1.15000009536743 0.956000030040741 0.871000051498413 0.815000057220459 0.842000067234039 0.946000039577484 0.952000021934509 0.987000048160553 0.967000067234039 0.865000069141388 0.755000054836273 0.73800003528595 0.706000030040741 0.751000046730042 0.791000008583069 0.817000031471252 0.862000048160553 0.849000036716461 0.859000027179718 0.895000040531158 0.940000057220459 0.973000049591064 0.941000044345856 0.998000025749207 1.0440000295639 1.05400002002716 1.13300001621246 1.12000000476837 1.08300006389618 1.08000004291534 1.04700005054474 1.00400006771088 0.991000056266785 0.984000027179718 0.968000054359436 0.954000055789948 0.978000044822693 1
-3.4e+38 -3.4e+38 -3.4e+38 -3.4e+38 -3.4e+38 -3.4e+38 -3.4e+38 -3.4e+38 -3.4e+38 -3.4e+38 -3.4e+38 -3.4e+38 1.19000005722046 1.05400002002716 1.13800001144409 1.08900010585785 0.932000041007996 0.840000033378601 0.77700001001358 0.77400004863739 0.855000019073486 0.876000046730042 0.975000023841858 0.911000072956085 0.845000028610229 0.760000050067902 0.735000014305115 0.760000050067902 0.752000033855438 0.776000022888184 0.78300005197525 0.87200003862381 0.833000063896179 0.830000042915344 0.849000036716461 0.887000024318695 0.931000053882599 0.934000015258789 0.966000020503998 0.99700003862381 1.01300001144409 1.057000041008 1.06400001049042 1.03800010681152 1.03299999237061 1.01700007915497 0.975000023841858 0.973000049591064 0.934000015258789 0.942000031471252 0.947000026702881 0.966000020503998 0.98500007390976
-3.4e+38 -3.4e+38 -3.4e+38 -3.4e+38 -3.4e+38 -3.4e+38 -3.4e+38 -3.4e+38 -3.4e+38 -3.4e+38 -3.4e+38 -3.4e+38 1.12800002098083 1.07800006866455 1.14600002765656 1.04900002479553 0.914000034332275 0.830000042915344 0.781000018119812 0.77700001001358 0.820000052452087 0.857000052928925 0.873000025749207 0.904000043869019 0.821000039577484 0.784000039100647 0.764000058174133 0.745000064373016 0.760000050067902 0.760000050067902 0.803000032901764 0.802000045776367 0.799000024795532 0.826000034809113 0.855000019073486 0.904000043869019 0.934000015258789 0.924000024795532 0.953000068664551 0.981000065803528 0.980000019073486 0.99700003862381 0.996000051498413 1.00400006771088 0.959000051021576 0.925000071525574 0.940000057220459 0.923000037670135 0.950000047683716 0.946000039577484 0.935000061988831 0.974000036716461 0.955000042915344
-3.4e+38 -3.4e+38 -3.4e+38 -3.4e+38 -3.4e+38 -3.4e+38 -3.4e+38 -3.4e+38 -3.4e+38 -3.4e+38 -3.4e+38 -3.4e+38 1.07200002670288 1.10400009155273 1.1010000705719 0.987000048160553 0.887000024318695 0.807000041007996 0.78300005197525 0.793000042438507 0.816000044345856 0.837000012397766 0.883000016212463 0.983000040054321 0.875000059604645 0.813000023365021 0.742000043392181 0.726000010967255 0.755000054836273 0.779000043869019 0.808000028133392 0.811000049114227 0.78600001335144 0.819000065326691 0.868000030517578 0.919000029563904 0.894000053405762 0.920000016689301 0.969000041484833 0.986000061035156 0.99700003862381 0.961000025272369 0.995000064373016 0.995000064373016 0.943000018596649 0.910000026226044 0.866000056266785 0.895000040531158 0.900000035762787 0.902000069618225 0.892000019550323 0.948000073432922 0.953000068664551
-3.4e+38 -3.4e+38 -3.4e+38 -3.4e+38 -3.4e+38 -3.4e+38 -3.4e+38 -3.4e+38 -3.4e+38 -3.4e+38 -3.4e+38 1.1340000629425 1.07300007343292 1.08900010585785 1.01200008392334 0.919000029563904 0.839000046253204 0.790000021457672 0.800000011920929 0.799000024795532 0.811000049114227 0.829000055789948 0.825000047683716 0.851000010967255 0.791000008583069 0.717000007629395 0.665000021457672 0.730000019073486 0.759000062942505 0.772000014781952 0.834000051021576 0.824000060558319 0.785000026226044 0.780000030994415 0.816000044345856 0.880000054836273 0.855000019073486 0.852000057697296 0.920000016689301 0.959000051021576 0.972000062465668 0.954000055789948 0.950000047683716 0.971000075340271 0.923000037670135 0.877000033855438 0.870000064373016 0.860000014305115 0.856000065803528 0.846000015735626 0.845000028610229 0.865000069141388 0.911000072956085
-3.4e+38 -3.4e+38 -3.4e+38 -3.4e+38 -3.4e+38 -3.4e+38 -3.4e+38 -3.4e+38 -3.4e+38 -3.4e+38 1.16000008583069 1.08600008487701 1.07000005245209 1.06200003623962 0.961000025272369 0.892000019550323 0.844000041484833 0.791000008583069 0.784000039100647 0.790000021457672 0.784000039100647 0.75600004196167 0.78300005197525 0.769000053405762 0.718000054359436 0.677000045776367 0.624000012874603 0.64300000667572 0.722000062465668 0.744000017642975 0.820000052452087 0.842000067234039 0.796000063419342 0.780000030994415 0.76500004529953 0.780000030994415 0.782000064849854 0.799000024795532 0.833000063896179 0.895000040531158 0.966000020503998 0.965000033378601 0.935000061988831 0.937000036239624 0.918000042438507 0.875000059604645 0.855000019073486 0.858000040054321 0.831000030040741 0.810000061988831 0.811000049114227 0.814000010490417 0.864000022411346
-3.4e+38 -3.4e+38 -3.4e+38 -3.4e+38 -3.4e+38 -3.4e+38 -3.4e+38 -3.4e+38 -3.4e+38 1.21800005435944 1.12999999523163 1.07200002670288 1.02400004863739 1.04900002479553 0.977000057697296 0.932000041007996 0.879000067710876 0.835000038146973 0.796000063419342 0.795000016689301 0.725000023841858 0.702000021934509 0.724000036716461 0.699000060558319 0.662000060081482 0.635000050067902 0.614000022411346 0.627000033855438 0.680000007152557 0.764000058174133 0.790000021457672 0.821000039577484 0.797000050544739 0.771000027656555 0.717000007629395 0.689000010490417 0.706000030040741 0.762000024318695 0.805000066757202 0.850000023841858 0.904000043869019 0.954000055789948 0.920000016689301 0.87200003862381 0.88100004196167 0.825000047683716 0.819000065326691 0.820000052452087 0.80100005865097 0.775000035762787 0.767000019550323 0.787000060081482 0.796000063419342
-3.4e+38 -3.4e+38 -3.4e+38 -3.4e+38 -3.4e+38 -3.4e+38 -3.4e+38 -3.4e+38 -3.4e+38 1.26500010490417 1.18600010871887 1.16000008583069 1.10699999332428 1.14100003242493 1.10000002384186 1.0550000667572 0.97900003194809 0.913000047206879 0.841000020503998 0.80100005865097 0.715000033378601 0.653000056743622 0.63400000333786 0.595000028610229 0.584000051021576 0.555000007152557 0.555000007152557 0.576000034809113 0.63400000333786 0.742000043392181 0.807000041007996 0.796000063419342 0.791000008583069 0.77400004863739 0.702000021934509 0.644000053405762 0.654000043869019 0.724000036716461 0.800000011920929 0.822000026702881 0.856000065803528 0.865000069141388 0.864000022411346 0.855000019073486 0.759000062942505 0.749000012874603 0.769000053405762 0.771000027656555 0.76800000667572 0.742000043392181 0.753000020980835 0.758000016212463 0.72900003194809
-3.4e+38 -3.4e+38 -3.4e+38 -3.4e+38 -3.4e+38 -3.4e+38 -3.4e+38 -3.4e+38 -3.4e+38 1.43500006198883 1.3950001001358 1.33300006389618 1.33000004291534 1.36100006103516 1.3160001039505 1.25700008869171 1.17400002479553 1.07400000095367 0.959000051021576 0.867000043392181 0.734000027179718 0.659000039100647 0.597000002861023 0.535000026226044 0.510000050067902 0.492000013589859 0.477000027894974 0.511000037193298 0.585000038146973 0.76500004529953 0.815000057220459 0.80100005865097 0.779000043869019 0.782000064849854 0.744000017642975 0.630000054836273 0.633000016212463 0.745000064373016 0.820000052452087 0.846000015735626 0.878000020980835 0.835000038146973 0.814000010490417 0.820000052452087 0.716000020503998 0.711000025272369 0.731000006198883 0.722000062465668 0.748000025749207 0.731000006198883 0.726000010967255 0.736000061035156 0.719000041484833
-3.4e+38 -3.4e+38 -3.4e+38 -3.4e+38 -3.4e+38 -3.4e+38 -3.4e+38 -3.4e+38 -3.4e+38 1.65900003910065 1.60400009155273 1.47000002861023 1.52900004386902 1.54500007629395 1.56000006198883 1.51500010490417 1.44400012493134 1.32900011539459 1.18300008773804 1.00499999523163 0.819000065326691 0.706000030040741 0.607000052928925 0.491000026464462 0.429000020027161 0.379000008106232 0.366000026464462 0.445000022649765 0.54200005531311 0.712000012397766 0.874000012874603 0.853000044822693 0.814000010490417 0.838000059127808 0.849000036716461 0.793000042438507 0.778000056743622 0.793000042438507 0.847000062465668 0.858000040054321 0.870000064373016 0.866000056266785 0.823000013828278 0.788000047206879 0.726000010967255 0.702000021934509 0.710000038146973 0.723000049591064 0.745000064373016 0.775000035762787 0.759000062942505 0.749000012874603 0.720000028610229
-3.4e+38 -3.4e+38 -3.4e+38 -3.4e+38 -3.4e+38 -3.4e+38 -3.4e+38 -3.4e+38 -3.4e+38 -3.4e+38 1.78200006484985 1.5900000333786 1.60800004005432 1.65400004386902 1.68800008296967 1.77700006961823 1.7590000629425 1.66800010204315 1.52300012111664 1.29900002479553 1.01300001144409 0.807000041007996 0.644000053405762 0.47900003194809 0.391000032424927 0.310000002384186 0.306000024080276 0.398000031709671 0.540000021457672 0.689000010490417 0.845000028610229 0.860000014305115 0.867000043392181 0.930000066757202 1 0.990000069141388 0.954000055789948 0.937000036239624 0.88100004196167 0.909000039100647 0.805000066757202 0.836000025272369 0.823000013828278 0.799000024795532 0.733000040054321 0.691000044345856 0.695000052452087 0.701000034809113 0.719000041484833 0.725000023841858 0.739000022411346 0.722000062465668 0.741000056266785
