PastLayers/vpdmin.asc
NCOLS 292 
NROWS 291 
XLLCORNER -87.6458333327872 
YLLCORNER 24.4791666666667 
CELLSIZE 0.0416666666669039 
NODATA_value -3.4e+38 
[rows 23 to 45 of 291, columns 212 to 264 of 292]
1.07600009441376 1.0789999961853 1.07800006866455 1.10500001907349 1.11500000953674 1.09900009632111 1.11000001430511 1.12400007247925 1.125 1.12400007247925 1.11100006103516 1.10699999332428 1.09100008010864 1.0789999961853 1.08400011062622 1.09800004959106 1.11600005626678 1.13300001621246 1.16000008583069 1.19000005722046 1.21800005435944 1.23500001430511 1.24100005626678 1.21800005435944 1.20200002193451 1.18100011348724 1.16000008583069 1.15700006484985 1.12700009346008 1.13700008392334 1.18800008296967 1.23900008201599 1.29000008106232 1.36000001430511 1.3620001077652 1.31000006198883 1.24600005149841 1.19700002670288 1.15400004386902 1.11900007724762 1.0789999961853 1.03200006484985 0.981000065803528 0.933000028133392 0.893000066280365 0.851000010967255 0.782000064849854 0.744000017642975 0.736000061035156 0.716000020503998 0.685000061988831 0.635000050067902 0.595000028610229
1.03400003910065 1.0550000667572 1.0550000667572 1.05900001525879 1.07300007343292 1.08900010585785 1.09100008010864 1.09200000762939 1.10600006580353 1.10500001907349 1.09500002861023 1.08800005912781 1.07600009441376 1.0789999961853 1.07600009441376 1.08400011062622 1.08200001716614 1.09300005435944 1.12000000476837 1.14400005340576 1.16200006008148 1.17000007629395 1.17700004577637 1.17800009250641 1.16700005531311 1.15600001811981 1.14000010490417 1.13100004196167 1.10699999332428 1.12800002098083 1.17000007629395 1.21000003814697 1.2720000743866 1.31700003147125 1.31400001049042 1.28000009059906 1.23500001430511 1.19900000095367 1.16800010204315 1.12999999523163 1.10000002384186 1.05400002002716 0.99700003862381 0.946000039577484 0.906000018119812 0.86300003528595 0.814000010490417 0.766000032424927 0.734000027179718 0.743000030517578 0.72900003194809 0.710000038146973 0.686000049114227
1.00499999523163 1.02300000190735 1.04000008106232 1.03500008583069 1.04900002479553 1.05800008773804 1.06500005722046 1.07600009441376 1.09100008010864 1.09200000762939 1.08000004291534 1.07100009918213 1.07000005245209 1.07000005245209 1.07500004768372 1.08400011062622 1.0789999961853 1.08000004291534 1.0900000333786 1.10300004482269 1.11800003051758 1.125 1.12700009346008 1.12999999523163 1.125 1.12999999523163 1.125 1.10000002384186 1.08900010585785 1.10900008678436 1.15200006961823 1.18600010871887 1.21600008010864 1.24500000476837 1.25 1.22400009632111 1.19800007343292 1.17000007629395 1.14200007915497 1.12100005149841 1.1120001077652 1.06500005722046 1.00100004673004 0.949000060558319 0.902000069618225 0.861000061035156 0.834000051021576 0.805000066757202 0.769000053405762 0.735000014305115 0.722000062465668 0.666000008583069 0.659000039100647
0.989000022411346 1.00999999046326 1.02700006961823 1.02700006961823 1.02100002765656 1.02900004386902 1.03700006008148 1.05400002002716 1.07600009441376 1.07700002193451 1.06700003147125 1.0660001039505 1.06900000572205 1.06500005722046 1.05800008773804 1.07100009918213 1.07100009918213 1.06800007820129 1.057000041008 1.05200004577637 1.0660001039505 1.07200002670288 1.07000005245209 1.07500004768372 1.09700000286102 1.10800004005432 1.11000001430511 1.09500002861023 1.07200002670288 1.08100008964539 1.10800004005432 1.15000009536743 1.16100001335144 1.17900002002716 1.18700003623962 1.17400002479553 1.15900003910065 1.13900005817413 1.12300002574921 1.10900008678436 1.10000002384186 1.06900000572205 1.00800001621246 0.953000068664551 0.895000040531158 0.860000014305115 0.827000021934509 0.794000029563904 0.761000037193298 0.724000036716461 0.696000039577484 0.716000020503998 0.721000015735626
0.984000027179718 1.00499999523163 1.01600003242493 1.02100002765656 1.02400004863739 1.02100002765656 1.02900004386902 1.04300010204315 1.057000041008 1.05800008773804 1.06500005722046 1.07100009918213 1.0789999961853 1.08100008964539 1.07000005245209 1.06700003147125 1.06900000572205 1.0550000667572 1.03400003910065 1.01300001144409 1.00800001621246 1.00499999523163 1.0200001001358 1.0440000295639 1.05099999904633 1.06200003623962 1.07300007343292 1.07300007343292 1.04500007629395 1.0550000667572 1.07500004768372 1.09700000286102 1.10800004005432 1.11900007724762 1.11400008201599 1.11400008201599 1.1120001077652 1.10300004482269 1.09400010108948 1.09500002861023 1.07800006866455 1.057000041008 1.01500010490417 0.958000063896179 0.825000047683716 0.798000037670135 0.796000063419342 0.802000045776367 0.741000056266785 0.714000046253204 0.755000054836273 0.794000029563904 0.782000064849854
0.98500007390976 0.990000069141388 1.00200009346008 1.0090000629425 1.0200001001358 1.02100002765656 1.02900004386902 1.0550000667572 1.06200003623962 1.0789999961853 1.08100008964539 1.08500003814697 1.09200000762939 1.08400011062622 1.06700003147125 1.06900000572205 1.05900001525879 1.03800010681152 1.0090000629425 0.974000036716461 0.957000017166138 0.976000070571899 1.00499999523163 1.02799999713898 1.04200005531311 1.05200004577637 1.06000006198883 1.04100000858307 1.02300000190735 1.03200006484985 1.05900001525879 1.07400000095367 1.08200001716614 1.08400011062622 1.0900000333786 1.09300005435944 1.09600007534027 1.09300005435944 1.08900010585785 1.08600008487701 1.09300005435944 1.07800006866455 1.05200004577637 1.01400005817413 0.957000017166138 0.905000030994415 0.878000020980835 0.853000044822693 0.855000019073486 0.829000055789948 0.823000013828278 0.862000048160553 0.847000062465668
0.968000054359436 0.974000036716461 0.983000040054321 0.995000064373016 1.00999999046326 1.02600002288818 1.03900003433228 1.0440000295639 1.0550000667572 1.07300007343292 1.07300007343292 1.0789999961853 1.08400011062622 1.08500003814697 1.0789999961853 1.05800008773804 1.04900002479553 1.03800010681152 0.995000064373016 0.944000065326691 0.934000015258789 0.954000055789948 0.98800003528595 1.02799999713898 1.04200005531311 1.03000009059906 1.03000009059906 1.01500010490417 0.987000048160553 0.995000064373016 1.01300001144409 1.03400003910065 1.0550000667572 1.06900000572205 1.08300006389618 1.08900010585785 1.08600008487701 1.09800004959106 1.09800004959106 1.09600007534027 1.10500001907349 1.1120001077652 1.09700000286102 1.08500003814697 1.06400001049042 1.0220000743866 0.987000048160553 0.954000055789948 0.89900004863739 0.894000053405762 0.897000014781952 0.953000068664551 0.989000022411346
0.974000036716461 0.976000070571899 0.990000069141388 1.0090000629425 1.02500009536743 1.04700005054474 1.05000007152557 1.06500005722046 1.07500004768372 1.07400000095367 1.0789999961853 1.08000004291534 1.05900001525879 1.04500007629395 1.04700005054474 1.04300010204315 1.03100001811981 1.00100004673004 1.00300002098083 0.977000057697296 0.961000025272369 0.975000023841858 1.00499999523163 1.03000009059906 1.04500007629395 1.03500008583069 1.01700007915497 0.98800003528595 0.958000063896179 0.970000028610229 0.98800003528595 1.0090000629425 1.03500008583069 1.05000007152557 1.0660001039505 1.07800006866455 1.09700000286102 1.10600006580353 1.10600006580353 1.10900008678436 1.12900006771088 1.14300000667572 1.14000010490417 1.15700006484985 1.15500009059906 1.16300010681152 1.13200008869171 1.10000002384186 1.03000009059906 1.0200001001358 1.0090000629425 0.999000072479248 1.02400004863739
0.975000023841858 0.982000052928925 1.00600004196167 1.02700006961823 1.04900002479553 1.0550000667572 1.08700001239777 1.09100008010864 1.07800006866455 1.07500004768372 1.07000005245209 1.06000006198883 1.04300010204315 1.03700006008148 1.04100000858307 1.03700006008148 1.04100000858307 1.01900005340576 1.00100004673004 0.995000064373016 1.01300001144409 1.02300000190735 1.01600003242493 1.02700006961823 1.03500008583069 1.04700005054474 1.02600002288818 1.00100004673004 0.959000051021576 0.947000026702881 0.965000033378601 0.982000052928925 1.0090000629425 1.03000009059906 1.04500007629395 1.07100009918213 1.10199999809265 1.11400008201599 1.13100004196167 1.17400002479553 1.17500007152557 1.16100001335144 1.20300006866455 1.22700011730194 1.23400008678436 1.23900008201599 1.26500010490417 1.2370001077652 1.1910001039505 1.1450001001358 1.10900008678436 1.08600008487701 1.057000041008
0.990000069141388 1.00499999523163 1.02500009536743 1.0440000295639 1.05400002002716 1.07300007343292 1.09800004959106 1.09600007534027 1.08800005912781 1.06100010871887 1.04200005531311 1.04500007629395 1.03700006008148 1.03600001335144 1.03200006484985 1.04200005531311 1.02799999713898 1.02700006961823 1.02400004863739 1.02799999713898 1.03400003910065 1.03500008583069 1.02799999713898 1.02400004863739 1.03100001811981 1.03700006008148 1.0200001001358 0.987000048160553 0.945000052452087 0.932000041007996 0.956000030040741 0.980000019073486 0.99700003862381 1.0090000629425 1.03900003433228 1.07500004768372 1.1010000705719 1.13900005817413 1.182000041008 1.19700002670288 1.21200001239777 1.25700008869171 1.2700001001358 1.26700007915497 1.29500007629395 1.30900001525879 1.32400012016296 1.3160001039505 1.29500007629395 1.26000010967255 1.23200011253357 1.16500008106232 1.11400008201599
1.01300001144409 1.03800010681152 1.0440000295639 1.06000006198883 1.06000006198883 1.08400011062622 1.09700000286102 1.09400010108948 1.08600008487701 1.04800009727478 1.03900003433228 1.04100000858307 1.02900004386902 1.03900003433228 1.03500008583069 1.02799999713898 1.0200001001358 1.03299999237061 1.04000008106232 1.04800009727478 1.05000007152557 1.04900002479553 1.05000007152557 1.06400001049042 1.05000007152557 1.03400003910065 1.0220000743866 0.998000025749207 0.963000059127808 0.936000049114227 0.948000073432922 0.964000046253204 0.978000044822693 0.995000064373016 1.02400004863739 1.0550000667572 1.10199999809265 1.15000009536743 1.1690000295639 1.21800005435944 1.28100001811981 1.31000006198883 1.31000006198883 1.33700001239777 1.33100008964539 1.35900008678436 1.36300003528595 1.34300005435944 1.33000004291534 1.31700003147125 1.28000009059906 1.21100008487701 1.15500009059906
1.03900003433228 1.05800008773804 1.07000005245209 1.07800006866455 1.07400000095367 1.0900000333786 1.08400011062622 1.07700002193451 1.07000005245209 1.0550000667572 1.03400003910065 1.04000008106232 1.03299999237061 1.0220000743866 1.02799999713898 1.01600003242493 1.03299999237061 1.04200005531311 1.03900003433228 1.04900002479553 1.0440000295639 1.04000008106232 1.03800010681152 1.06100010871887 1.06100010871887 1.04900002479553 1.03100001811981 1.0200001001358 0.98500007390976 0.965000033378601 0.968000054359436 0.970000028610229 0.98500007390976 1.00499999523163 1.04000008106232 1.08100008964539 1.12400007247925 1.14200007915497 1.18300008773804 1.25 1.29900002479553 1.35300004482269 1.36600005626678 1.36400008201599 1.38500010967255 1.3840000629425 1.37500011920929 1.36100006103516 1.35400009155273 1.34500002861023 1.30000007152557 1.23200011253357 1.18600010871887
1.05400002002716 1.06500005722046 1.08000004291534 1.08400011062622 1.08000004291534 1.0789999961853 1.07000005245209 1.06200003623962 1.06400001049042 1.05099999904633 1.03600001335144 1.02700006961823 1.0090000629425 1.00400006771088 1.00999999046326 1.01500010490417 1.01400005817413 1.0200001001358 1.03500008583069 1.05099999904633 1.05099999904633 1.0460000038147 1.03900003433228 1.04900002479553 1.06300008296967 1.06500005722046 1.05400002002716 1.04000008106232 1.01500010490417 1.0090000629425 1.01500010490417 1 1.01200008392334 1.0460000038147 1.08100008964539 1.10500001907349 1.11400008201599 1.15500009059906 1.21200001239777 1.24800002574921 1.29900002479553 1.35700011253357 1.39000010490417 1.38700008392334 1.38500010967255 1.37700009346008 1.37000012397766 1.36500000953674 1.37000012397766 1.35900008678436 1.32200002670288 1.29500007629395 1.19300007820129
1.06400001049042 1.07500004768372 1.07700002193451 1.08000004291534 1.07500004768372 1.0789999961853 1.08400011062622 1.07600009441376 1.06300008296967 1.04900002479553 1.02900004386902 1.01500010490417 0.990000069141388 1 1.00999999046326 1.0200001001358 1.03900003433228 1.03600001335144 1.03800010681152 1.02400004863739 1.05300009250641 1.0440000295639 1.06300008296967 1.04700005054474 1.06100010871887 1.07300007343292 1.07600009441376 1.05800008773804 1.03400003910065 1.03800010681152 1.03500008583069 1.04500007629395 1.05400002002716 1.08300006389618 1.09100008010864 1.09400010108948 1.125 1.18100011348724 1.2150000333786 1.25500011444092 1.28700006008148 1.34900009632111 1.37500011920929 1.39200007915497 1.39200007915497 1.38500010967255 1.38800001144409 1.3840000629425 1.37900006771088 1.3620001077652 1.3620001077652 1.34200000762939 1.26200008392334
1.0900000333786 1.0900000333786 1.07700002193451 1.06200003623962 1.06800007820129 1.05800008773804 1.06200003623962 1.05900001525879 1.03700006008148 1.0200001001358 1.00100004673004 1.00400006771088 0.999000072479248 1.00700008869171 1.01500010490417 1.03600001335144 1.04100000858307 1.04500007629395 1.04300010204315 1.04300010204315 1.03700006008148 1.04000008106232 1.05300009250641 1.06300008296967 1.07700002193451 1.08300006389618 1.08400011062622 1.08000004291534 1.05099999904633 1.05400002002716 1.06400001049042 1.08100008964539 1.10900008678436 1.08800005912781 1.09400010108948 1.125 1.16600000858307 1.17800009250641 1.21400010585785 1.2370001077652 1.28700006008148 1.32100009918213 1.36300003528595 1.3840000629425 1.36800003051758 1.3950001001358 1.4190000295639 1.41300010681152 1.3970000743866 1.37200009822845 1.37100005149841 1.3620001077652 1.33800005912781
1.09600007534027 1.09200000762939 1.08000004291534 1.06500005722046 1.06300008296967 1.05300009250641 1.05200004577637 1.0460000038147 1.02900004386902 1.01800000667572 0.986000061035156 1.00200009346008 1.00999999046326 1.01400005817413 1.02900004386902 1.0440000295639 1.05300009250641 1.05900001525879 1.05200004577637 1.0550000667572 1.05800008773804 1.06300008296967 1.0660001039505 1.08100008964539 1.10300004482269 1.09200000762939 1.0900000333786 1.08200001716614 1.06200003623962 1.06800007820129 1.08500003814697 1.10500001907349 1.10300004482269 1.08800005912781 1.10400009155273 1.14400005340576 1.16100001335144 1.19000005722046 1.20900011062622 1.25 1.28100001811981 1.307000041008 1.34800004959106 1.38700008392334 1.3860000371933 1.3950001001358 1.43300008773804 1.44500005245209 1.4300000667572 1.41500008106232 1.41300010681152 1.37800002098083 1.43900001049042
1.07800006866455 1.08700001239777 1.08000004291534 1.07600009441376 1.03800010681152 1.04200005531311 1.04200005531311 1.02400004863739 1.01200008392334 1.01900005340576 0.99700003862381 1.01200008392334 1.00700008869171 1.0090000629425 1.02700006961823 1.03800010681152 1.04500007629395 1.05099999904633 1.06800007820129 1.06900000572205 1.07300007343292 1.07300007343292 1.07200002670288 1.10400009155273 1.11300003528595 1.10500001907349 1.10400009155273 1.10199999809265 1.08000004291534 1.10400009155273 1.11400008201599 1.09800004959106 1.09300005435944 1.10199999809265 1.14000010490417 1.14100003242493 1.16200006008148 1.19600009918213 1.21700000762939 1.25700008869171 1.27100002765656 1.30900001525879 1.3510000705719 1.3970000743866 1.44500005245209 1.46700012683868 1.46800005435944 1.46000003814697 1.43900001049042 1.42200005054474 1.41000008583069 1.41400003433228 1.47100007534027
1.0789999961853 1.07500004768372 1.06700003147125 1.04700005054474 1.02500009536743 1.01800000667572 1.0090000629425 1.02900004386902 1.01500010490417 1.02400004863739 1 1.01500010490417 1.0200001001358 1.02500009536743 1.02100002765656 1.03400003910065 1.03200006484985 1.0550000667572 1.06700003147125 1.08500003814697 1.0900000333786 1.07100009918213 1.0789999961853 1.09900009632111 1.10400009155273 1.11000001430511 1.11400008201599 1.12600004673004 1.12000000476837 1.11000001430511 1.0900000333786 1.09100008010864 1.10900008678436 1.12999999523163 1.13900005817413 1.17400002479553 1.18100011348724 1.17599999904633 1.23000001907349 1.24400007724762 1.28800010681152 1.32200002670288 1.35900008678436 1.41800010204315 1.45400011539459 1.48000001907349 1.48400008678436 1.47900009155273 1.45200002193451 1.4300000667572 1.432000041008 1.4410001039505 1.4760000705719
1.05000007152557 1.04900002479553 1.03700006008148 1.03299999237061 1.02900004386902 1.01400005817413 1.02500009536743 1.02600002288818 1.03100001811981 1.02600002288818 1.02500009536743 1.03700006008148 1.01500010490417 1.0200001001358 1.03200006484985 1.0440000295639 1.0550000667572 1.07700002193451 1.07100009918213 1.08300006389618 1.09400010108948 1.10600006580353 1.09800004959106 1.09300005435944 1.10900008678436 1.11800003051758 1.12800002098083 1.12900006771088 1.12600004673004 1.09500002861023 1.09300005435944 1.10199999809265 1.12900006771088 1.12900006771088 1.15000009536743 1.18700003623962 1.18600010871887 1.20700001716614 1.21300005912781 1.24000000953674 1.29300010204315 1.33000004291534 1.37300002574921 1.41600000858307 1.45300006866455 1.47500002384186 1.48900008201599 1.49200010299683 1.48500001430511 1.45900011062622 1.47200012207031 1.4870001077652 1.52500009536743
1.03700006008148 1.02900004386902 1.03400003910065 1.03000009059906 1.02400004863739 1.01900005340576 1.02500009536743 1.02600002288818 1.03200006484985 1.04100000858307 1.02400004863739 1.03900003433228 1.03500008583069 1.04000008106232 1.05300009250641 1.0550000667572 1.06300008296967 1.08200001716614 1.08900010585785 1.09900009632111 1.12000000476837 1.11400008201599 1.11500000953674 1.10000002384186 1.11900007724762 1.1360000371933 1.15500009059906 1.16200006008148 1.14200007915497 1.11400008201599 1.10400009155273 1.12000000476837 1.12999999523163 1.13500010967255 1.16000008583069 1.19600009918213 1.21400010585785 1.21600008010864 1.22000002861023 1.25100004673004 1.29200005531311 1.35300004482269 1.40400004386902 1.45400011539459 1.48100006580353 1.51800012588501 1.51300013065338 1.51900005340576 1.52700006961823 1.53700006008148 1.55400002002716 1.58400011062622 1.64400005340576
1.00999999046326 1.00300002098083 1.00999999046326 1.02400004863739 1.01300001144409 1.00200009346008 1.0110000371933 1.02799999713898 1.03700006008148 1.03700006008148 1.04700005054474 1.03100001811981 1.05000007152557 1.05099999904633 1.06000006198883 1.06500005722046 1.06900000572205 1.08900010585785 1.09300005435944 1.10800004005432 1.12300002574921 1.12300002574921 1.11700010299683 1.125 1.13200008869171 1.14000010490417 1.14400005340576 1.1450001001358 1.12600004673004 1.11300003528595 1.10800004005432 1.11000001430511 1.12999999523163 1.13300001621246 1.1450001001358 1.19200003147125 1.22800004482269 1.21100008487701 1.23900008201599 1.31500005722046 1.35700011253357 1.40200006961823 1.43900001049042 1.50000011920929 1.52900004386902 1.557000041008 1.55600011348724 1.57900011539459 1.62400007247925 1.6690000295639 1.69900012016296 1.73600006103516 1.8270001411438
1.0200001001358 1.00100004673004 1.00999999046326 1.01500010490417 1.00300002098083 0.98800003528595 1.00800001621246 1.02500009536743 1.04000008106232 1.03900003433228 1.04500007629395 1.04000008106232 1.01300001144409 1.05099999904633 1.0550000667572 1.06000006198883 1.0789999961853 1.1010000705719 1.12200009822845 1.12900006771088 1.12900006771088 1.12900006771088 1.12900006771088 1.12700009346008 1.11400008201599 1.11900007724762 1.12700009346008 1.12600004673004 1.10500001907349 1.11000001430511 1.10900008678436 1.10000002384186 1.11300003528595 1.13900005817413 1.15299999713898 1.20700001716614 1.23600006103516 1.28500008583069 1.33700001239777 1.39800012111664 1.42500007152557 1.45700001716614 1.50300002098083 1.59300005435944 1.67000007629395 1.74600005149841 1.78200006484985 1.82200014591217 1.87000012397766 1.92200005054474 1.95000004768372 1.98100006580353 2.03400015830994
1.04900002479553 1.05300009250641 1.00999999046326 0.994000017642975 0.986000061035156 0.983000040054321 1.00800001621246 1.02300000190735 1.03000009059906 1.0460000038147 1.01500010490417 1.04200005531311 1.0460000038147 1.04500007629395 1.06400001049042 1.06100010871887 1.08800005912781 1.10300004482269 1.12200009822845 1.12800002098083 1.12900006771088 1.13500010967255 1.12400007247925 1.10000002384186 1.08400011062622 1.07800006866455 1.08400011062622 1.08500003814697 1.09300005435944 1.08200001716614 1.08100008964539 1.09900009632111 1.11400008201599 1.17900002002716 1.22900009155273 1.24200010299683 1.307000041008 1.3620001077652 1.39300000667572 1.44900012016296 1.56500005722046 1.6560001373291 1.73900008201599 1.8400000333786 1.92800009250641 1.99700009822845 2.01100015640259 2.0460000038147 2.08700013160706 2.11400008201599 2.12800002098083 2.15900015830994 2.21500015258789
