PastLayers/vpdmax.asc
NCOLS 292 
NROWS 291 
XLLCORNER -87.6458333327872 
YLLCORNER 24.4791666666667 
CELLSIZE 0.0416666666669039 
NODATA_value -3.4e+38 
[rows 216 to 239 of 291, columns 106 to 158 of 292]
-3.4e+38 -3.4e+38 -3.4e+38 -3.4e+38 -3.4e+38 -3.4e+38 -3.4e+38 -3.4e+38 -3.4e+38 -3.4e+38 -3.4e+38 -3.4e+38 -3.4e+38 -3.4e+38 -3.4e+38 17.3800010681152 17.9660015106201 17.7980003356934 17.8800010681152 18.0830001831055 18.2530002593994 18.5050010681152 18.6560001373291 18.6310005187988 18.7400016784668 18.7920017242432 18.9460010528564 19.1200008392334 19.2220001220703 19.4409999847412 19.6540012359619 19.8040008544922 19.8390007019043 19.8110008239746 19.9600009918213 19.8660011291504 19.8800010681152 20.0360012054443 20.2600002288818 20.4400005340576 20.6300010681152 20.7400016784668 20.7130012512207 20.5250015258789 20.3500003814697 19.9950008392334 19.8280010223389 19.8300018310547 19.7800006866455 19.7850017547607 19.7090015411377 19.5800018310547 19.5380001068115
-3.4e+38 -3.4e+38 -3.4e+38 -3.4e+38 -3.4e+38 -3.4e+38 -3.4e+38 -3.4e+38 -3.4e+38 -3.4e+38 -3.4e+38 -3.4e+38 -3.4e+38 -3.4e+38 16.8299999237061 17.7990016937256 17.9950008392334 17.8800010681152 18.0790004730225 18.230001449585 18.326000213623 18.4780006408691 18.5729999542236 18.6430015563965 18.7360000610352 18.8700008392334 18.9000015258789 19.1490001678467 19.2170009613037 19.4720001220703 19.726001739502 19.7910003662109 19.8720016479492 19.9090003967285 20.07200050354 20.0070018768311 19.9860000610352 20.064001083374 20.2620010375977 20.3930015563965 20.3910007476807 20.3880004882812 20.3720016479492 20.2160015106201 20.060001373291 19.9650001525879 19.818000793457 19.7630004882812 19.7510013580322 19.6640014648438 19.5690002441406 19.4720001220703 19.4710006713867
-3.4e+38 -3.4e+38 -3.4e+38 -3.4e+38 -3.4e+38 -3.4e+38 -3.4e+38 -3.4e+38 -3.4e+38 -3.4e+38 -3.4e+38 -3.4e+38 14.6780004501343 15.8860006332397 17.5550003051758 18.1909999847412 18.2320003509521 18.0930004119873 18.2020015716553 18.3760013580322 18.480001449585 18.5200004577637 18.5500011444092 18.6400012969971 18.7590007781982 18.8360004425049 18.867000579834 19.0480003356934 19.2410011291504 19.4370002746582 19.6780014038086 19.7950000762939 19.9900016784668 20.1060009002686 20.2210006713867 20.0120010375977 20.0400009155273 20.1540012359619 20.2140007019043 20.2190017700195 20.0850009918213 20 20.1120014190674 20.068000793457 20.0450000762939 19.9600009918213 19.8760013580322 19.8000011444092 19.7360000610352 19.613000869751 19.556001663208 19.4580001831055 19.3580017089844
-3.4e+38 -3.4e+38 -3.4e+38 -3.4e+38 -3.4e+38 -3.4e+38 -3.4e+38 -3.4e+38 -3.4e+38 -3.4e+38 -3.4e+38 -3.4e+38 -3.4e+38 16.0050010681152 17.601001739502 18.439001083374 18.2670001983643 18.0170001983643 18.0290012359619 18.3650016784668 18.4910011291504 18.5850009918213 18.6590003967285 18.7940006256104 18.8520011901855 18.851001739502 19.0160007476807 19.1530017852783 19.3320007324219 19.5360012054443 19.6800003051758 19.7530002593994 19.9500007629395 20.1340007781982 20.1400012969971 20.0900001525879 20.1360015869141 20.1020011901855 19.984001159668 19.9220008850098 20.0230007171631 19.9300003051758 20.0110015869141 20.0080013275146 19.9120006561279 19.8760013580322 19.8250007629395 19.7870006561279 19.6990013122559 19.6150016784668 19.5470008850098 19.4600009918213 19.3340015411377
-3.4e+38 -3.4e+38 -3.4e+38 -3.4e+38 -3.4e+38 -3.4e+38 -3.4e+38 -3.4e+38 -3.4e+38 -3.4e+38 -3.4e+38 -3.4e+38 -3.4e+38 15.6390008926392 16.8420009613037 17.8830013275146 17.8070011138916 17.4270000457764 17.7049999237061 18.1670017242432 18.367000579834 18.5540008544922 18.5890007019043 18.7820014953613 18.9280014038086 19.0160007476807 19.1800003051758 19.2180004119873 19.363000869751 19.5750007629395 19.6480007171631 19.8130016326904 19.9210014343262 19.984001159668 19.9750003814697 20.0210018157959 20.0210018157959 19.9500007629395 19.9400005340576 19.8240013122559 19.9220008850098 19.9220008850098 19.943000793457 19.9580001831055 19.9090003967285 19.9100017547607 19.867000579834 19.8310012817383 19.7320003509521 19.6060009002686 19.5480003356934 19.4780006408691 19.2620010375977
-3.4e+38 -3.4e+38 -3.4e+38 -3.4e+38 -3.4e+38 -3.4e+38 -3.4e+38 -3.4e+38 -3.4e+38 -3.4e+38 -3.4e+38 -3.4e+38 -3.4e+38 -3.4e+38 16.2770004272461 16.988000869751 17.2960014343262 16.9230003356934 17.2410011291504 17.851001739502 18.3430004119873 18.7320003509521 18.8990001678467 19.1060009002686 19.226001739502 19.2760009765625 19.3190002441406 19.3250007629395 19.3920001983643 19.5550003051758 19.7660007476807 19.8290004730225 19.9140014648438 19.9290008544922 19.9590015411377 19.9040012359619 19.8560009002686 19.8940010070801 19.9280014038086 19.8990001678467 19.9580001831055 19.9270000457764 19.8880004882812 19.9100017547607 19.8530006408691 19.8380012512207 19.855001449585 19.8930015563965 19.8840007781982 19.7080001831055 19.480001449585 19.3640003204346 19.1600017547607
-3.4e+38 -3.4e+38 -3.4e+38 -3.4e+38 -3.4e+38 -3.4e+38 -3.4e+38 -3.4e+38 -3.4e+38 -3.4e+38 -3.4e+38 -3.4e+38 -3.4e+38 -3.4e+38 -3.4e+38 16.238000869751 16.7730007171631 16.6760005950928 17.1790008544922 17.9110012054443 18.6470012664795 19.2250003814697 19.4490013122559 19.6100006103516 19.6450004577637 19.5040016174316 19.4850006103516 19.4100017547607 19.4290008544922 19.6340007781982 19.8370018005371 19.8970012664795 19.9050006866455 19.9520015716553 19.9120006561279 19.8440017700195 19.8230018615723 19.9150009155273 19.8690013885498 19.9480018615723 19.9680004119873 19.9720001220703 19.875 19.867000579834 19.8910007476807 19.8480014801025 19.8500003814697 19.8780002593994 19.818000793457 19.6240005493164 19.375 19.1740016937256 19.0310001373291
-3.4e+38 -3.4e+38 -3.4e+38 -3.4e+38 -3.4e+38 -3.4e+38 -3.4e+38 -3.4e+38 -3.4e+38 -3.4e+38 -3.4e+38 -3.4e+38 -3.4e+38 -3.4e+38 -3.4e+38 -3.4e+38 16.5240001678467 16.9940013885498 17.2930011749268 18.1150016784668 18.9270000457764 19.4550018310547 19.701000213623 20 19.8740005493164 19.621000289917 19.4950008392334 19.4590015411377 19.5260009765625 19.7280006408691 19.875 19.9860000610352 20.0130004882812 20.0250015258789 19.9400005340576 19.9210014343262 19.9540004730225 20.0200004577637 19.9740009307861 19.9580001831055 19.9490013122559 20.0110015869141 19.9340000152588 19.9640007019043 19.9670009613037 19.9320011138916 19.939001083374 19.8780002593994 19.7640018463135 19.5700016021729 19.3620014190674 19.1590003967285 18.9730014801025
-3.4e+38 -3.4e+38 -3.4e+38 -3.4e+38 -3.4e+38 -3.4e+38 -3.4e+38 -3.4e+38 -3.4e+38 -3.4e+38 -3.4e+38 -3.4e+38 -3.4e+38 -3.4e+38 -3.4e+38 -3.4e+38 -3.4e+38 17.0540008544922 17.1730003356934 18.0040016174316 18.875 19.5060005187988 19.859001159668 20.0290012359619 19.9710006713867 19.8030014038086 19.6730003356934 19.6270008087158 19.6380004882812 19.8190002441406 19.8700008392334 20.0150012969971 20.1730003356934 20.1750011444092 20.0100002288818 20.0170001983643 19.9990005493164 19.9850006103516 19.9530010223389 19.9400005340576 20.0250015258789 20.0170001983643 20.0240001678467 20.0260009765625 20.0290012359619 20.0070018768311 20.0280017852783 19.9380016326904 19.7740001678467 19.5070018768311 19.3700008392334 19.1860008239746 18.9740009307861
-3.4e+38 -3.4e+38 -3.4e+38 -3.4e+38 -3.4e+38 -3.4e+38 -3.4e+38 -3.4e+38 -3.4e+38 -3.4e+38 -3.4e+38 -3.4e+38 -3.4e+38 -3.4e+38 -3.4e+38 -3.4e+38 -3.4e+38 16.742000579834 17.0950012207031 17.5880012512207 18.5860004425049 19.3790016174316 19.7900009155273 20.0170001983643 19.9100017547607 19.734001159668 19.6200008392334 19.5910015106201 19.6710014343262 19.8240013122559 19.8830013275146 20.0300006866455 20.2630004882812 20.1430015563965 20.060001373291 20.0330009460449 20.0390014648438 20.0160007476807 20.056001663208 20.0100002288818 20.0610008239746 20.0500011444092 20.1350002288818 20.1450004577637 20.0430011749268 20.1310005187988 20.1070003509521 19.9710006713867 19.7700004577637 19.5380001068115 19.371000289917 19.2440013885498 19.0320014953613
-3.4e+38 -3.4e+38 -3.4e+38 -3.4e+38 -3.4e+38 -3.4e+38 -3.4e+38 -3.4e+38 -3.4e+38 -3.4e+38 -3.4e+38 -3.4e+38 -3.4e+38 -3.4e+38 -3.4e+38 -3.4e+38 -3.4e+38 -3.4e+38 17.0209999084473 17.0980014801025 18.0139999389648 19.0450000762939 19.6640014648438 19.8110008239746 19.7170009613037 19.6450004577637 19.5210018157959 19.5300006866455 19.5940017700195 19.746000289917 19.8250007629395 19.9850006103516 20.1250019073486 20.1300010681152 20.0550003051758 20.0420017242432 20.0400009155273 20.0460014343262 20.0080013275146 19.9940013885498 20.1030006408691 20.1620006561279 20.2140007019043 20.2710018157959 20.3030014038086 20.1920013427734 20.0700016021729 19.9000015258789 19.6700000762939 19.4770011901855 19.3500003814697 19.1650009155273 19.0140018463135
-3.4e+38 -3.4e+38 -3.4e+38 -3.4e+38 -3.4e+38 -3.4e+38 -3.4e+38 -3.4e+38 -3.4e+38 -3.4e+38 -3.4e+38 -3.4e+38 -3.4e+38 -3.4e+38 -3.4e+38 -3.4e+38 -3.4e+38 -3.4e+38 16.576000213623 16.8030014038086 17.3320007324219 18.4300003051758 19.1830005645752 19.4600009918213 19.4910011291504 19.4740009307861 19.3840007781982 19.4340000152588 19.4110012054443 19.5800018310547 19.8020000457764 19.9250011444092 19.9570007324219 19.9810009002686 19.939001083374 19.9910011291504 20.0060005187988 20.0120010375977 19.9370002746582 19.9720001220703 20.0570011138916 20.121000289917 20.1420001983643 20.2950000762939 20.359001159668 20.2510013580322 20.064001083374 19.7770004272461 19.5700016021729 19.3890018463135 19.2220001220703 19.1020011901855 18.992000579834
-3.4e+38 -3.4e+38 -3.4e+38 -3.4e+38 -3.4e+38 -3.4e+38 -3.4e+38 -3.4e+38 -3.4e+38 -3.4e+38 -3.4e+38 -3.4e+38 -3.4e+38 -3.4e+38 -3.4e+38 -3.4e+38 -3.4e+38 -3.4e+38 -3.4e+38 16.734001159668 16.7820014953613 17.7690010070801 18.6260013580322 19.0510005950928 19.1319999694824 19.1740016937256 19.2130012512207 19.2050018310547 19.2450008392334 19.5150012969971 19.7540016174316 19.8740005493164 19.9150009155273 19.9130001068115 19.9190006256104 19.935001373291 19.8500003814697 19.9140014648438 19.9090003967285 19.9180011749268 19.9630012512207 20.0470008850098 20.0520000457764 20.0800018310547 20.1190013885498 20.0310001373291 19.7850017547607 19.6020011901855 19.4240016937256 19.2430000305176 19.1300010681152 19.0100002288818 18.9320011138916
-3.4e+38 -3.4e+38 -3.4e+38 -3.4e+38 -3.4e+38 -3.4e+38 -3.4e+38 -3.4e+38 -3.4e+38 -3.4e+38 -3.4e+38 -3.4e+38 -3.4e+38 -3.4e+38 -3.4e+38 -3.4e+38 -3.4e+38 -3.4e+38 -3.4e+38 16.32200050354 16.5390014648438 16.988000869751 18.0139999389648 18.6510009765625 18.8810005187988 18.9320011138916 18.9200000762939 18.9950008392334 19.0700016021729 19.2590007781982 19.4750003814697 19.6920013427734 19.7060012817383 19.7210006713867 19.7480010986328 19.689001083374 19.7560005187988 19.818000793457 19.859001159668 19.8190002441406 19.8660011291504 19.9300003051758 19.8610000610352 19.8190002441406 19.7760009765625 19.7020015716553 19.5330009460449 19.4370002746582 19.2220001220703 19.0970001220703 18.9660015106201 18.8620014190674 18.7630004882812
-3.4e+38 -3.4e+38 -3.4e+38 -3.4e+38 -3.4e+38 -3.4e+38 -3.4e+38 -3.4e+38 -3.4e+38 -3.4e+38 -3.4e+38 -3.4e+38 -3.4e+38 -3.4e+38 -3.4e+38 -3.4e+38 -3.4e+38 -3.4e+38 -3.4e+38 -3.4e+38 16.5190010070801 16.6140003204346 17.2070007324219 17.9790000915527 18.4810009002686 18.5950012207031 18.6260013580322 18.7090015411377 18.7680015563965 18.9450016021729 19.2180004119873 19.4660015106201 19.613000869751 19.6340007781982 19.6290016174316 19.6370010375977 19.6680011749268 19.6710014343262 19.6950016021729 19.746000289917 19.7440013885498 19.8340015411377 19.7110004425049 19.5950012207031 19.5800018310547 19.492000579834 19.3410015106201 19.2330017089844 19.0630016326904 18.9479999542236 18.806001663208 18.7210006713867 18.6360015869141
-3.4e+38 -3.4e+38 -3.4e+38 -3.4e+38 -3.4e+38 -3.4e+38 -3.4e+38 -3.4e+38 -3.4e+38 -3.4e+38 -3.4e+38 -3.4e+38 -3.4e+38 -3.4e+38 -3.4e+38 -3.4e+38 -3.4e+38 -3.4e+38 -3.4e+38 -3.4e+38 15.6800003051758 16.6500015258789 16.9080009460449 17.4040012359619 18.0550003051758 18.0840015411377 18.1030006408691 18.3560009002686 18.4220008850098 18.5840015411377 19.0520000457764 19.3740005493164 19.5800018310547 19.605001449585 19.5800018310547 19.6040000915527 19.5150012969971 19.5920009613037 19.6390018463135 19.7000007629395 19.6800003051758 19.7590007781982 19.6270008087158 19.5580005645752 19.4300003051758 19.3540000915527 19.2240009307861 19.0860004425049 18.931001663208 18.7900009155273 18.6140003204346 18.4940013885498 18.4549999237061
-3.4e+38 -3.4e+38 -3.4e+38 -3.4e+38 -3.4e+38 -3.4e+38 -3.4e+38 -3.4e+38 -3.4e+38 -3.4e+38 -3.4e+38 -3.4e+38 -3.4e+38 -3.4e+38 -3.4e+38 -3.4e+38 -3.4e+38 -3.4e+38 -3.4e+38 -3.4e+38 -3.4e+38 15.9950008392334 16.8500003814697 17.3959999084473 17.7370014190674 17.6020011901855 17.5290012359619 17.939001083374 18.2060012817383 18.6260013580322 19.0350017547607 19.3250007629395 19.5310001373291 19.5420017242432 19.5170001983643 19.5120010375977 19.5150012969971 19.5290012359619 19.6390018463135 19.6440010070801 19.6680011749268 19.7390003204346 19.6960010528564 19.5430011749268 19.4730014801025 19.3070011138916 19.1780014038086 18.9930000305176 18.8120002746582 18.5870018005371 18.375 18.2140007019043 18.1710014343262
-3.4e+38 -3.4e+38 -3.4e+38 -3.4e+38 -3.4e+38 -3.4e+38 -3.4e+38 -3.4e+38 -3.4e+38 -3.4e+38 -3.4e+38 -3.4e+38 -3.4e+38 -3.4e+38 -3.4e+38 -3.4e+38 -3.4e+38 -3.4e+38 -3.4e+38 -3.4e+38 -3.4e+38 -3.4e+38 15.9760007858276 16.5250015258789 16.851001739502 16.8889999389648 16.8229999542236 17.3520011901855 17.8470001220703 18.4479999542236 18.9550018310547 19.2620010375977 19.4690017700195 19.4820003509521 19.476001739502 19.4820003509521 19.5300006866455 19.6190013885498 19.6340007781982 19.689001083374 19.7910003662109 19.8440017700195 19.7440013885498 19.6120014190674 19.5490016937256 19.3480014801025 19.2100009918213 18.9690017700195 18.7160015106201 18.3850002288818 18.0820007324219 17.9230003356934 17.9140014648438
-3.4e+38 -3.4e+38 -3.4e+38 -3.4e+38 -3.4e+38 -3.4e+38 -3.4e+38 -3.4e+38 -3.4e+38 -3.4e+38 -3.4e+38 -3.4e+38 -3.4e+38 -3.4e+38 -3.4e+38 -3.4e+38 -3.4e+38 -3.4e+38 -3.4e+38 -3.4e+38 -3.4e+38 -3.4e+38 15.5610008239746 15.8130006790161 16.1800003051758 16.1660003662109 16.1940002441406 16.9160003662109 17.5360012054443 18.3050003051758 18.8560009002686 19.1670017242432 19.4090003967285 19.3980007171631 19.4220008850098 19.4440002441406 19.5490016937256 19.5870018005371 19.6490001678467 19.7520008087158 19.9540004730225 19.9650001525879 19.8380012512207 19.7180004119873 19.6110000610352 19.4700012207031 19.2100009918213 18.9580001831055 18.613000869751 18.25 18.0150012969971 17.8110008239746 17.7770004272461
-3.4e+38 -3.4e+38 -3.4e+38 -3.4e+38 -3.4e+38 -3.4e+38 -3.4e+38 -3.4e+38 -3.4e+38 -3.4e+38 -3.4e+38 -3.4e+38 -3.4e+38 -3.4e+38 -3.4e+38 -3.4e+38 -3.4e+38 -3.4e+38 -3.4e+38 -3.4e+38 -3.4e+38 -3.4e+38 -3.4e+38 15.8120002746582 15.8470010757446 15.8760004043579 16.0150012969971 16.6950016021729 17.4520015716553 18.1880016326904 18.7639999389648 19.0200004577637 19.2630004882812 19.3530006408691 19.3850002288818 19.4730014801025 19.5850009918213 19.625 19.6800003051758 19.7810001373291 19.9590015411377 20.0030002593994 19.8810005187988 19.7850017547607 19.7610015869141 19.5910015106201 19.2200012207031 18.9250011444092 18.6370010375977 18.246000289917 17.9870014190674 17.9090003967285 17.8350009918213
-3.4e+38 -3.4e+38 -3.4e+38 -3.4e+38 -3.4e+38 -3.4e+38 -3.4e+38 -3.4e+38 -3.4e+38 -3.4e+38 -3.4e+38 -3.4e+38 -3.4e+38 -3.4e+38 -3.4e+38 -3.4e+38 -3.4e+38 -3.4e+38 -3.4e+38 -3.4e+38 -3.4e+38 -3.4e+38 -3.4e+38 15.8230009078979 15.9240007400513 15.9850006103516 15.9550008773804 16.5850009918213 17.4110012054443 18.1700000762939 18.625 18.8270015716553 18.939001083374 18.9980010986328 19.1310005187988 19.359001159668 19.4450016021729 19.5280017852783 19.5670013427734 19.7020015716553 19.9250011444092 20.0030002593994 19.8820018768311 19.8250007629395 19.6610012054443 19.4320011138916 19.1550006866455 18.951000213623 18.7070007324219 18.4200000762939 18.2390003204346 18.1520004272461 17.9980010986328
-3.4e+38 -3.4e+38 -3.4e+38 -3.4e+38 -3.4e+38 -3.4e+38 -3.4e+38 -3.4e+38 -3.4e+38 -3.4e+38 -3.4e+38 -3.4e+38 -3.4e+38 -3.4e+38 -3.4e+38 -3.4e+38 -3.4e+38 -3.4e+38 -3.4e+38 -3.4e+38 -3.4e+38 -3.4e+38 -3.4e+38 15.6830005645752 15.8940010070801 15.9820003509521 15.9570007324219 16.5850009918213 17.3250007629395 18.1180000305176 18.4320011138916 18.6040000915527 18.7170009613037 18.6710014343262 18.75 19.0060005187988 19.2730007171631 19.310001373291 19.3950004577637 19.5890007019043 19.8150005340576 19.935001373291 19.8490009307861 19.7100009918213 19.5330009460449 19.2910003662109 19.0870018005371 18.9770011901855 18.8430004119873 18.6760005950928 18.5130004882812 18.3570003509521 18.2070007324219
-3.4e+38 -3.4e+38 -3.4e+38 -3.4e+38 -3.4e+38 -3.4e+38 -3.4e+38 -3.4e+38 -3.4e+38 -3.4e+38 -3.4e+38 -3.4e+38 -3.4e+38 -3.4e+38 -3.4e+38 -3.4e+38 -3.4e+38 -3.4e+38 -3.4e+38 -3.4e+38 -3.4e+38 -3.4e+38 -3.4e+38 15.738000869751 15.988000869751 16.0040016174316 15.8980007171631 16.5590000152588 17.3150005340576 17.9810009002686 18.3660011291504 18.44700050354 18.4450016021729 18.5550003051758 18.7770004272461 18.9550018310547 19.125 19.3050003051758 19.3910007476807 19.5220012664795 19.6340007781982 19.6470012664795 19.6860008239746 19.5300006866455 19.375 19.1380004882812 19.0150012969971 18.984001159668 18.9900016784668 18.8229999542236 18.7240009307861 18.6570014953613 18.4860000610352
-3.4e+38 -3.4e+38 -3.4e+38 -3.4e+38 -3.4e+38 -3.4e+38 -3.4e+38 -3.4e+38 -3.4e+38 -3.4e+38 -3.4e+38 -3.4e+38 -3.4e+38 -3.4e+38 -3.4e+38 -3.4e+38 -3.4e+38 -3.4e+38 -3.4e+38 -3.4e+38 -3.4e+38 -3.4e+38 -3.4e+38 15.6870002746582 15.9850006103516 16.0170001983643 15.9060010910034 16.2630004882812 17.064001083374 17.6800003051758 18.2220001220703 18.234001159668 18.492000579834 18.6340007781982 18.8350009918213 18.9980010986328 19.0650005340576 19.2140007019043 19.4400005340576 19.4400005340576 19.4630012512207 19.4710006713867 19.3650016784668 19.2950000762939 19.1780014038086 19.0040016174316 18.931001663208 18.9160003662109 18.9160003662109 18.8250007629395 18.7990016937256 18.8090000152588 18.6730003356934
