PastLayers/vpdmin.asc
NCOLS 292 
NROWS 291 
XLLCORNER -87.6458333327872 
YLLCORNER 24.4791666666667 
CELLSIZE 0.0416666666669039 
NODATA_value -3.4e+38 
[rows 69 to 91 of 291, columns 106 to 158 of 292]
1.17900002002716 1.1710000038147 1.18700003623962 1.16600000858307 1.1580001115799 1.16800010204315 1.21400010585785 1.19600009918213 1.20000004768372 1.20500004291534 1.23500001430511 1.30200004577637 1.30600011348724 1.3050000667572 1.27300000190735 1.29900002479553 1.30400002002716 1.28200006484985 1.28600001335144 1.27600002288818 1.2700001001358 1.27500009536743 1.29200005531311 1.31000006198883 1.33800005912781 1.3400000333786 1.37200009822845 1.41300010681152 1.43500006198883 1.42300009727478 1.44000005722046 1.46300005912781 1.4870001077652 1.46700012683868 1.43400001525879 1.41600000858307 1.3950001001358 1.38100004196167 1.36500000953674 1.35000002384186 1.33700001239777 1.30300009250641 1.27300000190735 1.25200009346008 1.23400008678436 1.23500001430511 1.23900008201599 1.21600008010864 1.18700003623962 1.17599999904633 1.17300009727478 1.19900000095367 1.19700002670288
1.15400004386902 1.14900004863739 1.17000007629395 1.1800000667572 1.17000007629395 1.15900003910065 1.18300008773804 1.20600008964539 1.20000004768372 1.17400002479553 1.20700001716614 1.25800001621246 1.27900004386902 1.2940000295639 1.2720000743866 1.25800001621246 1.27900004386902 1.27700006961823 1.26000010967255 1.24900007247925 1.25500011444092 1.27600002288818 1.29900002479553 1.32300007343292 1.34200000762939 1.35600006580353 1.35300004482269 1.38900005817413 1.4190000295639 1.41600000858307 1.41500008106232 1.42300009727478 1.46400010585785 1.43800008296967 1.42000007629395 1.40300011634827 1.3860000371933 1.38000011444092 1.37000012397766 1.35800004005432 1.33800005912781 1.29800009727478 1.26300001144409 1.2260000705719 1.21000003814697 1.22500002384186 1.20100009441376 1.21900010108948 1.22900009155273 1.20000004768372 1.18500006198883 1.20600008964539 1.20900011062622
1.1450001001358 1.1360000371933 1.14100003242493 1.17700004577637 1.17700004577637 1.182000041008 1.18100011348724 1.17800009250641 1.1800000667572 1.19400000572205 1.18700003623962 1.21000003814697 1.23600006103516 1.26800000667572 1.2370001077652 1.28400003910065 1.27100002765656 1.25400006771088 1.25 1.25800001621246 1.2610000371933 1.27500009536743 1.29500007629395 1.29900002479553 1.30300009250641 1.32800006866455 1.36400008201599 1.36300003528595 1.37500011920929 1.42200005054474 1.44400012493134 1.42600011825562 1.4190000295639 1.40900003910065 1.40200006961823 1.39800012111664 1.37200009822845 1.36900007724762 1.36000001430511 1.35000002384186 1.34200000762939 1.29300010204315 1.24700009822845 1.24000000953674 1.23300004005432 1.22900009155273 1.2150000333786 1.23300004005432 1.22900009155273 1.24400007724762 1.23300004005432 1.21600008010864 1.22500002384186
1.125 1.12700009346008 1.14100003242493 1.18600010871887 1.20200002193451 1.21600008010864 1.21200001239777 1.20400011539459 1.20500004291534 1.20900011062622 1.21400010585785 1.22900009155273 1.23100006580353 1.24700009822845 1.27800011634827 1.28400003910065 1.27100002765656 1.26300001144409 1.24500000476837 1.24700009822845 1.24800002574921 1.25500011444092 1.25300002098083 1.26900005340576 1.28500008583069 1.29800009727478 1.32500004768372 1.34900009632111 1.3950001001358 1.45400011539459 1.48600006103516 1.45700001716614 1.4190000295639 1.42600011825562 1.39400005340576 1.37600004673004 1.36100006103516 1.36300003528595 1.35900008678436 1.34300005435944 1.33500003814697 1.30000007152557 1.26000010967255 1.24900007247925 1.24700009822845 1.25300002098083 1.2590000629425 1.24600005149841 1.24300003051758 1.25700008869171 1.25800001621246 1.25400006771088 1.25300002098083
1.13300001621246 1.12900006771088 1.13200008869171 1.17800009250641 1.21100008487701 1.22900009155273 1.23200011253357 1.22400009632111 1.24000000953674 1.24000000953674 1.25200009346008 1.25300002098083 1.2700001001358 1.28700006008148 1.2720000743866 1.27100002765656 1.2720000743866 1.26600003242493 1.24400007724762 1.24700009822845 1.25600004196167 1.25600004196167 1.24800002574921 1.26000010967255 1.26900005340576 1.32800006866455 1.39400005340576 1.41200006008148 1.3950001001358 1.4300000667572 1.47000002861023 1.44000005722046 1.3950001001358 1.37700009346008 1.36600005626678 1.35300004482269 1.35200011730194 1.34100008010864 1.34400010108948 1.33400011062622 1.31500005722046 1.2960000038147 1.28800010681152 1.27900004386902 1.26000010967255 1.29200005531311 1.29500007629395 1.29000008106232 1.2830001115799 1.27400004863739 1.26200008392334 1.26000010967255 1.24300003051758
1.13500010967255 1.13500010967255 1.15200006961823 1.1580001115799 1.1800000667572 1.20400011539459 1.20400011539459 1.22100007534027 1.21400010585785 1.25100004673004 1.26200008392334 1.26600003242493 1.29900002479553 1.28800010681152 1.27700006961823 1.28200006484985 1.26400005817413 1.26900005340576 1.25300002098083 1.25200009346008 1.25600004196167 1.23000001907349 1.25700008869171 1.26300001144409 1.27500009536743 1.34900009632111 1.41600000858307 1.43600010871887 1.42100012302399 1.36400008201599 1.40600001811981 1.37400007247925 1.33300006389618 1.34900009632111 1.3400000333786 1.32700002193451 1.32600009441376 1.32300007343292 1.3160001039505 1.30400002002716 1.29200005531311 1.27900004386902 1.26800000667572 1.27700006961823 1.32400012016296 1.32700002193451 1.32200002670288 1.32500004768372 1.31700003147125 1.30200004577637 1.29200005531311 1.2720000743866 1.24400007724762
1.14200007915497 1.15100002288818 1.15700006484985 1.15400004386902 1.17400002479553 1.20700001716614 1.22100007534027 1.21900010108948 1.22400009632111 1.24700009822845 1.26900005340576 1.27300000190735 1.30000007152557 1.29000008106232 1.27400004863739 1.27300000190735 1.26900005340576 1.25500011444092 1.24600005149841 1.24600005149841 1.2150000333786 1.22400009632111 1.2370001077652 1.22900009155273 1.29900002479553 1.35000002384186 1.40000009536743 1.43900001049042 1.46400010585785 1.31900000572205 1.25400006771088 1.26700007915497 1.32200002670288 1.31900000572205 1.28800010681152 1.28200006484985 1.2720000743866 1.28100001811981 1.27700006961823 1.28700006008148 1.27400004863739 1.27300000190735 1.26900005340576 1.2960000038147 1.32400012016296 1.34900009632111 1.36800003051758 1.37800002098083 1.36100006103516 1.33100008964539 1.31100010871887 1.29000008106232 1.24100005626678
1.15900003910065 1.15500009059906 1.15900003910065 1.15900003910065 1.16800010204315 1.17700004577637 1.20400011539459 1.2260000705719 1.23300004005432 1.22400009632111 1.23900008201599 1.28200006484985 1.26900005340576 1.27500009536743 1.26000010967255 1.24400007724762 1.23300004005432 1.22800004482269 1.23200011253357 1.23900008201599 1.2150000333786 1.21900010108948 1.23400008678436 1.23500001430511 1.24800002574921 1.28600001335144 1.33400011062622 1.2960000038147 1.31900000572205 1.19000005722046 1.18300008773804 1.20900011062622 1.26400005817413 1.27300000190735 1.24900007247925 1.23300004005432 1.21400010585785 1.22400009632111 1.24000000953674 1.2590000629425 1.26600003242493 1.26000010967255 1.28900003433228 1.31400001049042 1.34400010108948 1.36400008201599 1.39900004863739 1.4080001115799 1.40300011634827 1.37400007247925 1.33700001239777 1.31000006198883 1.27400004863739
1.16300010681152 1.15900003910065 1.1450001001358 1.14900004863739 1.15500009059906 1.17300009727478 1.19900000095367 1.22900009155273 1.21400010585785 1.1910001039505 1.2260000705719 1.25600004196167 1.26200008392334 1.24900007247925 1.2590000629425 1.25800001621246 1.22700011730194 1.21900010108948 1.20500004291534 1.21600008010864 1.19900000095367 1.22400009632111 1.22500002384186 1.21700000762939 1.23100006580353 1.21800005435944 1.19400000572205 1.23800003528595 1.19600009918213 1.13800001144409 1.12400007247925 1.15700006484985 1.21200001239777 1.24100005626678 1.2260000705719 1.19300007820129 1.16000008583069 1.17599999904633 1.21300005912781 1.23600006103516 1.25 1.26000010967255 1.29900002479553 1.3160001039505 1.35900008678436 1.40300011634827 1.42500007152557 1.45400011539459 1.432000041008 1.40000009536743 1.36000001430511 1.33500003814697 1.29900002479553
1.1580001115799 1.15200006961823 1.14000010490417 1.1450001001358 1.15400004386902 1.16400003433228 1.18400001525879 1.20000004768372 1.17599999904633 1.17500007152557 1.20600008964539 1.2260000705719 1.25800001621246 1.24500000476837 1.23900008201599 1.22500002384186 1.20800006389618 1.20100009441376 1.19600009918213 1.19200003147125 1.19600009918213 1.20900011062622 1.19500005245209 1.19300007820129 1.21400010585785 1.20800006389618 1.16400003433228 1.15400004386902 1.15500009059906 1.11700010299683 1.08800005912781 1.11400008201599 1.12999999523163 1.1690000295639 1.19000005722046 1.18900001049042 1.16400003433228 1.16300010681152 1.19600009918213 1.21300005912781 1.23800003528595 1.2610000371933 1.29000008106232 1.32400012016296 1.35800004005432 1.40700006484985 1.43800008296967 1.45100009441376 1.42600011825562 1.38800001144409 1.34400010108948 1.30900001525879 1.30200004577637
1.12800002098083 1.12800002098083 1.12600004673004 1.13500010967255 1.14600002765656 1.15700006484985 1.17300009727478 1.15500009059906 1.15500009059906 1.16000008583069 1.18100011348724 1.19400000572205 1.22500002384186 1.22400009632111 1.21400010585785 1.19700002670288 1.19900000095367 1.19900000095367 1.19700002670288 1.20400011539459 1.19500005245209 1.18600010871887 1.18500006198883 1.18300008773804 1.19800007343292 1.17700004577637 1.17200005054474 1.15500009059906 1.125 1.11000001430511 1.12400007247925 1.12600004673004 1.1120001077652 1.12200009822845 1.14800000190735 1.16800010204315 1.16600000858307 1.1690000295639 1.18900001049042 1.20400011539459 1.23200011253357 1.24900007247925 1.28500008583069 1.31200003623962 1.34300005435944 1.37000012397766 1.40000009536743 1.40400004386902 1.38000011444092 1.35800004005432 1.32900011539459 1.30200004577637 1.2940000295639
1.08600008487701 1.08400011062622 1.09300005435944 1.10400009155273 1.12900006771088 1.15000009536743 1.125 1.10800004005432 1.12400007247925 1.1360000371933 1.1690000295639 1.18600010871887 1.19000005722046 1.19700002670288 1.19700002670288 1.18300008773804 1.182000041008 1.18800008296967 1.19900000095367 1.20600008964539 1.19900000095367 1.18400001525879 1.17900002002716 1.14800000190735 1.16000008583069 1.17400002479553 1.14300000667572 1.12700009346008 1.12800002098083 1.12700009346008 1.11900007724762 1.11500000953674 1.12000000476837 1.10500001907349 1.10699999332428 1.11400008201599 1.1450001001358 1.17599999904633 1.19600009918213 1.20900011062622 1.21000003814697 1.24300003051758 1.25600004196167 1.29800009727478 1.32300007343292 1.33500003814697 1.33800005912781 1.34200000762939 1.3510000705719 1.3160001039505 1.32000005245209 1.28900003433228 1.27400004863739
1.05800008773804 1.06700003147125 1.06800007820129 1.0900000333786 1.10800004005432 1.11300003528595 1.10000002384186 1.09300005435944 1.11400008201599 1.12000000476837 1.15200006961823 1.15900003910065 1.16300010681152 1.18100011348724 1.18800008296967 1.17800009250641 1.17599999904633 1.18800008296967 1.19800007343292 1.19000005722046 1.182000041008 1.17400002479553 1.1690000295639 1.16400003433228 1.13500010967255 1.13100004196167 1.13300001621246 1.13500010967255 1.12999999523163 1.12999999523163 1.12700009346008 1.11400008201599 1.13200008869171 1.11600005626678 1.08900010585785 1.10199999809265 1.12900006771088 1.16500008106232 1.18300008773804 1.20600008964539 1.21800005435944 1.22000002861023 1.23100006580353 1.25 1.28500008583069 1.2940000295639 1.29200005531311 1.28700006008148 1.2960000038147 1.26200008392334 1.26300001144409 1.24600005149841 1.23200011253357
1.01800000667572 1.0440000295639 1.06100010871887 1.07200002670288 1.08400011062622 1.0900000333786 1.0900000333786 1.09300005435944 1.10300004482269 1.12100005149841 1.15000009536743 1.14000010490417 1.14900004863739 1.16400003433228 1.17700004577637 1.18100011348724 1.18300008773804 1.17000007629395 1.18300008773804 1.16700005531311 1.16800010204315 1.16700005531311 1.15700006484985 1.14600002765656 1.14900004863739 1.12700009346008 1.10900008678436 1.11500000953674 1.11900007724762 1.11700010299683 1.12400007247925 1.12999999523163 1.12900006771088 1.12000000476837 1.125 1.10000002384186 1.11500000953674 1.15100002288818 1.15700006484985 1.17400002479553 1.20400011539459 1.21600008010864 1.22500002384186 1.22500002384186 1.23000001907349 1.25400006771088 1.27300000190735 1.25600004196167 1.25500011444092 1.23300004005432 1.24800002574921 1.23500001430511 1.20600008964539
1.02500009536743 1.0440000295639 1.06500005722046 1.06400001049042 1.08200001716614 1.08000004291534 1.07500004768372 1.08700001239777 1.10199999809265 1.13100004196167 1.13100004196167 1.14800000190735 1.14400005340576 1.15400004386902 1.16600000858307 1.16500008106232 1.17599999904633 1.16500008106232 1.17700004577637 1.17800009250641 1.17000007629395 1.1710000038147 1.1690000295639 1.16700005531311 1.16200006008148 1.14100003242493 1.12700009346008 1.12900006771088 1.12200009822845 1.11600005626678 1.11400008201599 1.12900006771088 1.13700008392334 1.13300001621246 1.11100006103516 1.11600005626678 1.12000000476837 1.13700008392334 1.1580001115799 1.18400001525879 1.19900000095367 1.19400000572205 1.22000002861023 1.21000003814697 1.2150000333786 1.19900000095367 1.20600008964539 1.20700001716614 1.23300004005432 1.22000002861023 1.22700011730194 1.21200001239777 1.20300006866455
1.07100009918213 1.06700003147125 1.06900000572205 1.06400001049042 1.06500005722046 1.06500005722046 1.06700003147125 1.08600008487701 1.10000002384186 1.10500001907349 1.11300003528595 1.13900005817413 1.15299999713898 1.16200006008148 1.15200006961823 1.14300000667572 1.15299999713898 1.1710000038147 1.17900002002716 1.19300007820129 1.18700003623962 1.1690000295639 1.16200006008148 1.16300010681152 1.15600001811981 1.1450001001358 1.12600004673004 1.12600004673004 1.13300001621246 1.11600005626678 1.11600005626678 1.09800004959106 1.10000002384186 1.125 1.14300000667572 1.14300000667572 1.1470000743866 1.15400004386902 1.16400003433228 1.18600010871887 1.19400000572205 1.182000041008 1.18400001525879 1.18600010871887 1.17900002002716 1.15400004386902 1.16000008583069 1.16400003433228 1.1800000667572 1.1800000667572 1.18400001525879 1.17500007152557 1.17000007629395
1.10199999809265 1.0900000333786 1.07500004768372 1.05800008773804 1.06400001049042 1.0660001039505 1.07000005245209 1.08700001239777 1.08500003814697 1.10000002384186 1.11900007724762 1.12900006771088 1.13900005817413 1.14400005340576 1.1340000629425 1.13300001621246 1.13900005817413 1.15500009059906 1.1580001115799 1.16800010204315 1.1690000295639 1.1690000295639 1.17599999904633 1.16500008106232 1.14000010490417 1.14600002765656 1.15000009536743 1.12700009346008 1.14400005340576 1.1450001001358 1.12900006771088 1.12100005149841 1.13100004196167 1.11400008201599 1.12800002098083 1.13200008869171 1.12200009822845 1.12300002574921 1.13800001144409 1.1450001001358 1.15700006484985 1.15200006961823 1.15100002288818 1.15000009536743 1.1340000629425 1.11000001430511 1.14300000667572 1.1340000629425 1.1340000629425 1.13700008392334 1.14900004863739 1.14600002765656 1.14200007915497
1.11400008201599 1.08700001239777 1.06100010871887 1.06200003623962 1.07500004768372 1.08200001716614 1.07200002670288 1.08600008487701 1.09300005435944 1.08800005912781 1.09300005435944 1.10400009155273 1.10800004005432 1.1120001077652 1.11500000953674 1.12000000476837 1.12900006771088 1.13700008392334 1.15000009536743 1.15600001811981 1.16600000858307 1.15600001811981 1.15700006484985 1.16200006008148 1.14900004863739 1.13700008392334 1.14400005340576 1.12700009346008 1.14100003242493 1.14000010490417 1.16000008583069 1.16600000858307 1.13900005817413 1.12300002574921 1.125 1.12000000476837 1.1120001077652 1.10900008678436 1.11600005626678 1.11700010299683 1.12000000476837 1.13500010967255 1.12000000476837 1.10500001907349 1.08900010585785 1.08900010585785 1.12999999523163 1.11300003528595 1.10900008678436 1.11400008201599 1.11500000953674 1.11700010299683 1.12600004673004
1.10900008678436 1.0660001039505 1.02900004386902 1.0440000295639 1.07700002193451 1.09800004959106 1.10199999809265 1.09200000762939 1.07500004768372 1.06800007820129 1.07500004768372 1.08200001716614 1.08900010585785 1.09800004959106 1.09800004959106 1.10699999332428 1.11800003051758 1.12000000476837 1.13800001144409 1.14800000190735 1.13700008392334 1.15299999713898 1.15400004386902 1.15400004386902 1.1580001115799 1.14300000667572 1.14100003242493 1.12400007247925 1.12000000476837 1.13500010967255 1.16100001335144 1.14000010490417 1.1120001077652 1.10000002384186 1.09600007534027 1.10199999809265 1.11000001430511 1.11500000953674 1.1120001077652 1.12000000476837 1.13200008869171 1.12900006771088 1.11500000953674 1.11000001430511 1.08900010585785 1.06100010871887 1.10400009155273 1.0900000333786 1.0900000333786 1.10400009155273 1.11400008201599 1.11400008201599 1.12200009822845
1.11500000953674 1.08800005912781 1.06800007820129 1.0440000295639 1.0550000667572 1.08000004291534 1.08900010585785 1.0900000333786 1.057000041008 1.04700005054474 1.04500007629395 1.06400001049042 1.07400000095367 1.0789999961853 1.0900000333786 1.10800004005432 1.11000001430511 1.10699999332428 1.11900007724762 1.13900005817413 1.1470000743866 1.13500010967255 1.14400005340576 1.1360000371933 1.1340000629425 1.12900006771088 1.14400005340576 1.14800000190735 1.12999999523163 1.12900006771088 1.13100004196167 1.11500000953674 1.10199999809265 1.09600007534027 1.09200000762939 1.10000002384186 1.10500001907349 1.11000001430511 1.10199999809265 1.10400009155273 1.11900007724762 1.11800003051758 1.09800004959106 1.09100008010864 1.07500004768372 1.08000004291534 1.09900009632111 1.09400010108948 1.09900009632111 1.11500000953674 1.125 1.12400007247925 1.13200008869171
1.10400009155273 1.0900000333786 1.09600007534027 1.08500003814697 1.05599999427795 1.06700003147125 1.08800005912781 1.09800004959106 1.07800006866455 1.06000006198883 1.0440000295639 1.04900002479553 1.057000041008 1.05099999904633 1.06500005722046 1.08200001716614 1.08700001239777 1.09400010108948 1.1010000705719 1.10699999332428 1.10699999332428 1.09400010108948 1.10400009155273 1.11900007724762 1.12100005149841 1.12200009822845 1.125 1.13100004196167 1.13500010967255 1.13700008392334 1.14400005340576 1.13500010967255 1.11900007724762 1.10699999332428 1.09700000286102 1.09700000286102 1.10600006580353 1.10500001907349 1.11000001430511 1.09900009632111 1.10199999809265 1.09900009632111 1.11900007724762 1.09800004959106 1.06700003147125 1.057000041008 1.0789999961853 1.08800005912781 1.10300004482269 1.12200009822845 1.12600004673004 1.12300002574921 1.12300002574921
1.09800004959106 1.08200001716614 1.05900001525879 1.07500004768372 1.08400011062622 1.0550000667572 1.06000006198883 1.09400010108948 1.07800006866455 1.06900000572205 1.0440000295639 1.03700006008148 1.04700005054474 1.04500007629395 1.05800008773804 1.06900000572205 1.07400000095367 1.08300006389618 1.09400010108948 1.08600008487701 1.08200001716614 1.09800004959106 1.09800004959106 1.11000001430511 1.11900007724762 1.12200009822845 1.12700009346008 1.12700009346008 1.1360000371933 1.14800000190735 1.16300010681152 1.15500009059906 1.1450001001358 1.12600004673004 1.11000001430511 1.09400010108948 1.09600007534027 1.10699999332428 1.1010000705719 1.09700000286102 1.11500000953674 1.07200002670288 1.07100009918213 1.1010000705719 1.05900001525879 1.0550000667572 1.0789999961853 1.06500005722046 1.0900000333786 1.11800003051758 1.12999999523163 1.13100004196167 1.12300002574921
1.07400000095367 1.08400011062622 1.09100008010864 1.08900010585785 1.09300005435944 1.06400001049042 1.03900003433228 1.07400000095367 1.06300008296967 1.06000006198883 1.04900002479553 1.04500007629395 1.03800010681152 1.03299999237061 1.03500008583069 1.04900002479553 1.06400001049042 1.06100010871887 1.05400002002716 1.06700003147125 1.08000004291534 1.09300005435944 1.10300004482269 1.10000002384186 1.10400009155273 1.11800003051758 1.11000001430511 1.11300003528595 1.12900006771088 1.14200007915497 1.1580001115799 1.16100001335144 1.14400005340576 1.12800002098083 1.10699999332428 1.08300006389618 1.07500004768372 1.07800006866455 1.08100008964539 1.06800007820129 1.06400001049042 1.0660001039505 1.08600008487701 1.10500001907349 1.08400011062622 1.07600009441376 1.08700001239777 1.07400000095367 1.07700002193451 1.08900010585785 1.10900008678436 1.12400007247925 1.13900005817413
