PresentLayers/ppt.asc
NCOLS 292 
NROWS 291 
XLLCORNER -87.6458333327872 
YLLCORNER 24.4791666666667 
CELLSIZE 0.0416666666669039 
NODATA_value -3.4e+38 
[rows 72 to 95 of 291, columns 106 to 158 of 292]
1566.88012695312 1534.25903320312 1516.45910644531 1469.35009765625 1397.8291015625 1407.98010253906 1409.23010253906 1429.70007324219 1412.8291015625 1367.92004394531 1344.15905761719 1333.22009277344 1324.19006347656 1331.5791015625 1346.00903320312 1371.54907226562 1404.93908691406 1439.330078125 1425.0791015625 1397.89904785156 1418.44909667969 1477.92004394531 1499.19006347656 1505.09008789062 1529.39904785156 1546.91003417969 1483.48901367188 1430.17907714844 1363.39904785156 1295.39001464844 1274.27001953125 1293.2890625 1312.44909667969 1331.86010742188 1316.88000488281 1293.71008300781 1327.55004882812 1369.93005371094 1329.81909179688 1288.65905761719 1317.00012207031 1348.72900390625 1416.29907226562 1446.94006347656 1460.81909179688 1466.79907226562 1491.42004394531 1529.31005859375 1529.56005859375 1504.63012695312 1441.73901367188 1410.71008300781 1439.06005859375
1548.31909179688 1530.8291015625 1496.87902832031 1400.59912109375 1387.85009765625 1383.36901855469 1403.92907714844 1408.7900390625 1382.50903320312 1349.20007324219 1322.73901367188 1307.01904296875 1295.19006347656 1295.7490234375 1307.73010253906 1356.38903808594 1391.15905761719 1434.5791015625 1475.58911132812 1452.66906738281 1426.34008789062 1465.21911621094 1478.89001464844 1476.93005371094 1458.27001953125 1443.19006347656 1440.64904785156 1411.66906738281 1312.06909179688 1253.90905761719 1249.95910644531 1238.11010742188 1237.40905761719 1238.17004394531 1234.31005859375 1269.86010742188 1317.27001953125 1325.40905761719 1263.51000976562 1228.0791015625 1277.97009277344 1316.96911621094 1400.73010253906 1459.52001953125 1470.80908203125 1449.7890625 1459.46008300781 1470.6201171875 1468.31005859375 1457.66003417969 1420.9990234375 1418.73010253906 1461.23010253906
1541.18005371094 1530.76904296875 1458.85009765625 1375.56005859375 1374.97912597656 1354.71008300781 1365.70910644531 1359.15905761719 1334.25012207031 1284.52001953125 1290.16003417969 1331.4990234375 1344.09912109375 1327.04907226562 1307.61010742188 1331.84912109375 1356.38000488281 1381.47912597656 1440.85900878906 1466.93005371094 1431.830078125 1402.52905273438 1388.46911621094 1367.19909667969 1335.85009765625 1331.20910644531 1362.03002929688 1347.53002929688 1275.64001464844 1219.5791015625 1191.68005371094 1169.51904296875 1161.43005371094 1184.80908203125 1212.94909667969 1292.06909179688 1305.03002929688 1282.65002441406 1263.29907226562 1267.51904296875 1306.50903320312 1351.20910644531 1410.80004882812 1449.48010253906 1424.39904785156 1385.2490234375 1371.89904785156 1383.73010253906 1409.71008300781 1417.080078125 1403.06909179688 1421.47009277344 1455.67004394531
1534.7900390625 1518.6201171875 1433.10009765625 1386.0791015625 1353.94006347656 1340.14904785156 1331.580078125 1323.31005859375 1311.40905761719 1277.90905761719 1303.54907226562 1368.46911621094 1370.14904785156 1325.34912109375 1296.22009277344 1305.38903808594 1327.21911621094 1345.330078125 1375.88000488281 1409.50903320312 1398.74011230469 1349.11901855469 1311.37902832031 1292.25903320312 1287.41003417969 1307.27905273438 1353.70007324219 1321.58911132812 1255.80908203125 1197.09008789062 1155.34008789062 1134.19006347656 1143.93005371094 1177.64904785156 1213.51904296875 1260.63903808594 1280.60009765625 1275.30908203125 1275.78002929688 1288.64001464844 1323.34912109375 1339.37902832031 1375.50012207031 1403.05004882812 1361.39904785156 1320.21008300781 1306.43908691406 1328.52905273438 1374.46911621094 1408.97009277344 1397.15002441406 1384.81909179688 1398.14904785156
1514.2490234375 1486.46911621094 1417.49011230469 1383.73010253906 1356.93005371094 1356.63000488281 1334.91906738281 1330.91003417969 1344.46911621094 1331.73901367188 1332.30004882812 1361.67907714844 1359.91906738281 1328.86901855469 1298.12902832031 1295.12902832031 1316.76904296875 1326.02905273438 1334.30908203125 1358.41906738281 1372.26000976562 1353.77905273438 1330.47009277344 1334.330078125 1344.33911132812 1350.2900390625 1339.2890625 1279.83911132812 1228.68908691406 1192.91003417969 1147.64001464844 1129.23901367188 1163.23010253906 1190.86901855469 1224.27001953125 1220.48010253906 1225.06909179688 1231.96911621094 1256.67907714844 1314.75903320312 1355.91003417969 1334.10009765625 1343.31909179688 1368.6201171875 1357.46911621094 1338.16906738281 1316.77001953125 1347.65002441406 1391.09008789062 1444.65002441406 1420.39001464844 1364.10900878906 1342.72900390625
1487.29907226562 1450.98010253906 1403.12902832031 1384.2890625 1379.02905273438 1372.68908691406 1366.37902832031 1370.17004394531 1374.17907714844 1359.9990234375 1356.10009765625 1371.11010742188 1398.22009277344 1378.36010742188 1337.44909667969 1328.34912109375 1334.91003417969 1325.93005371094 1319.71008300781 1331.67907714844 1360.81005859375 1390.92004394531 1406.81909179688 1406.580078125 1389.90905761719 1365.44909667969 1329.47900390625 1269.91906738281 1213.91906738281 1163.19909667969 1141.27905273438 1141.63000488281 1168.79907226562 1184.40905761719 1188.86010742188 1191.05908203125 1207.35009765625 1231.73901367188 1311.27001953125 1395.1201171875 1389.8701171875 1310.36901855469 1302.6201171875 1343.8701171875 1386.63000488281 1388.1201171875 1354.02001953125 1385.7890625 1453.46911621094 1509.34912109375 1458.61901855469 1377.27001953125 1358.0400390625
1462.52001953125 1416.57006835938 1369.37902832031 1376.24011230469 1392.19006347656 1386.45910644531 1383.2490234375 1399.65002441406 1393.0791015625 1362.68005371094 1361.20007324219 1387.55004882812 1418.20007324219 1414.5390625 1364.97009277344 1332.39904785156 1330.74011230469 1325.22009277344 1322.01000976562 1326.28002929688 1346.90002441406 1403.2890625 1454.1201171875 1450.26904296875 1391.59008789062 1318.63903808594 1277.75 1247.27001953125 1214.77001953125 1178.61999511719 1179.52001953125 1209.830078125 1244.76000976562 1183.21911621094 1158.97900390625 1178.33911132812 1197.68005371094 1266.85900878906 1358.91906738281 1415.03002929688 1370.43005371094 1306.01000976562 1306.52001953125 1348.0390625 1402.1201171875 1397.69909667969 1360.24011230469 1390.14904785156 1467.71008300781 1503.21008300781 1463.3291015625 1420.2490234375 1417.25012207031
1428.59912109375 1365.88000488281 1316.11010742188 1314.27905273438 1339.38000488281 1345.68005371094 1350.39001464844 1383.95910644531 1372.13903808594 1322.58911132812 1317.31909179688 1340.0390625 1369.65002441406 1366.46911621094 1338.97900390625 1311.77905273438 1307.24011230469 1304.57006835938 1304.18908691406 1296.48010253906 1310.85009765625 1373.830078125 1433.34008789062 1436.90905761719 1382.45910644531 1299.35900878906 1257.30004882812 1254.32006835938 1234.01000976562 1216.69909667969 1223.4990234375 1263.77905273438 1273.10009765625 1196.19006347656 1156.26000976562 1172.91003417969 1207.76904296875 1285.39904785156 1339.37902832031 1345.13903808594 1321.94006347656 1305.66906738281 1311.82006835938 1365.59008789062 1405.85009765625 1389.45910644531 1394.02001953125 1433.60900878906 1465.35900878906 1474.80004882812 1450.25012207031 1434.33911132812 1454.82006835938
1374.47009277344 1294.65905761719 1267.39904785156 1254.72009277344 1273.23901367188 1288.06909179688 1313.91003417969 1355.02905273438 1315.3701171875 1260.92004394531 1258.51000976562 1273.22009277344 1304.41906738281 1314.69909667969 1318.73010253906 1321.22900390625 1299.18908691406 1269.02905273438 1250.5 1262.45007324219 1287.55908203125 1320.42004394531 1360.99011230469 1374.7490234375 1333.15002441406 1272.70910644531 1242.27001953125 1238.90002441406 1246 1257.3291015625 1261.13903808594 1265.39904785156 1234.8701171875 1179.5390625 1136.07006835938 1150.85900878906 1215.34008789062 1268.97009277344 1292.98010253906 1280.55004882812 1268.08911132812 1275.98901367188 1301.42004394531 1386.84912109375 1428.51904296875 1418.27001953125 1458.02905273438 1499.85913085938 1483.97009277344 1455.41003417969 1447.15905761719 1438.15002441406 1448.81005859375
1301.31005859375 1255.86010742188 1250.09899902344 1246.10900878906 1257.97900390625 1274.09912109375 1303.02905273438 1322.92004394531 1271.91906738281 1222.99011230469 1245.12902832031 1277.0400390625 1285.52001953125 1292.36010742188 1315.13000488281 1337.55004882812 1308.74011230469 1254.5 1221.17907714844 1239.19006347656 1267.95910644531 1265.44909667969 1266.97900390625 1276.41003417969 1257.94909667969 1240.14904785156 1228.25903320312 1247.71008300781 1277.92004394531 1290.46911621094 1278.10900878906 1262.07006835938 1227.96008300781 1181.90002441406 1152.53002929688 1184.20910644531 1229.21008300781 1259.51000976562 1267.52905273438 1249.64001464844 1238.41003417969 1271.77001953125 1318.09912109375 1388.85900878906 1436.0390625 1432.00903320312 1447.30908203125 1488.4990234375 1501.22912597656 1465.61010742188 1460.95910644531 1462.43005371094 1458.43005371094
1244.90002441406 1246.95007324219 1251.7900390625 1265.22009277344 1252.35900878906 1253.0390625 1274.67907714844 1283.67907714844 1254.71008300781 1234.05908203125 1254.26904296875 1277.39001464844 1274.74011230469 1267.10900878906 1287.36010742188 1319.06005859375 1306.88000488281 1257.82006835938 1214.1201171875 1218.45910644531 1243.6201171875 1239.92907714844 1213.25 1204.21911621094 1199.56909179688 1202.26000976562 1218.6201171875 1253.90905761719 1269.63903808594 1267.9990234375 1256.56909179688 1257.77905273438 1238.93005371094 1217.00903320312 1229.31909179688 1269.70007324219 1248.27001953125 1244.78002929688 1246.3701171875 1233.75903320312 1224.6201171875 1267 1299.85900878906 1338.89001464844 1401.830078125 1423.27001953125 1432.85009765625 1477.73901367188 1498.19909667969 1485.73901367188 1479.46008300781 1501.65002441406 1492.97009277344
1233.86010742188 1239.17004394531 1251.10900878906 1272.35900878906 1251.080078125 1247.56909179688 1270.92907714844 1294.6201171875 1295.5400390625 1292.34008789062 1280.89001464844 1285.88000488281 1289.68908691406 1267.96911621094 1258.31005859375 1276.55004882812 1279.56909179688 1253.73010253906 1218.42907714844 1219.40905761719 1258.20007324219 1267.3701171875 1233.38000488281 1203.37902832031 1197.93908691406 1207.25903320312 1221.20910644531 1247.06909179688 1251.41906738281 1257.52905273438 1274.78002929688 1276.29907226562 1250.70007324219 1223.98010253906 1238.23010253906 1273.39904785156 1240.73010253906 1237.81909179688 1240.21008300781 1215.25903320312 1204.64001464844 1251.32006835938 1298.10900878906 1331.15905761719 1386.20007324219 1404.39904785156 1404.45910644531 1426.27001953125 1450.75903320312 1460.41003417969 1466.52905273438 1516.83911132812 1510.88903808594
1236.11010742188 1226.43005371094 1247.41906738281 1264.43908691406 1251.4990234375 1258.85900878906 1285.98901367188 1319.92004394531 1329.51904296875 1342.17907714844 1334.830078125 1341.38903808594 1329.17004394531 1296.81909179688 1285.96911621094 1278.68908691406 1241.14001464844 1215.11010742188 1206.3701171875 1223.580078125 1259.69006347656 1301.00012207031 1310.72900390625 1281.51904296875 1275.36010742188 1283.59008789062 1278.78002929688 1286.69909667969 1308.51000976562 1317.20910644531 1302.26000976562 1279.37902832031 1233.77001953125 1182.51000976562 1172.09008789062 1179.67004394531 1203.25 1229.43908691406 1233.55908203125 1199.03002929688 1190.72009277344 1256.71911621094 1313.55908203125 1335.67907714844 1363.32006835938 1339.00903320312 1321.45910644531 1327.46008300781 1366.85009765625 1419.64904785156 1458.86010742188 1483.05908203125 1467.41003417969
1284.60900878906 1282.64904785156 1277.38903808594 1298.0390625 1273.39904785156 1254.59899902344 1263.17907714844 1311.33911132812 1359.22009277344 1384.35900878906 1374.07006835938 1359.00903320312 1332.94006347656 1311.70007324219 1295.0390625 1260.69909667969 1213.71911621094 1220.40002441406 1257.26904296875 1290.77001953125 1309.21911621094 1338.37902832031 1377.3701171875 1367.70910644531 1330.09912109375 1312.80004882812 1308.0791015625 1306.81909179688 1292.43908691406 1286.59008789062 1270.45007324219 1246.0400390625 1212.87902832031 1169.25 1160.51904296875 1174.91003417969 1204.90002441406 1231.64001464844 1229.81005859375 1210.13903808594 1207.5 1257.43908691406 1297.37902832031 1300.13903808594 1303.70910644531 1305.03002929688 1310.59912109375 1297.52905273438 1314.93908691406 1377.36901855469 1405.92907714844 1387.830078125 1388.62902832031
1348.97900390625 1325.05908203125 1301.35009765625 1299.20910644531 1266.28002929688 1230.95910644531 1228.94909667969 1296.5791015625 1362.59008789062 1375.07006835938 1362.39001464844 1346.01904296875 1313.13903808594 1311.31005859375 1275.69006347656 1232.830078125 1236.75 1286.45007324219 1348.21008300781 1391.36010742188 1431.07006835938 1416.01000976562 1397.80004882812 1362.89001464844 1305.25903320312 1267.60900878906 1252.0390625 1246.5 1244.33911132812 1243.29907226562 1227.63903808594 1211.43005371094 1220.07006835938 1203.89904785156 1190.05908203125 1203.34008789062 1230.22900390625 1249.09008789062 1246.5400390625 1227.06909179688 1213.96008300781 1245.5 1252.7900390625 1255.92004394531 1263.06909179688 1305.15905761719 1321.59912109375 1298.17907714844 1299.13000488281 1327.31005859375 1348.64001464844 1365.72009277344 1401.92907714844
1263.06005859375 1258.46008300781 1250.75 1264.76904296875 1238.63000488281 1203.39904785156 1190.12902832031 1245.87902832031 1324.03002929688 1360.50012207031 1350.50903320312 1295.75903320312 1257.56909179688 1299.26000976562 1261.92907714844 1236.84899902344 1273.31909179688 1319.98901367188 1373.08911132812 1415.59008789062 1451.52001953125 1429.03002929688 1359.36010742188 1321.72900390625 1294.3291015625 1237.330078125 1198.74011230469 1191.8291015625 1205.69006347656 1199.02001953125 1189.45007324219 1204.72900390625 1254.0390625 1276.92004394531 1280.35009765625 1262.71008300781 1275.68005371094 1279.13000488281 1244.72009277344 1212.25 1198.17004394531 1212.40002441406 1214.3701171875 1236.41003417969 1262.76000976562 1294.39904785156 1297.90905761719 1282.34912109375 1261.41906738281 1265.00903320312 1299.94006347656 1334.49011230469 1368.23010253906
1181.5400390625 1181.31005859375 1183.3701171875 1206.53002929688 1208.56909179688 1192.3701171875 1184.95007324219 1199.98901367188 1252.56909179688 1267.54907226562 1243.8701171875 1216.45007324219 1198.73010253906 1209.65002441406 1222.86010742188 1226.48901367188 1245.84899902344 1294.20910644531 1354.69909667969 1396.35900878906 1395.2900390625 1352.580078125 1307.82006835938 1294.00903320312 1259.45007324219 1212.74011230469 1209.53002929688 1219.05908203125 1215.34899902344 1184.36010742188 1186.71911621094 1237.35009765625 1283.75 1313.1201171875 1332.44909667969 1309.90002441406 1310.31005859375 1325.25012207031 1268.13903808594 1228.40002441406 1225.86010742188 1242.51904296875 1259.96008300781 1263.58911132812 1264.95910644531 1281.81909179688 1286.15002441406 1283.42004394531 1279.05908203125 1266.28002929688 1266.22009277344 1287.19006347656 1310.72009277344
1111.45007324219 1108.58911132812 1137.39001464844 1159.92004394531 1182.52001953125 1216.94006347656 1227.81909179688 1212.46008300781 1187.19006347656 1182.57006835938 1189.56005859375 1208.59008789062 1208.91003417969 1222.02905273438 1236.71911621094 1236.44006347656 1242.11901855469 1286.080078125 1321.62902832031 1333.85900878906 1326.77001953125 1292.28002929688 1245.70007324219 1211.43005371094 1193.20910644531 1186.7890625 1191.11901855469 1186.89001464844 1188.98010253906 1190.27001953125 1212.5791015625 1223.81005859375 1230.8291015625 1253.59899902344 1287.61010742188 1302.80908203125 1294.28002929688 1268.8701171875 1253.42004394531 1278.7490234375 1303.70910644531 1298.59008789062 1313.21008300781 1281.36901855469 1272.75903320312 1266.52905273438 1255.25903320312 1260.42907714844 1264.44909667969 1252.77905273438 1256.56909179688 1286.4990234375 1305.29907226562
1078.42004394531 1085.09899902344 1107.22900390625 1148.31005859375 1237.68908691406 1258.73901367188 1176.64904785156 1152.73010253906 1164.21008300781 1179.33911132812 1191.41003417969 1216.42907714844 1200.65002441406 1210.56909179688 1252.68005371094 1265.84008789062 1268.18908691406 1296.72900390625 1294.74011230469 1280.01000976562 1257.39904785156 1228.73010253906 1199.7900390625 1167.84899902344 1134.27905273438 1117.5791015625 1109.89001464844 1087.8291015625 1101.95910644531 1126.68005371094 1157.50903320312 1174.64001464844 1181.72009277344 1210.46008300781 1234.67004394531 1253.31005859375 1255.32006835938 1241.17004394531 1226.0390625 1245.62902832031 1246.25903320312 1251.02905273438 1244.5400390625 1221.0390625 1206.62902832031 1192.73010253906 1197.0400390625 1204.55908203125 1206.44909667969 1227.31909179688 1258.29907226562 1295.76904296875 1316.14001464844
1084.62902832031 1089.61010742188 1079.36999511719 1081.77001953125 1118.43908691406 1146.98010253906 1146.65905761719 1145.98901367188 1156.92004394531 1169.00903320312 1180.92004394531 1209.48901367188 1202.89904785156 1226.80908203125 1262.2890625 1261.24011230469 1254.51000976562 1259.03002929688 1256.72009277344 1240.69006347656 1222.00903320312 1206.1201171875 1178.27905273438 1145.52905273438 1110.36901855469 1076.30004882812 1077.17004394531 1071.30004882812 1075.0390625 1082.27001953125 1133.88903808594 1172.93908691406 1180.95910644531 1225.30004882812 1249.75903320312 1244.57006835938 1241.33911132812 1222.33911132812 1206.9990234375 1186.52905273438 1179.63903808594 1189.93005371094 1204.70007324219 1208 1190.51000976562 1173.90905761719 1166.77905273438 1175.47900390625 1229.1201171875 1339.40002441406 1352.77905273438 1327.26000976562 1316.86901855469
1122.32006835938 1136.70910644531 1110.55004882812 1119.0791015625 1152.52905273438 1190.36010742188 1184.72009277344 1194.73901367188 1172.21008300781 1158.45910644531 1160.47900390625 1191.2890625 1226.19006347656 1245.96008300781 1253.55908203125 1260.30908203125 1269.88903808594 1268.92907714844 1246.60009765625 1200.06005859375 1167.830078125 1144.95910644531 1120.5 1124.01904296875 1117.13903808594 1085.14904785156 1081.31005859375 1048.47009277344 1013.82006835938 1040.46899414062 1097.57006835938 1146.01904296875 1186.44909667969 1250.12902832031 1299.65905761719 1314.580078125 1273.31005859375 1236 1202.46911621094 1170.66003417969 1171.19909667969 1153.70007324219 1157.77905273438 1177.19909667969 1182.84899902344 1163.51904296875 1171.01904296875 1200.51904296875 1246.19909667969 1306.31005859375 1329.8291015625 1396.35900878906 1375.28002929688
1182.48010253906 1179.37902832031 1177.13000488281 1184.45910644531 1199.0791015625 1211.29907226562 1217.56909179688 1228.17907714844 1214.0400390625 1199.5 1181.580078125 1190.81909179688 1199.23901367188 1228.84899902344 1243.18005371094 1252.75 1248.65002441406 1248.74011230469 1235.13903808594 1174.06909179688 1118.97900390625 1103.92907714844 1119.13000488281 1127.48901367188 1111.51904296875 1071.54907226562 1034.72900390625 1005.18005371094 1003.75903320312 1043.86901855469 1145.75 1224.90002441406 1234.27905273438 1279.84008789062 1303.14904785156 1269.5400390625 1247.97009277344 1234.80908203125 1237.18908691406 1215.84899902344 1189.13000488281 1173.59008789062 1184.01904296875 1189.17004394531 1199.88903808594 1198.0791015625 1198.44909667969 1222.98010253906 1243.60900878906 1234.99011230469 1321.66906738281 1429.30004882812 1333.65905761719
1206.0390625 1217.11010742188 1211.89001464844 1205.04907226562 1229.3291015625 1268.49011230469 1250.01000976562 1252.95007324219 1250.51000976562 1231.51904296875 1226.42907714844 1214.04907226562 1195.7490234375 1196.58911132812 1206.02001953125 1213.48901367188 1213.92004394531 1220.56909179688 1227.88903808594 1194.72900390625 1164.47009277344 1155.31909179688 1176.34008789062 1205.37902832031 1158.22009277344 1051.72009277344 983.569030761719 978.059020996094 1012.08905029297 1074.81909179688 1180.77905273438 1269.5390625 1326.60900878906 1348.13903808594 1285.96911621094 1218.46911621094 1222.31909179688 1212.82006835938 1205.97009277344 1200.63903808594 1214.15002441406 1236.68908691406 1223.5791015625 1197.580078125 1187.51000976562 1189.70007324219 1188.64904785156 1197.05004882812 1221.57006835938 1215.41003417969 1198.8291015625 1244.03002929688 1101.41906738281
1225.95910644531 1199.90002441406 1172.19909667969 1171.04907226562 1195.63903808594 1245.47900390625 1249.63903808594 1253.55908203125 1247.64904785156 1269.22900390625 1295.66906738281 1249.93005371094 1192.93908691406 1180.18005371094 1193.10009765625 1207.02001953125 1217.25 1242.34899902344 1257.92907714844 1225.96008300781 1184.75903320312 1175.03002929688 1178.53002929688 1172.7890625 1126.55004882812 1049.3291015625 995.439025878906 1012.82904052734 1052.15905761719 1086.54907226562 1155.7900390625 1188.16906738281 1267.73010253906 1278.97900390625 1221.17004394531 1164.51000976562 1157.19909667969 1136.79907226562 1123.830078125 1131.80908203125 1169.94006347656 1219.86010742188 1214.09899902344 1182.0791015625 1140.60009765625 1157.74011230469 1192.43908691406 1188.67907714844 1188.30004882812 1191.49011230469 1148.02001953125 1089.88903808594 1061.56005859375
