PresentLayers/ppt.asc
NCOLS 292 
NROWS 291 
XLLCORNER -87.6458333327872 
YLLCORNER 24.4791666666667 
CELLSIZE 0.0416666666669039 
NODATA_value -3.4e+38 
[rows 216 to 239 of 291, columns 106 to 158 of 292]
-3.4e+38 -3.4e+38 -3.4e+38 -3.4e+38 -3.4e+38 -3.4e+38 -3.4e+38 -3.4e+38 -3.4e+38 -3.4e+38 -3.4e+38 -3.4e+38 -3.4e+38 -3.4e+38 -3.4e+38 1190.72900390625 1267.81005859375 1356.25903320312 1379.86010742188 1333.31909179688 1326.70910644531 1396.50012207031 1445.36901855469 1456.71911621094 1496.35009765625 1577.46008300781 1609.34008789062 1522.90002441406 1470.58911132812 1490.50903320312 1545.0791015625 1578.18908691406 1590.67907714844 1597.06909179688 1531.19006347656 1542.07006835938 1545.59912109375 1484.26000976562 1470.02001953125 1490.91906738281 1516.76013183594 1535.60009765625 1570.41003417969 1601.90905761719 1554.19006347656 1530.76904296875 1581.84008789062 1576.50012207031 1465.17907714844 1449.74011230469 1480.43908691406 1567.03002929688 1642.33911132812
-3.4e+38 -3.4e+38 -3.4e+38 -3.4e+38 -3.4e+38 -3.4e+38 -3.4e+38 -3.4e+38 -3.4e+38 -3.4e+38 -3.4e+38 -3.4e+38 -3.4e+38 -3.4e+38 1258.64001464844 1282.36010742188 1332.93005371094 1396.87902832031 1426.81005859375 1415.86901855469 1414.74011230469 1469.46008300781 1502.80004882812 1486.88903808594 1433.30004882812 1462.37902832031 1533.03002929688 1503.26013183594 1463.71008300781 1491.8291015625 1559.54907226562 1576.18005371094 1577.69909667969 1562.97009277344 1516.50903320312 1517.86901855469 1507.45007324219 1488.60913085938 1453.12902832031 1457.00903320312 1435.02001953125 1496.85913085938 1552.26013183594 1597.56909179688 1524.47009277344 1461.88903808594 1467.17004394531 1432.55004882812 1390.10009765625 1392.42907714844 1443.48010253906 1527.0400390625 1591.96008300781
-3.4e+38 -3.4e+38 -3.4e+38 -3.4e+38 -3.4e+38 -3.4e+38 -3.4e+38 -3.4e+38 -3.4e+38 -3.4e+38 -3.4e+38 -3.4e+38 1254.00903320312 1273.72900390625 1299.41003417969 1361.84008789062 1383.77001953125 1432.4990234375 1470.57006835938 1420.81005859375 1423.38012695312 1433.02905273438 1446.26000976562 1453.72912597656 1434.42907714844 1425.86901855469 1488.74011230469 1494.93908691406 1512.25012207031 1559.48010253906 1592.73010253906 1578.75012207031 1565.73901367188 1528.42907714844 1527.20007324219 1512.37902832031 1459.59912109375 1438.55908203125 1415.10009765625 1405.95007324219 1368.83911132812 1435.45910644531 1575.09008789062 1601.52001953125 1425.40002441406 1330.80908203125 1353.98901367188 1345.02905273438 1331.20910644531 1337.0400390625 1404.02905273438 1441.74011230469 1471.56909179688
-3.4e+38 -3.4e+38 -3.4e+38 -3.4e+38 -3.4e+38 -3.4e+38 -3.4e+38 -3.4e+38 -3.4e+38 -3.4e+38 -3.4e+38 -3.4e+38 -3.4e+38 1234.22009277344 1254.43908691406 1317.72900390625 1347.80004882812 1382.84008789062 1502.3291015625 1550.06005859375 1444.59008789062 1349.18908691406 1378.8291015625 1446.46911621094 1511.42907714844 1530.8291015625 1549.14001464844 1567.45910644531 1618.42004394531 1619.15905761719 1578.22912597656 1555.67907714844 1516.40905761719 1484.21008300781 1511.78002929688 1477.25903320312 1428.19006347656 1428.80908203125 1445.3701171875 1403.26904296875 1401.02001953125 1481.13903808594 1600.44006347656 1557.38012695312 1366.21911621094 1252.63903808594 1276.64904785156 1309.45007324219 1343.77001953125 1319.66906738281 1322.13903808594 1322.40905761719 1336.0791015625
-3.4e+38 -3.4e+38 -3.4e+38 -3.4e+38 -3.4e+38 -3.4e+38 -3.4e+38 -3.4e+38 -3.4e+38 -3.4e+38 -3.4e+38 -3.4e+38 -3.4e+38 1206.64001464844 1188.40002441406 1233.55004882812 1278.97900390625 1299.36010742188 1392.4990234375 1485.40905761719 1426.30004882812 1352.40002441406 1389.61901855469 1479.36901855469 1555.52001953125 1579.69909667969 1549.46008300781 1548.64904785156 1577.5400390625 1550.40002441406 1516.46911621094 1525.65002441406 1487.99011230469 1436.70910644531 1467.90002441406 1464.49011230469 1482.48010253906 1509.14001464844 1532.10009765625 1487.65002441406 1476.02001953125 1541.14001464844 1599.52905273438 1574.0390625 1458.55004882812 1300.75012207031 1234.15905761719 1261.60009765625 1355.19909667969 1329.57006835938 1231.13000488281 1198.61010742188 1222.01000976562
-3.4e+38 -3.4e+38 -3.4e+38 -3.4e+38 -3.4e+38 -3.4e+38 -3.4e+38 -3.4e+38 -3.4e+38 -3.4e+38 -3.4e+38 -3.4e+38 -3.4e+38 -3.4e+38 1089.580078125 1126.37902832031 1149.69006347656 1207.64001464844 1359.50012207031 1462.68005371094 1448.85009765625 1434.40002441406 1469.22009277344 1539.85913085938 1603.46008300781 1598.17004394531 1538.76904296875 1489.20007324219 1474.17004394531 1469.18908691406 1546.80908203125 1560.1201171875 1530.53002929688 1487.18908691406 1463.14904785156 1491.04907226562 1596.39904785156 1584.39904785156 1612.52001953125 1568.64001464844 1519.51013183594 1541.48901367188 1576.84008789062 1628.080078125 1570.75903320312 1381.43005371094 1267.0390625 1279.21911621094 1355.61010742188 1340.01000976562 1236.34008789062 1188.3701171875 1167.78002929688
-3.4e+38 -3.4e+38 -3.4e+38 -3.4e+38 -3.4e+38 -3.4e+38 -3.4e+38 -3.4e+38 -3.4e+38 -3.4e+38 -3.4e+38 -3.4e+38 -3.4e+38 -3.4e+38 -3.4e+38 1098.86999511719 1170.21008300781 1283.25903320312 1415.22912597656 1467.72912597656 1460.9990234375 1496.43005371094 1556.19006347656 1598.53002929688 1591.43005371094 1581.39001464844 1545.63012695312 1464.2890625 1410.36901855469 1436.72912597656 1570.15002441406 1600.26013183594 1566.95007324219 1538.85009765625 1497.90002441406 1555.2890625 1677.24011230469 1632.7490234375 1639.80908203125 1628.61901855469 1590.48010253906 1618.73010253906 1660.22009277344 1667.60009765625 1670.76904296875 1491.88012695312 1336.25903320312 1324.76904296875 1340.5400390625 1321.34912109375 1309.17004394531 1266.6201171875 1185.57006835938
-3.4e+38 -3.4e+38 -3.4e+38 -3.4e+38 -3.4e+38 -3.4e+38 -3.4e+38 -3.4e+38 -3.4e+38 -3.4e+38 -3.4e+38 -3.4e+38 -3.4e+38 -3.4e+38 -3.4e+38 -3.4e+38 1214.55004882812 1256.88000488281 1370.62902832031 1426.0791015625 1479.5791015625 1551.05908203125 1572.18005371094 1570.80908203125 1530.91906738281 1496.66003417969 1465.52905273438 1421.86010742188 1364.23010253906 1399.8701171875 1530.95910644531 1612.39904785156 1593.41003417969 1545.10009765625 1507.21911621094 1576.77905273438 1680.47912597656 1634.24011230469 1632.16906738281 1669.9990234375 1698.2900390625 1723.01013183594 1735.89013671875 1757.580078125 1742.43908691406 1629.25903320312 1475.34008789062 1368.38000488281 1247.7900390625 1231.43005371094 1290.78002929688 1298.73901367188 1225.70007324219
-3.4e+38 -3.4e+38 -3.4e+38 -3.4e+38 -3.4e+38 -3.4e+38 -3.4e+38 -3.4e+38 -3.4e+38 -3.4e+38 -3.4e+38 -3.4e+38 -3.4e+38 -3.4e+38 -3.4e+38 -3.4e+38 -3.4e+38 1169.51000976562 1260.41003417969 1405.68908691406 1538.22009277344 1622.95007324219 1620.01013183594 1564.0390625 1461.66906738281 1405.38903808594 1370.71911621094 1365.69909667969 1385.73901367188 1417.27905273438 1481.72009277344 1562.63903808594 1546.59912109375 1495.98010253906 1451.78002929688 1483.17907714844 1576.27001953125 1602.7890625 1649.2490234375 1668.47912597656 1686.81005859375 1693.8291015625 1715.8291015625 1747.90002441406 1791.23010253906 1745.84008789062 1601.09912109375 1470.38903808594 1275.82006835938 1247.88000488281 1293.70007324219 1282.66003417969 1205.10009765625
-3.4e+38 -3.4e+38 -3.4e+38 -3.4e+38 -3.4e+38 -3.4e+38 -3.4e+38 -3.4e+38 -3.4e+38 -3.4e+38 -3.4e+38 -3.4e+38 -3.4e+38 -3.4e+38 -3.4e+38 -3.4e+38 -3.4e+38 1190.86010742188 1262.32006835938 1383.93908691406 1562.65002441406 1676.81909179688 1691.69006347656 1623.22912597656 1475.3291015625 1381.51000976562 1328.6201171875 1368.16906738281 1502.76013183594 1509.92004394531 1489.07006835938 1555.80908203125 1545.55908203125 1421.93005371094 1389.80004882812 1422.25012207031 1506.95007324219 1605.09912109375 1671.8701171875 1712.66906738281 1727.8291015625 1648.51013183594 1641.09912109375 1652.94909667969 1697.76904296875 1715.36010742188 1614.23913574219 1568.02905273438 1387.56909179688 1317.40905761719 1308.66003417969 1253.90905761719 1135.25
-3.4e+38 -3.4e+38 -3.4e+38 -3.4e+38 -3.4e+38 -3.4e+38 -3.4e+38 -3.4e+38 -3.4e+38 -3.4e+38 -3.4e+38 -3.4e+38 -3.4e+38 -3.4e+38 -3.4e+38 -3.4e+38 -3.4e+38 -3.4e+38 1273.76904296875 1378.0390625 1540.97912597656 1610.11010742188 1598.00903320312 1557.20910644531 1453.24011230469 1384.5400390625 1353.7890625 1435.34912109375 1599.29907226562 1628.31005859375 1571.75012207031 1543.92907714844 1476.42907714844 1392.93908691406 1418.64904785156 1434.79907226562 1519.0400390625 1634.10913085938 1663.79907226562 1705.27905273438 1772.34008789062 1682.27001953125 1621.25903320312 1631.3701171875 1624.61010742188 1577.02001953125 1524.68005371094 1469.23010253906 1360.85900878906 1295.7890625 1260.55004882812 1201.70007324219 1131.95910644531
-3.4e+38 -3.4e+38 -3.4e+38 -3.4e+38 -3.4e+38 -3.4e+38 -3.4e+38 -3.4e+38 -3.4e+38 -3.4e+38 -3.4e+38 -3.4e+38 -3.4e+38 -3.4e+38 -3.4e+38 -3.4e+38 -3.4e+38 -3.4e+38 1229.36010742188 1370.51904296875 1521.71911621094 1533.21008300781 1488.02001953125 1442.67907714844 1380.71911621094 1423.41906738281 1410.2900390625 1460.15002441406 1552.79907226562 1638.95007324219 1611.01013183594 1478.16003417969 1418.95910644531 1410.48901367188 1426.27001953125 1454.63903808594 1550.2900390625 1655.74011230469 1621.2490234375 1661.38903808594 1714.5400390625 1633.10913085938 1572.30908203125 1620.26013183594 1630.19909667969 1532.56909179688 1457.5400390625 1362.51000976562 1294.20910644531 1293.98901367188 1238.97900390625 1180.11010742188 1126.94909667969
-3.4e+38 -3.4e+38 -3.4e+38 -3.4e+38 -3.4e+38 -3.4e+38 -3.4e+38 -3.4e+38 -3.4e+38 -3.4e+38 -3.4e+38 -3.4e+38 -3.4e+38 -3.4e+38 -3.4e+38 -3.4e+38 -3.4e+38 -3.4e+38 -3.4e+38 1381.1201171875 1511.06909179688 1544.5390625 1491.18005371094 1389.25903320312 1389.70007324219 1444.85009765625 1465.57006835938 1439.22912597656 1426.73901367188 1482.56005859375 1553.27905273438 1403.37902832031 1354.54907226562 1402.35009765625 1412.830078125 1455.93908691406 1560.88903808594 1610.97912597656 1617.43005371094 1618.11010742188 1589.94909667969 1555.73010253906 1548.18005371094 1647.92907714844 1609.34912109375 1526.13903808594 1439.30908203125 1314.26000976562 1277.70910644531 1290.86010742188 1254.52001953125 1200.0791015625 1131.80908203125
-3.4e+38 -3.4e+38 -3.4e+38 -3.4e+38 -3.4e+38 -3.4e+38 -3.4e+38 -3.4e+38 -3.4e+38 -3.4e+38 -3.4e+38 -3.4e+38 -3.4e+38 -3.4e+38 -3.4e+38 -3.4e+38 -3.4e+38 -3.4e+38 -3.4e+38 1322.52001953125 1453.18005371094 1547.06005859375 1497.49011230469 1358.52001953125 1407.0791015625 1502.580078125 1478.04907226562 1359.72009277344 1297.91906738281 1355.36901855469 1477.91906738281 1470.36901855469 1372.49011230469 1421.90905761719 1394.19909667969 1428.94909667969 1547.51904296875 1590.71008300781 1663.91906738281 1558.36010742188 1491.95910644531 1554.080078125 1607.49011230469 1681.35009765625 1643.13903808594 1579.94006347656 1513.80004882812 1406.16906738281 1351.87902832031 1304.48901367188 1229.19006347656 1160.42004394531 1088.45910644531
-3.4e+38 -3.4e+38 -3.4e+38 -3.4e+38 -3.4e+38 -3.4e+38 -3.4e+38 -3.4e+38 -3.4e+38 -3.4e+38 -3.4e+38 -3.4e+38 -3.4e+38 -3.4e+38 -3.4e+38 -3.4e+38 -3.4e+38 -3.4e+38 -3.4e+38 -3.4e+38 1198.97009277344 1339.47900390625 1438.71008300781 1417.48901367188 1460.60009765625 1455.08911132812 1402.44909667969 1232.0791015625 1188.78002929688 1280.37902832031 1383.5400390625 1489.66003417969 1490.88903808594 1514.56909179688 1436.96911621094 1463.8291015625 1530.44006347656 1554.56909179688 1613.38903808594 1551.27905273438 1518.11901855469 1559.80004882812 1605.14904785156 1589.86010742188 1573.77001953125 1548.57006835938 1502.48010253906 1398.84912109375 1318.0791015625 1242.28002929688 1147.52905273438 1063.83911132812 1049.28002929688
-3.4e+38 -3.4e+38 -3.4e+38 -3.4e+38 -3.4e+38 -3.4e+38 -3.4e+38 -3.4e+38 -3.4e+38 -3.4e+38 -3.4e+38 -3.4e+38 -3.4e+38 -3.4e+38 -3.4e+38 -3.4e+38 -3.4e+38 -3.4e+38 -3.4e+38 -3.4e+38 1086.89001464844 1198.8701171875 1287.19006347656 1357.05004882812 1417.11901855469 1420.5791015625 1378.65002441406 1238.48901367188 1228.39904785156 1316.48901367188 1393.10009765625 1539.80004882812 1719.06909179688 1681.61010742188 1547.02001953125 1556.82006835938 1556.91906738281 1590.330078125 1547.33911132812 1544.15002441406 1567.67907714844 1576.44909667969 1573.99011230469 1555.34008789062 1497.46911621094 1421.580078125 1386.86901855469 1302.66906738281 1230.72900390625 1184.30004882812 1109.20007324219 1071.330078125 1074.38000488281
-3.4e+38 -3.4e+38 -3.4e+38 -3.4e+38 -3.4e+38 -3.4e+38 -3.4e+38 -3.4e+38 -3.4e+38 -3.4e+38 -3.4e+38 -3.4e+38 -3.4e+38 -3.4e+38 -3.4e+38 -3.4e+38 -3.4e+38 -3.4e+38 -3.4e+38 -3.4e+38 -3.4e+38 1155.41003417969 1181.48010253906 1243.11901855469 1333.30004882812 1359.86010742188 1343.80004882812 1337.2900390625 1345.91906738281 1374.53002929688 1448.98901367188 1561.13012695312 1829.54907226562 1846.30908203125 1615.66906738281 1529.88012695312 1587.14001464844 1665.85009765625 1618.90905761719 1598.22912597656 1562.06909179688 1551.16003417969 1570.00903320312 1586.88012695312 1553.81005859375 1445.0791015625 1399.88903808594 1310.79907226562 1181.36010742188 1094.67004394531 1045.5400390625 1064.00903320312 1058.36999511719
-3.4e+38 -3.4e+38 -3.4e+38 -3.4e+38 -3.4e+38 -3.4e+38 -3.4e+38 -3.4e+38 -3.4e+38 -3.4e+38 -3.4e+38 -3.4e+38 -3.4e+38 -3.4e+38 -3.4e+38 -3.4e+38 -3.4e+38 -3.4e+38 -3.4e+38 -3.4e+38 -3.4e+38 -3.4e+38 1153.42004394531 1210.55908203125 1314.13903808594 1374.5390625 1418.71911621094 1421.25012207031 1411.57006835938 1461.60009765625 1525.78002929688 1537.73010253906 1670.67004394531 1821.0791015625 1734.75012207031 1600.330078125 1638.44909667969 1689.6201171875 1651.43005371094 1545.07006835938 1489.23010253906 1548.90905761719 1538.65905761719 1521.10009765625 1544.62902832031 1493.89904785156 1470.8291015625 1391.25903320312 1207.04907226562 1068.43908691406 1040.22009277344 1025.47009277344 1005.27001953125
-3.4e+38 -3.4e+38 -3.4e+38 -3.4e+38 -3.4e+38 -3.4e+38 -3.4e+38 -3.4e+38 -3.4e+38 -3.4e+38 -3.4e+38 -3.4e+38 -3.4e+38 -3.4e+38 -3.4e+38 -3.4e+38 -3.4e+38 -3.4e+38 -3.4e+38 -3.4e+38 -3.4e+38 -3.4e+38 1127.34899902344 1195.29907226562 1314.86010742188 1411.30004882812 1436.2890625 1486.95910644531 1552.15905761719 1578.34008789062 1574.95910644531 1470.95910644531 1519.80004882812 1687.70910644531 1833.03002929688 1642.35913085938 1572.06005859375 1632.48010253906 1668.39013671875 1570.95910644531 1521.60913085938 1509.40905761719 1397.22009277344 1419.26904296875 1508.86901855469 1523.61010742188 1493.78002929688 1406.39001464844 1246.93908691406 1096.74011230469 1074.01000976562 1046.89001464844 1054.22009277344
-3.4e+38 -3.4e+38 -3.4e+38 -3.4e+38 -3.4e+38 -3.4e+38 -3.4e+38 -3.4e+38 -3.4e+38 -3.4e+38 -3.4e+38 -3.4e+38 -3.4e+38 -3.4e+38 -3.4e+38 -3.4e+38 -3.4e+38 -3.4e+38 -3.4e+38 -3.4e+38 -3.4e+38 -3.4e+38 -3.4e+38 1228.44006347656 1285.62902832031 1357.66906738281 1450.54907226562 1575.90002441406 1682.97009277344 1684.01904296875 1619.84912109375 1494.34008789062 1502.75012207031 1627.2890625 1744.69909667969 1673.4990234375 1598.41003417969 1651.20007324219 1612.52905273438 1588.02001953125 1499.67907714844 1400.330078125 1400.16003417969 1488.42004394531 1594.11901855469 1609.830078125 1602.33911132812 1521.67004394531 1384.23901367188 1242.54907226562 1209.27001953125 1171.91003417969 1147.0390625
-3.4e+38 -3.4e+38 -3.4e+38 -3.4e+38 -3.4e+38 -3.4e+38 -3.4e+38 -3.4e+38 -3.4e+38 -3.4e+38 -3.4e+38 -3.4e+38 -3.4e+38 -3.4e+38 -3.4e+38 -3.4e+38 -3.4e+38 -3.4e+38 -3.4e+38 -3.4e+38 -3.4e+38 -3.4e+38 -3.4e+38 1221.0400390625 1280.36901855469 1386.73901367188 1518.94006347656 1696.63012695312 1814.38903808594 1773.38012695312 1678.60913085938 1598.58911132812 1609.98913574219 1632.89013671875 1721.52905273438 1794.67004394531 1810.38903808594 1701.81005859375 1624.90905761719 1608.63903808594 1456.31005859375 1372.17004394531 1464.86901855469 1553.55908203125 1631.85009765625 1630.67907714844 1611.97009277344 1501.46008300781 1455.23901367188 1306.36010742188 1229.05004882812 1159.63000488281 1149.23901367188
-3.4e+38 -3.4e+38 -3.4e+38 -3.4e+38 -3.4e+38 -3.4e+38 -3.4e+38 -3.4e+38 -3.4e+38 -3.4e+38 -3.4e+38 -3.4e+38 -3.4e+38 -3.4e+38 -3.4e+38 -3.4e+38 -3.4e+38 -3.4e+38 -3.4e+38 -3.4e+38 -3.4e+38 -3.4e+38 -3.4e+38 1305.95910644531 1337.03002929688 1413.29907226562 1497.81005859375 1622.52905273438 1765.64904785156 1809.06005859375 1743.17907714844 1741.78002929688 1746.97912597656 1719.89013671875 1818.52014160156 1878.20007324219 1888.6201171875 1727.6201171875 1595.91906738281 1511.63012695312 1459.02905273438 1458.09912109375 1508.08911132812 1553.3701171875 1574.21911621094 1611.84008789062 1521.14001464844 1387.5390625 1328.46008300781 1256.25903320312 1220.75903320312 1152.36901855469 1176.26904296875
-3.4e+38 -3.4e+38 -3.4e+38 -3.4e+38 -3.4e+38 -3.4e+38 -3.4e+38 -3.4e+38 -3.4e+38 -3.4e+38 -3.4e+38 -3.4e+38 -3.4e+38 -3.4e+38 -3.4e+38 -3.4e+38 -3.4e+38 -3.4e+38 -3.4e+38 -3.4e+38 -3.4e+38 -3.4e+38 -3.4e+38 1351.08911132812 1363.02001953125 1397.96911621094 1449.39904785156 1548.48010253906 1740.99011230469 1926.30908203125 1878.10913085938 1829.92907714844 1793.59912109375 1798.36010742188 1858.21911621094 1886.00903320312 1892.60913085938 1829.68005371094 1714.14013671875 1620.28002929688 1579.18908691406 1543.19006347656 1569.11010742188 1602.77905273438 1528.30908203125 1488.68908691406 1470.50903320312 1336.09912109375 1290.64001464844 1281.13903808594 1234.82006835938 1206.22009277344 1229.12902832031
-3.4e+38 -3.4e+38 -3.4e+38 -3.4e+38 -3.4e+38 -3.4e+38 -3.4e+38 -3.4e+38 -3.4e+38 -3.4e+38 -3.4e+38 -3.4e+38 -3.4e+38 -3.4e+38 -3.4e+38 -3.4e+38 -3.4e+38 -3.4e+38 -3.4e+38 -3.4e+38 -3.4e+38 -3.4e+38 -3.4e+38 1441.73901367188 1495.40002441406 1534.25903320312 1491.96008300781 1569.84912109375 1767.36010742188 1871.55004882812 1858.76013183594 1781.66906738281 1764.57006835938 1728.09912109375 1755.9990234375 1835.66906738281 1803.39013671875 1772.20910644531 1750.080078125 1746.47009277344 1721.0400390625 1580.20007324219 1598.02001953125 1509.29907226562 1401.2900390625 1393.99011230469 1403.67907714844 1390.13903808594 1395.62902832031 1415.68005371094 1392.00012207031 1375.66003417969 1316.91906738281
