PresentLayers/ppt.asc
NCOLS 292 
NROWS 291 
XLLCORNER -87.6458333327872 
YLLCORNER 24.4791666666667 
CELLSIZE 0.0416666666669039 
NODATA_value -3.4e+38 
[rows 96 to 119 of 291, columns 53 to 105 of 292]
-3.4e+38 -3.4e+38 -3.4e+38 -3.4e+38 -3.4e+38 -3.4e+38 -3.4e+38 -3.4e+38 -3.4e+38 1742.48010253906 1683.63903808594 1649.62902832031 1659.40905761719 1697.73913574219 1751.34008789062 1774.19006347656 1740.13903808594 1728.2890625 1716.04907226562 1661.65002441406 1595.62902832031 1599.96911621094 1607.06909179688 1571.41906738281 1554.73901367188 1550.01904296875 1520.0390625 1500.02905273438 1477.71911621094 1462.77001953125 1477.62902832031 1494.84008789062 1487.2890625 1455.68908691406 1406.74011230469 1387.45007324219 1387.7490234375 1382.76904296875 1382.07006835938 1399.57006835938 1375.15905761719 1348.0791015625 1345.95910644531 1333.23010253906 1303.30908203125 1296.01904296875 1299.39001464844 1275.14904785156 1276.73010253906 1284.0791015625 1295.81005859375 1334.42004394531 1302.52001953125
-3.4e+38 -3.4e+38 -3.4e+38 -3.4e+38 -3.4e+38 -3.4e+38 -3.4e+38 -3.4e+38 -3.4e+38 -3.4e+38 1689.04907226562 1667.33911132812 1696.96911621094 1755.76013183594 1814.30908203125 1810.76904296875 1794.6201171875 1766.30908203125 1655.2490234375 1563.86901855469 1543.5400390625 1578.92907714844 1597.3291015625 1585.45910644531 1596.85009765625 1596.17907714844 1584.17004394531 1553.08911132812 1498.17907714844 1461.40905761719 1466.16003417969 1472.30004882812 1463.7890625 1433.9990234375 1400.80004882812 1384.10009765625 1391.73901367188 1400.15002441406 1397.40905761719 1381.96008300781 1347.17004394531 1353.37902832031 1371.69909667969 1397.01904296875 1410.27001953125 1411.56005859375 1337.86010742188 1284.0400390625 1282.31005859375 1280.13000488281 1264.9990234375 1274.90905761719 1269.03002929688
-3.4e+38 -3.4e+38 -3.4e+38 -3.4e+38 -3.4e+38 -3.4e+38 -3.4e+38 -3.4e+38 -3.4e+38 -3.4e+38 -3.4e+38 1752.20007324219 1769.7490234375 1765.43908691406 1772.00903320312 1772.55908203125 1741.25903320312 1682.77001953125 1604.84008789062 1544.88012695312 1563.27001953125 1605.32006835938 1572.8701171875 1555.91906738281 1563.25903320312 1573.64001464844 1602.86010742188 1576.51013183594 1538.81909179688 1506.52905273438 1465.90002441406 1454.67907714844 1441.5791015625 1429.98901367188 1447.7900390625 1455.15002441406 1454.86901855469 1447.23901367188 1406.18908691406 1380.23901367188 1380.65002441406 1380.6201171875 1372.56909179688 1412.59008789062 1443.64904785156 1433.86901855469 1355.77905273438 1294.40002441406 1288.21911621094 1274.98010253906 1232.30004882812 1227.21911621094 1231.51000976562
-3.4e+38 -3.4e+38 -3.4e+38 -3.4e+38 -3.4e+38 -3.4e+38 -3.4e+38 -3.4e+38 -3.4e+38 -3.4e+38 -3.4e+38 1757.57006835938 1728.47009277344 1716.01013183594 1715.13012695312 1713.06005859375 1662.52905273438 1646.05908203125 1632.20910644531 1640.02905273438 1677.99011230469 1711.47009277344 1685.58911132812 1627.44909667969 1589.96008300781 1602.08911132812 1629.71008300781 1619.4990234375 1608.66906738281 1555.5791015625 1459.51904296875 1433.10900878906 1441.31909179688 1435.60009765625 1436.17004394531 1446.41003417969 1439.25012207031 1397.6201171875 1361.35900878906 1374.830078125 1387.01000976562 1390.5791015625 1376.69909667969 1379.20007324219 1394.51000976562 1394.11901855469 1351.0791015625 1315.63000488281 1290.34008789062 1251.5 1207.64001464844 1173.96911621094 1167.86010742188
-3.4e+38 -3.4e+38 -3.4e+38 -3.4e+38 -3.4e+38 -3.4e+38 -3.4e+38 -3.4e+38 -3.4e+38 -3.4e+38 -3.4e+38 1734.45007324219 1718.16003417969 1691.93908691406 1718.56909179688 1691.68908691406 1634.330078125 1655.72009277344 1686.22912597656 1696.63903808594 1703.80908203125 1733.76904296875 1751.34008789062 1677.40002441406 1657.00903320312 1620.86901855469 1645.29907226562 1608.85009765625 1551.02905273438 1479.71911621094 1420.71008300781 1411.55908203125 1425.58911132812 1444.82006835938 1436.22912597656 1417.85900878906 1398.55908203125 1362.40002441406 1335.00012207031 1321.49011230469 1331.26000976562 1343.73010253906 1355.96911621094 1366.50903320312 1345.27905273438 1343.65002441406 1329.85009765625 1302.0791015625 1262.70007324219 1239.18908691406 1220.16003417969 1170.23010253906 1157.74011230469
-3.4e+38 -3.4e+38 -3.4e+38 -3.4e+38 -3.4e+38 -3.4e+38 -3.4e+38 -3.4e+38 -3.4e+38 -3.4e+38 -3.4e+38 1692.34912109375 1718.8701171875 1720.0390625 1738.75903320312 1695.17907714844 1659.44006347656 1655.17907714844 1668.66003417969 1690.63903808594 1693.330078125 1701.18005371094 1692.44006347656 1610.27905273438 1534.72912597656 1506.34008789062 1514.76904296875 1496.50903320312 1454.35009765625 1458.38012695312 1482.5400390625 1483.48901367188 1473.14001464844 1468.44006347656 1437.09912109375 1403.48010253906 1376.580078125 1335.06005859375 1290.52905273438 1253.50903320312 1256.01904296875 1264.05004882812 1272.3291015625 1298.40905761719 1309.77001953125 1328.4990234375 1337.17004394531 1306.02905273438 1263.65905761719 1243.7900390625 1246.0791015625 1218.84899902344 1192.90002441406
-3.4e+38 -3.4e+38 -3.4e+38 -3.4e+38 -3.4e+38 -3.4e+38 -3.4e+38 -3.4e+38 -3.4e+38 -3.4e+38 1618.54907226562 1703.72009277344 1745.35009765625 1757.47009277344 1760.10009765625 1730.84008789062 1689.34008789062 1643.96911621094 1659.0400390625 1717.46008300781 1734.54907226562 1701.51013183594 1665.31909179688 1577.01904296875 1479.18005371094 1441.66906738281 1449.97009277344 1451.90002441406 1445.44909667969 1478.50903320312 1512.00903320312 1530.75903320312 1540.70910644531 1524.69006347656 1476.51000976562 1426.76904296875 1381.02905273438 1317.25012207031 1256.61901855469 1231.26000976562 1236.96911621094 1239.59899902344 1256.5400390625 1285.49011230469 1295.78002929688 1346.21008300781 1384.53002929688 1328.61010742188 1268.41003417969 1239.27001953125 1235.66003417969 1217.7490234375 1201.330078125
-3.4e+38 -3.4e+38 -3.4e+38 -3.4e+38 -3.4e+38 -3.4e+38 -3.4e+38 -3.4e+38 -3.4e+38 -3.4e+38 -3.4e+38 -3.4e+38 1816.35913085938 1787.79907226562 1742.11010742188 1711.74011230469 1679.84008789062 1679.18005371094 1715.830078125 1758.85009765625 1771.99011230469 1741.21008300781 1684.41906738281 1601.5390625 1537.15905761719 1467.8291015625 1437.75012207031 1439.65905761719 1459.93005371094 1499.7900390625 1541.22009277344 1538.39904785156 1569.35009765625 1555.02001953125 1480.06005859375 1434.67907714844 1385.56909179688 1324.30908203125 1295.05908203125 1297.06005859375 1304.11010742188 1302.63903808594 1289.51904296875 1286.44909667969 1295.14904785156 1316.22900390625 1366.31005859375 1353.52905273438 1298.37902832031 1265.26000976562 1247.16003417969 1237.41003417969 1209.8291015625
-3.4e+38 -3.4e+38 -3.4e+38 -3.4e+38 -3.4e+38 -3.4e+38 -3.4e+38 -3.4e+38 -3.4e+38 -3.4e+38 -3.4e+38 -3.4e+38 -3.4e+38 1732.0400390625 1680.75012207031 1668.15905761719 1697.46008300781 1704.51904296875 1709.94006347656 1724.869140625 1757.18005371094 1739.08911132812 1692.0400390625 1637.75012207031 1583.7900390625 1532.5791015625 1515.35009765625 1521.73010253906 1537.85009765625 1546.85009765625 1559.13012695312 1552.81005859375 1539.94909667969 1500.01013183594 1433.8291015625 1405.85900878906 1382.52001953125 1355.81909179688 1363.11010742188 1377.30004882812 1384.11901855469 1405.72912597656 1399.13903808594 1366.83911132812 1333.80004882812 1302.26000976562 1312.90905761719 1308.7900390625 1295.51904296875 1291.64904785156 1280.6201171875 1245.16906738281 1221.39904785156
-3.4e+38 -3.4e+38 -3.4e+38 -3.4e+38 -3.4e+38 -3.4e+38 -3.4e+38 -3.4e+38 -3.4e+38 -3.4e+38 -3.4e+38 -3.4e+38 1675.76904296875 1651.79907226562 1627.3701171875 1659.68005371094 1687.55004882812 1675.23010253906 1683.02905273438 1687.42907714844 1685.96008300781 1686.96911621094 1683.39904785156 1624.45007324219 1578.36901855469 1562.41003417969 1589.48010253906 1610.08911132812 1603.96008300781 1587.2490234375 1553.83911132812 1502.66906738281 1440.10009765625 1385.44909667969 1362.22009277344 1379.2890625 1387.06909179688 1398.58911132812 1427.22009277344 1441.90905761719 1470.25903320312 1502.34008789062 1509.330078125 1477.72912597656 1409.5400390625 1344.85900878906 1316.69006347656 1303.21911621094 1301.22009277344 1296.65002441406 1280.2890625 1237.080078125 1201.23010253906
-3.4e+38 -3.4e+38 -3.4e+38 -3.4e+38 -3.4e+38 -3.4e+38 -3.4e+38 -3.4e+38 -3.4e+38 -3.4e+38 1655.26904296875 1642.5390625 1681.8291015625 1613.69006347656 1655.18908691406 1700.77905273438 1732.27905273438 1756.59912109375 1723.65002441406 1679.93005371094 1681.0400390625 1682.09008789062 1677.75903320312 1594.99011230469 1562.88903808594 1586.94006347656 1611.9990234375 1599.45910644531 1571.7900390625 1534.00012207031 1499.37902832031 1469.11901855469 1422.27001953125 1382.22009277344 1390.19006347656 1399.28002929688 1391.94006347656 1415.63903808594 1453.13903808594 1487.89904785156 1513.45910644531 1527.67004394531 1518.03002929688 1484.40905761719 1412.50012207031 1338.63903808594 1311.8701171875 1309.3701171875 1317.19909667969 1300.94006347656 1273.5400390625 1248.90905761719 1218.68908691406
-3.4e+38 -3.4e+38 -3.4e+38 -3.4e+38 -3.4e+38 -3.4e+38 -3.4e+38 -3.4e+38 -3.4e+38 1600.42004394531 1544.14001464844 1528.67004394531 1580.60009765625 1593.43908691406 1648.00012207031 1682.330078125 1698.17004394531 1704.88903808594 1670.53002929688 1622.43005371094 1633.25903320312 1646.90905761719 1647.90002441406 1611.06909179688 1565.37902832031 1565.47009277344 1553.080078125 1537.40002441406 1553.22912597656 1495.10009765625 1462.29907226562 1467.18005371094 1451.19909667969 1399.67004394531 1378.34008789062 1392.65905761719 1403.64904785156 1426.95007324219 1465.03002929688 1507.95007324219 1515.21008300781 1497.39904785156 1484.2490234375 1444.22009277344 1373.84912109375 1307.40905761719 1275.17004394531 1267.77001953125 1266.830078125 1259.11901855469 1258.15905761719 1257.55908203125 1290.59008789062
-3.4e+38 -3.4e+38 -3.4e+38 -3.4e+38 -3.4e+38 -3.4e+38 -3.4e+38 -3.4e+38 -3.4e+38 1538.66003417969 1459.95910644531 1445.95007324219 1500.42004394531 1550.20007324219 1595.91003417969 1648.67004394531 1633.55004882812 1571.80004882812 1534.26904296875 1533.98901367188 1535.49011230469 1542.9990234375 1574.60009765625 1601.56005859375 1591.04907226562 1588.72912597656 1573.73010253906 1552.30908203125 1567.0400390625 1518.23901367188 1473.2490234375 1458.93908691406 1441.97009277344 1405.48010253906 1390.23901367188 1411.72912597656 1442.5390625 1480.8701171875 1514.75012207031 1532.82006835938 1532.13903808594 1515.70007324219 1483.85913085938 1441.72912597656 1375.59912109375 1296.05908203125 1255.79907226562 1264.51904296875 1268.34008789062 1251.55004882812 1222.0390625 1209.64001464844 1233.8291015625
-3.4e+38 -3.4e+38 -3.4e+38 -3.4e+38 -3.4e+38 -3.4e+38 -3.4e+38 -3.4e+38 -3.4e+38 1510.830078125 1480.34008789062 1460.2490234375 1491.81005859375 1539.17004394531 1607.89013671875 1636.43005371094 1562.47912597656 1524.68005371094 1534.34008789062 1535.64001464844 1519.04907226562 1529.33911132812 1558.30908203125 1596.47009277344 1661.67004394531 1651.48913574219 1598.16906738281 1547.45910644531 1521.74011230469 1498.8291015625 1486.03002929688 1456.70007324219 1422.07006835938 1399.330078125 1393.64001464844 1402.15905761719 1427.2890625 1477.5390625 1525.26013183594 1538.10009765625 1539.5390625 1521.38903808594 1473.84912109375 1428.5791015625 1364.81909179688 1302.86010742188 1294.65905761719 1300.29907226562 1257.85900878906 1214.87902832031 1177.01000976562 1167.31909179688 1166.71008300781
-3.4e+38 -3.4e+38 -3.4e+38 -3.4e+38 -3.4e+38 -3.4e+38 -3.4e+38 -3.4e+38 -3.4e+38 1460.68908691406 1465.1201171875 1450.22912597656 1486.94006347656 1552.00903320312 1588.20007324219 1576.97912597656 1545.16906738281 1575.86010742188 1603.35913085938 1580.86901855469 1555.89001464844 1556.17907714844 1568.29907226562 1569.56005859375 1596.3291015625 1572.86010742188 1527.60009765625 1554.91906738281 1558.19909667969 1539.52905273438 1512.11010742188 1468.39904785156 1421.08911132812 1357.2890625 1325.51000976562 1328.50903320312 1371.92907714844 1433.40002441406 1499.68005371094 1570.330078125 1571.98901367188 1532.08911132812 1437.4990234375 1347.68005371094 1299.40905761719 1298.0400390625 1318.47009277344 1285.39904785156 1214.48901367188 1180.74011230469 1171.65905761719 1179.92907714844 1179.81909179688
-3.4e+38 -3.4e+38 -3.4e+38 -3.4e+38 -3.4e+38 -3.4e+38 -3.4e+38 -3.4e+38 -3.4e+38 1447.60900878906 1476.06005859375 1497.18908691406 1550.84912109375 1580.55908203125 1564.13012695312 1566.06005859375 1584.34008789062 1645.90002441406 1625.82006835938 1590.01904296875 1535.64001464844 1485.22912597656 1476.21008300781 1487.09008789062 1515.90905761719 1518.68908691406 1558.77001953125 1619.89904785156 1634.53002929688 1583.55004882812 1503.3701171875 1432.95910644531 1378.26000976562 1316.20007324219 1268.95910644531 1264.23901367188 1306.830078125 1388.2890625 1478.23010253906 1549.67907714844 1560.55004882812 1509.8291015625 1388.3701171875 1278.7490234375 1231.63000488281 1255.0791015625 1313.22009277344 1261.48901367188 1190.83911132812 1191.11901855469 1194.15905761719 1181.51904296875 1181.0791015625
-3.4e+38 -3.4e+38 -3.4e+38 -3.4e+38 -3.4e+38 -3.4e+38 -3.4e+38 -3.4e+38 1540.64001464844 1541.56909179688 1562.38012695312 1603.330078125 1624.47912597656 1613.0390625 1596.63012695312 1599.26904296875 1596.20007324219 1610.11901855469 1579.38903808594 1548.16003417969 1490.98901367188 1403.00903320312 1385.93005371094 1441.93908691406 1554.70007324219 1632.10913085938 1688.73913574219 1667.67004394531 1632.61901855469 1560.39904785156 1455.4990234375 1366.37902832031 1314.3291015625 1270.39904785156 1232.81005859375 1215.43908691406 1269.0390625 1374.42004394531 1464.17907714844 1494.8291015625 1482.37902832031 1416.54907226562 1309.79907226562 1252.41003417969 1260.10900878906 1287.18005371094 1317.62902832031 1273.81005859375 1221.09899902344 1228.11010742188 1219.66003417969 1196.3291015625 1197.45007324219
-3.4e+38 -3.4e+38 -3.4e+38 -3.4e+38 -3.4e+38 -3.4e+38 -3.4e+38 -3.4e+38 1633.21911621094 1653.46008300781 1655.8701171875 1668.15905761719 1605.05908203125 1599.30908203125 1594.88012695312 1573.75012207031 1541.34912109375 1521.84912109375 1487.92004394531 1447.55908203125 1394.22912597656 1351.76000976562 1402.19909667969 1523.53002929688 1638.36901855469 1676.42004394531 1657.330078125 1606.97009277344 1535.61010742188 1452.75012207031 1377.00903320312 1304.12902832031 1261.41906738281 1248.580078125 1239.32006835938 1241.53002929688 1286.46008300781 1384.05908203125 1435.45007324219 1429.12902832031 1384.94909667969 1301.22900390625 1210.2900390625 1233.66003417969 1298.19006347656 1350.20007324219 1375.82006835938 1314.61010742188 1265.20910644531 1246.63903808594 1239.04907226562 1251.01904296875 1244.01904296875
-3.4e+38 -3.4e+38 -3.4e+38 -3.4e+38 -3.4e+38 -3.4e+38 -3.4e+38 1619.77001953125 1688.75903320312 1717.98010253906 1713.830078125 1683.36010742188 1595.9990234375 1596.01904296875 1565.08911132812 1504.18908691406 1453.13012695312 1416.60009765625 1397.02001953125 1367.47009277344 1356.14904785156 1367.55004882812 1422.60900878906 1507.00012207031 1622.32006835938 1645.7490234375 1604.61901855469 1555.00903320312 1465.00012207031 1409.68908691406 1327.66003417969 1273.93005371094 1258.27905273438 1273.86901855469 1282.2890625 1286.2890625 1310.61010742188 1377.75012207031 1404.28002929688 1379.85009765625 1310.83911132812 1218.27001953125 1181.49011230469 1245.39001464844 1312.98010253906 1374.38903808594 1403.73901367188 1341.96008300781 1275.68005371094 1236.77001953125 1244.94909667969 1275.42907714844 1266.58911132812
-3.4e+38 -3.4e+38 -3.4e+38 -3.4e+38 -3.4e+38 -3.4e+38 -3.4e+38 1644.21911621094 1724.5400390625 1757.79907226562 1715.77014160156 1673.38012695312 1620.14013671875 1578.55004882812 1529.19909667969 1487.830078125 1395.02001953125 1333.98010253906 1341.10900878906 1352.84912109375 1390.18005371094 1395.99011230469 1404.47009277344 1432.44909667969 1526.5400390625 1577.98913574219 1584.91003417969 1512.66906738281 1413.89904785156 1383.53002929688 1285.51904296875 1233.17004394531 1260.33911132812 1328.36901855469 1341.0400390625 1324.1201171875 1322.5791015625 1325.11901855469 1318.71008300781 1307.00012207031 1258.98901367188 1198.47009277344 1207.16906738281 1254.57006835938 1312.26000976562 1367.79907226562 1368.68005371094 1341.76000976562 1284.63000488281 1261.22900390625 1261.7900390625 1264.96008300781 1264.15905761719
-3.4e+38 -3.4e+38 -3.4e+38 -3.4e+38 -3.4e+38 -3.4e+38 -3.4e+38 -3.4e+38 1763.48913574219 1772.96911621094 1738.86010742188 1705.25012207031 1616.93005371094 1507.68005371094 1447.08911132812 1444.3291015625 1364.74011230469 1307.26000976562 1325.35900878906 1371.51904296875 1417.19909667969 1413.2890625 1409.13903808594 1403.19006347656 1408.66906738281 1432.39904785156 1497.02905273438 1464.78002929688 1397.88903808594 1377.62902832031 1306.62902832031 1266.68908691406 1293.60900878906 1342.93005371094 1364.20007324219 1352.95910644531 1321.43908691406 1285.10900878906 1246.02905273438 1236.71008300781 1227.00903320312 1210.46008300781 1256.18005371094 1287.33911132812 1309.47009277344 1327.38903808594 1334.90002441406 1341.60009765625 1308.080078125 1304.19909667969 1266.14904785156 1241.3701171875 1243
-3.4e+38 -3.4e+38 -3.4e+38 -3.4e+38 -3.4e+38 -3.4e+38 -3.4e+38 -3.4e+38 1725.76013183594 1732.31909179688 1699.0791015625 1660.31909179688 1564.98901367188 1468.12902832031 1424.02905273438 1425.39001464844 1403.01000976562 1365.3701171875 1371.17907714844 1422.76000976562 1445.90905761719 1434.16003417969 1401.64904785156 1343.59008789062 1321.13000488281 1329.57006835938 1410.080078125 1420.5390625 1384.45007324219 1373.45910644531 1346.7890625 1329.17004394531 1312.27001953125 1303.2900390625 1320.08911132812 1321.98010253906 1307.35009765625 1294.19006347656 1262.27905273438 1219.97009277344 1204.30908203125 1226.25903320312 1288.01000976562 1305.22900390625 1281.85009765625 1295.03002929688 1335.61901855469 1340.66003417969 1309.60009765625 1305.64904785156 1264.22009277344 1208.99011230469 1204.96008300781
-3.4e+38 -3.4e+38 -3.4e+38 -3.4e+38 -3.4e+38 -3.4e+38 -3.4e+38 -3.4e+38 1564.34912109375 1561.72912597656 1562.97009277344 1555.06005859375 1535.97009277344 1500.4990234375 1490.78002929688 1493.34008789062 1457.67004394531 1429.28002929688 1419.98010253906 1416.47009277344 1408.41003417969 1398.54907226562 1355.43005371094 1284.80908203125 1282.80004882812 1301.00012207031 1356.0400390625 1355.48010253906 1319.330078125 1318.19909667969 1309.00903320312 1297.96911621094 1281.87902832031 1266.63000488281 1266.02001953125 1271.93005371094 1280.5791015625 1280.2900390625 1251.79907226562 1208.97900390625 1181.28002929688 1222.75 1285.11901855469 1299.33911132812 1271.91906738281 1284.53002929688 1324.72009277344 1330.8701171875 1309.07006835938 1280.44909667969 1254.59008789062 1220.61901855469 1225.06909179688
-3.4e+38 -3.4e+38 -3.4e+38 -3.4e+38 -3.4e+38 -3.4e+38 -3.4e+38 -3.4e+38 -3.4e+38 1447.81909179688 1507.36901855469 1540.10913085938 1540.10913085938 1518.080078125 1521.30908203125 1523.02905273438 1451.75012207031 1392.88903808594 1373.75012207031 1344.76904296875 1336.41003417969 1352.65905761719 1326.77001953125 1245.62902832031 1229.09899902344 1254.20007324219 1314.70007324219 1333.39904785156 1309.49011230469 1293.03002929688 1245.5791015625 1234.13000488281 1249.75 1223.93005371094 1189.43005371094 1205.57006835938 1260.51000976562 1278.30908203125 1251.86901855469 1217.88000488281 1218.42004394531 1264.83911132812 1313.27905273438 1316.25012207031 1288.14904785156 1269.95007324219 1283.21911621094 1310.35009765625 1300.59008789062 1246.72009277344 1231.67004394531 1223.3291015625 1225.16906738281
