PresentLayers/ppt.asc
NCOLS 292 
NROWS 291 
XLLCORNER -87.6458333327872 
YLLCORNER 24.4791666666667 
CELLSIZE 0.0416666666669039 
NODATA_value -3.4e+38 
[rows 0 to 23 of 291, columns 159 to 211 of 292]
-3.4e+38 -3.4e+38 -3.4e+38 -3.4e+38 -3.4e+38 -3.4e+38 -3.4e+38 -3.4e+38 -3.4e+38 -3.4e+38 -3.4e+38 -3.4e+38 -3.4e+38 -3.4e+38 -3.4e+38 -3.4e+38 -3.4e+38 -3.4e+38 -3.4e+38 -3.4e+38 -3.4e+38 -3.4e+38 -3.4e+38 -3.4e+38 -3.4e+38 -3.4e+38 -3.4e+38 -3.4e+38 -3.4e+38 -3.4e+38 -3.4e+38 -3.4e+38 -3.4e+38 -3.4e+38 -3.4e+38 -3.4e+38 -3.4e+38 -3.4e+38 -3.4e+38 -3.4e+38 -3.4e+38 -3.4e+38 -3.4e+38 -3.4e+38 -3.4e+38 -3.4e+38 -3.4e+38 -3.4e+38 -3.4e+38 -3.4e+38 -3.4e+38 -3.4e+38 -3.4e+38
1518.46008300781 1562.09912109375 1511.35009765625 1446.93908691406 1446.30908203125 1429.8291015625 1476.35009765625 1508.75012207031 1497.39904785156 1464.34912109375 1389.54907226562 1329.0400390625 1299.07006835938 1285.52001953125 1275.56005859375 1299.61010742188 1326.23010253906 1332.95910644531 1344.16906738281 1379.84912109375 1404.98901367188 1389.56909179688 1360.78002929688 1346.25903320312 1336.30004882812 1312.830078125 1293.2890625 1305.44909667969 1358.43908691406 1408.72912597656 -3.4e+38 -3.4e+38 -3.4e+38 -3.4e+38 -3.4e+38 -3.4e+38 -3.4e+38 -3.4e+38 -3.4e+38 -3.4e+38 -3.4e+38 -3.4e+38 -3.4e+38 -3.4e+38 -3.4e+38 1336.84912109375 1310.32006835938 1304.50012207031 1311.75903320312 1325.37902832031 1351.86010742188 1366.51904296875 1341.31909179688
1571.28002929688 1567.16906738281 1470.70910644531 1372.19909667969 1368.89904785156 1390.69909667969 1448.73901367188 1520.44909667969 1514.03002929688 1439.85009765625 1362.580078125 1296.29907226562 1253.98010253906 1237.22900390625 1226.8701171875 1258.77001953125 1279.76000976562 1282.14904785156 1288.23010253906 1327.84912109375 1352.41906738281 1325.7900390625 1325.26000976562 1330.18908691406 1311.5791015625 1295.35009765625 1312.53002929688 1362.67004394531 1406.76000976562 1429.69909667969 1449.94006347656 1470.42907714844 1455.71008300781 1414.55004882812 1376.72009277344 1368.55004882812 1389.91906738281 1393.51000976562 1382.51904296875 1375.94909667969 1357.46911621094 1329.98901367188 1330.81005859375 1342.40905761719 1315.36010742188 1292.39904785156 1290.52905273438 1305.22900390625 1329.53002929688 1355.94006347656 1373.23901367188 1384.85009765625 1369.42907714844
1625.580078125 1558.53002929688 1454.29907226562 1409.68005371094 1410.00012207031 1397.44006347656 1410.31005859375 1438.67907714844 1416.25903320312 1343.23010253906 1264.25903320312 1204.05908203125 1183.77001953125 1192.13903808594 1217.09899902344 1263.56909179688 1291.43005371094 1296.84008789062 1298.52905273438 1327.01000976562 1350.67907714844 1317.01904296875 1322.35900878906 1329.27905273438 1301.6201171875 1289.18908691406 1326.25903320312 1385.58911132812 1411.43908691406 1412.77905273438 1425.25903320312 1424.65002441406 1418.62902832031 1396.93908691406 1375.95910644531 1374.8291015625 1370.95910644531 1370.5400390625 1362.36010742188 1335.18908691406 1304.08911132812 1276.9990234375 1275.13903808594 1280.86901855469 1275.52001953125 1282.88000488281 1299.06005859375 1320.99011230469 1364.54907226562 1389.67907714844 1387.88903808594 1398.83911132812 1399.35900878906
1673.39904785156 1625.3701171875 1515.09008789062 1449.50012207031 1439.080078125 1405.70007324219 1337.08911132812 1294.76904296875 1263.46008300781 1212.47009277344 1133.67907714844 1104.54907226562 1148.27001953125 1202.06005859375 1257.45007324219 1315.74011230469 1333.59912109375 1348.81909179688 1345.52001953125 1349.52905273438 1377.5400390625 1349.36010742188 1321.21008300781 1320.18005371094 1299.21911621094 1302.86901855469 1326.44006347656 1366.98901367188 1386.84912109375 1398.33911132812 1410.580078125 1432.02001953125 1430.69006347656 1394.97009277344 1364.10900878906 1344.830078125 1325.19909667969 1313.19909667969 1304.17004394531 1280.21911621094 1261.39001464844 1262.91003417969 1269.95910644531 1247.55004882812 1251.21911621094 1274.49011230469 1309.68005371094 1352.97900390625 1401.60900878906 1400.96911621094 1387.14904785156 1379.64001464844 1377.18908691406
1555.77001953125 1523.23901367188 1475.42004394531 1447.44909667969 1444.1201171875 1403.60009765625 1300.09008789062 1216.17004394531 1181.46911621094 1160.5791015625 1132.55908203125 1127.90905761719 1169.18908691406 1230.23901367188 1292.13903808594 1333.96911621094 1342.99011230469 1357.69006347656 1344.01904296875 1339.84008789062 1360.36901855469 1334.39001464844 1307.0390625 1267.56005859375 1249.63000488281 1258.17004394531 1285.3291015625 1324.04907226562 1360.68005371094 1390.4990234375 1423.31005859375 1461.59912109375 1442.36901855469 1392.84912109375 1362.830078125 1345.46008300781 1317.94006347656 1275.97009277344 1238.45007324219 1236.32006835938 1259.580078125 1291.09912109375 1338.0390625 1275.72009277344 1245.88903808594 1251.76904296875 1300.29907226562 1368.90905761719 1399.40002441406 1387.29907226562 1384.52905273438 1352.3291015625 1313.22009277344
1434.76000976562 1427.71008300781 1427.76000976562 1444.71911621094 1433.49011230469 1380.48901367188 1277.32006835938 1203.91906738281 1191.80908203125 1185.02905273438 1183.75 1189.91003417969 1200.14904785156 1240.26000976562 1292.73901367188 1316.11010742188 1321.84912109375 1318.77001953125 1316.96911621094 1310.94006347656 1301.76000976562 1284.31909179688 1258.86010742188 1229.18005371094 1217.79907226562 1230.12902832031 1258.02001953125 1285.35900878906 1304.54907226562 1339.5400390625 1356.07006835938 1360.13000488281 1350.36010742188 1351.71008300781 1360.54907226562 1363.58911132812 1337.93005371094 1281.18005371094 1244.7490234375 1260.65905761719 1310.82006835938 1346.72009277344 1344.93005371094 1306.77001953125 1277.080078125 1273.14001464844 1307.09912109375 1364.00903320312 1377.90002441406 1360.70910644531 1354.91003417969 1337.08911132812 1287.39904785156
1413.59912109375 1415.60009765625 1425.40905761719 1419.89001464844 1386.13903808594 1332.61901855469 1270.02905273438 1238.52905273438 1228.70910644531 1200.25903320312 1205.56909179688 1221.90905761719 1241.71911621094 1263.01000976562 1311.10900878906 1340.09912109375 1339.29907226562 1316.3701171875 1295.02001953125 1278.92907714844 1249.91906738281 1246.63000488281 1254.88000488281 1244.41906738281 1226.42907714844 1238.29907226562 1251.22900390625 1258.5791015625 1247.86901855469 1267.63000488281 1261.53002929688 1250.20007324219 1269.39001464844 1293.41003417969 1304.84912109375 1307.8291015625 1301.65002441406 1291.33911132812 1289.85900878906 1293.59912109375 1304.15905761719 1317.44909667969 1336.41003417969 1348.97900390625 1338.72009277344 1333.31909179688 1344.34008789062 1355.60009765625 1338.50903320312 1317.13000488281 1312.60009765625 1307.0400390625 1260.0791015625
1387.00903320312 1380.89001464844 1374.09008789062 1360.96008300781 1347.0390625 1306.90002441406 1263.6201171875 1250.30004882812 1230.42907714844 1184.45007324219 1186.05004882812 1212.97900390625 1244.68908691406 1277.68005371094 1305.0390625 1306.92907714844 1309.3701171875 1302.01904296875 1277.71008300781 1257.51000976562 1242.02001953125 1270.10900878906 1282.31909179688 1278.92907714844 1254.7900390625 1249.38903808594 1239.29907226562 1224.57006835938 1222.92004394531 1221.45910644531 1209.65002441406 1199.4990234375 1206.73010253906 1214.06909179688 1211.91906738281 1211.47009277344 1235.75903320312 1276.35900878906 1302.3701171875 1305.38000488281 1297.52905273438 1306.70910644531 1342.53002929688 1373.5400390625 1376.57006835938 1368.85900878906 1346.34912109375 1328.46911621094 1315.04907226562 1305.080078125 1288.55908203125 1252.43005371094 1225.80004882812
1342.70007324219 1331.19006347656 1332.03002929688 1312.84008789062 1291.42004394531 1259.42907714844 1231.92907714844 1223.39001464844 1204.56909179688 1153.080078125 1142.7900390625 1163.0400390625 1191.60900878906 1233.06909179688 1272.2890625 1251.28002929688 1264.4990234375 1297.41906738281 1299.96008300781 1267.71911621094 1244.33911132812 1264.4990234375 1283.54907226562 1274.83911132812 1222.19006347656 1175.31005859375 1172.81005859375 1186.22009277344 1192.27905273438 1175.24011230469 1162.52001953125 1146.43908691406 1135.82006835938 1144.96008300781 1143.81005859375 1155.25 1214.17004394531 1272.34912109375 1304.94006347656 1311.59912109375 1310.27905273438 1320.34912109375 1333.99011230469 1356.59008789062 1365.39001464844 1379.39904785156 1342.57006835938 1308.13000488281 1309.14001464844 1312.49011230469 1296.15002441406 1230.03002929688 1194.5791015625
1365.56909179688 1348.14001464844 1325.09912109375 1289.28002929688 1245.16906738281 1208.94006347656 1202.23901367188 1210.18005371094 1195.9990234375 1152.55908203125 1134.59008789062 1152.24011230469 1177.43005371094 1223.19909667969 1247.34899902344 1245.89904785156 1249.00903320312 1252.16906738281 1243.96911621094 1236.51000976562 1227.82006835938 1245.23901367188 1283.01000976562 1245.48010253906 1177.20007324219 1111.5400390625 1136.330078125 1154.86010742188 1174.61999511719 1192.41003417969 1154.5791015625 1111.830078125 1086.98901367188 1081.70007324219 1095.60900878906 1138.16906738281 1218.65905761719 1279.81005859375 1294.830078125 1303.00903320312 1314.55004882812 1337.5791015625 1349.43908691406 1357.88000488281 1398.5390625 1444.22912597656 1400.90002441406 1344.92907714844 1329.59008789062 1323.57006835938 1291.77001953125 1222.18005371094 1163.59008789062
1411.24011230469 1369.16003417969 1322.38000488281 1295.16906738281 1270.80908203125 1233.69909667969 1229.85900878906 1240.0791015625 1231.34008789062 1204.1201171875 1191.66003417969 1184.39904785156 1187.73901367188 1216.57006835938 1252.88903808594 1293.7900390625 1273.42907714844 1228.17907714844 1215.52001953125 1219.080078125 1220 1276.18908691406 1325.64904785156 1251.85009765625 1205.97900390625 1187.09899902344 1184.07006835938 1152.20007324219 1151.54907226562 1150.330078125 1124.34008789062 1084.78002929688 1045.22009277344 1049.77001953125 1092.92004394531 1149.2890625 1217.15905761719 1259.29907226562 1274.34008789062 1269.07006835938 1274.22009277344 1308.71911621094 1337.22900390625 1368.66003417969 1411.17907714844 1422.20910644531 1410.55908203125 1379.73901367188 1344.38903808594 1320.55908203125 1295.3701171875 1247.75903320312 1183.59008789062
1398.96911621094 1359.21008300781 1330.99011230469 1335.25012207031 1325.81005859375 1296.580078125 1277.2490234375 1268.61901855469 1253.830078125 1215.06909179688 1190.1201171875 1199.82006835938 1227.00903320312 1253.30908203125 1286.6201171875 1299.21911621094 1259.93005371094 1206.77905273438 1194.96911621094 1221.36010742188 1262.63903808594 1312.29907226562 1329.080078125 1254.81005859375 1210.34008789062 1224.27001953125 1228.580078125 1232.34899902344 1206.40905761719 1147.71008300781 1159.34899902344 1173.7490234375 1135.92907714844 1126.01000976562 1159.39001464844 1202.40002441406 1236.47900390625 1235.3701171875 1238.43908691406 1223.1201171875 1212.41003417969 1254.22009277344 1284.67907714844 1327.66003417969 1367.55004882812 1410.76000976562 1434.90905761719 1396.32006835938 1347.45007324219 1320.77001953125 1298.39904785156 1291.76000976562 1263.0390625
1402.36010742188 1378.28002929688 1364.51904296875 1356.31005859375 1331.46911621094 1296.82006835938 1282.13000488281 1274.02001953125 1272.48901367188 1221.39904785156 1197.09008789062 1219.30908203125 1246.85009765625 1256.48010253906 1264.80004882812 1266.60900878906 1252.70007324219 1228.19006347656 1219.88903808594 1241.35009765625 1284.04907226562 1305.00903320312 1291.84912109375 1251.81909179688 1223.46008300781 1245.55908203125 1254.68908691406 1261.81005859375 1208.10900878906 1142.24011230469 1199.5400390625 1241.9990234375 1229.16906738281 1211.05004882812 1218.76000976562 1243.25 1268.90905761719 1246.90905761719 1235.0791015625 1217.00903320312 1225.01000976562 1253.72900390625 1272.2900390625 1309.51000976562 1371.080078125 1433.06005859375 1450.57006835938 1451.55004882812 1415.86010742188 1371.35009765625 1313.17004394531 1297.21911621094 1311.16003417969
1418.09912109375 1419.0400390625 1391.68005371094 1350.42004394531 1315.16906738281 1301.02001953125 1298.9990234375 1299.17004394531 1298.65002441406 1269.92004394531 1250.52001953125 1262.79907226562 1252.61010742188 1249.70910644531 1259.65002441406 1263.09008789062 1261.52001953125 1244.81909179688 1231.80908203125 1233.830078125 1253.19909667969 1271.58911132812 1267.89904785156 1260.46911621094 1251.88903808594 1270.68908691406 1286.33911132812 1293.45910644531 1261.44006347656 1209.06005859375 1188.83911132812 1214.18005371094 1247.71008300781 1252.09008789062 1242.63000488281 1236.9990234375 1243.89001464844 1248.56909179688 1263.20910644531 1275.61010742188 1297.78002929688 1314.23010253906 1317.15905761719 1340.09912109375 1367.96008300781 1382.72912597656 1406.15002441406 1430.18005371094 1404.9990234375 1360.5400390625 1322.10009765625 1323.8701171875 1357.37902832031
1386.98010253906 1369.86010742188 1342.37902832031 1324.70007324219 1329.2890625 1316.48901367188 1293.24011230469 1289.63000488281 1296.76000976562 1282.99011230469 1257.18005371094 1259.86010742188 1247.4990234375 1257.28002929688 1283.65002441406 1280.00903320312 1253.84008789062 1239.80908203125 1221.81909179688 1206.61901855469 1223.61901855469 1255.05908203125 1281.70007324219 1291.50012207031 1309.37902832031 1314.59912109375 1324.08911132812 1318.51000976562 1274.86901855469 1212.330078125 1186.98901367188 1208.50903320312 1222.99011230469 1228.80004882812 1217.87902832031 1212.70910644531 1221.05004882812 1266.52001953125 1319.90002441406 1355.52001953125 1377.11010742188 1396.40002441406 1382.7900390625 1382.47009277344 1391.36010742188 1400.08911132812 1417.01000976562 1434.0791015625 1401.62902832031 1354.26000976562 1323.52001953125 1348.44909667969 1383.0791015625
1372.61010742188 1329.96911621094 1313.29907226562 1334.98010253906 1358.43005371094 1338.15905761719 1290.59008789062 1267.71911621094 1264.16906738281 1251.56909179688 1245.46008300781 1272.40905761719 1274.46008300781 1275.65905761719 1282.78002929688 1266.7890625 1240.27001953125 1239.61901855469 1208.70007324219 1191.15002441406 1222.0390625 1254.71008300781 1273.10900878906 1294.09008789062 1304.84912109375 1305.73010253906 1314.2900390625 1280.45007324219 1243.13903808594 1229.27905273438 1221.0791015625 1220.65002441406 1222.20910644531 1230.85900878906 1242.80908203125 1249.64904785156 1265.17907714844 1313.47009277344 1378.14001464844 1400.12902832031 1411.60009765625 1409.31005859375 1385.63000488281 1399.16003417969 1438.81909179688 1445.81909179688 1487.3701171875 1505.96911621094 1457.63012695312 1281.3291015625 1319.79907226562 1386.11010742188 1410.0400390625
1346.66906738281 1330.58911132812 1312.5791015625 1324.89904785156 1342.7890625 1308.51000976562 1280.15002441406 1248.15905761719 1220.10009765625 1219.93908691406 1244.60900878906 1274.97009277344 1289.23010253906 1274.7890625 1255.35900878906 1219.13000488281 1207.49011230469 1188.74011230469 1170.92907714844 1171.31005859375 1210.49011230469 1245.20910644531 1265.20910644531 1264.55004882812 1262.5791015625 1272.10900878906 1268.42907714844 1230.76904296875 1208.830078125 1230.97900390625 1282.39904785156 1292.13903808594 1280.5390625 1293.93005371094 1336.52001953125 1369.79907226562 1385.34912109375 1400.93908691406 1420.91003417969 1419.6201171875 1410.2890625 1411.17004394531 1413.90905761719 1435.5400390625 1464.22912597656 1450.24011230469 1455.00012207031 1484.36010742188 1474.06909179688 1402.18005371094 1407.07006835938 1431.07006835938 1460.98901367188
1316.82006835938 1294.00012207031 1256.96008300781 1238.66003417969 1220.03002929688 1238.96008300781 1260.46008300781 1246.31909179688 1219.05908203125 1219.66906738281 1242.23901367188 1276.55908203125 1303.330078125 1279.7490234375 1230.15002441406 1190.05004882812 1196.01904296875 1195.88000488281 1187.82006835938 1180.25 1194.4990234375 1223.63903808594 1252.9990234375 1248.47900390625 1234.57006835938 1231.67004394531 1240.02001953125 1240.03002929688 1252.5 1303.19006347656 1359.26904296875 1360.80004882812 1344.5390625 1363.70910644531 1415.54907226562 1465.55004882812 1499.50012207031 1490.01000976562 1469.64904785156 1445.60009765625 1411.21008300781 1405.44006347656 1433.31005859375 1451.63903808594 1438.36901855469 1426.68908691406 1423.45007324219 1425.2490234375 1412.49011230469 1412.16003417969 1415.44909667969 1403.10009765625 1408.07006835938
1273.84912109375 1252.71911621094 1225.34008789062 1199.61901855469 1157.27905273438 1192.11901855469 1232.59899902344 1211.15002441406 1165.97009277344 1166.46911621094 1196.45007324219 1239.29907226562 1280.71008300781 1286.75012207031 1238.76904296875 1212.47900390625 1195.90002441406 1195.29907226562 1172.69006347656 1165.11999511719 1173.27001953125 1212.330078125 1245.39904785156 1259.01904296875 1261.41906738281 1266.38000488281 1301.30004882812 1356.31909179688 1375.17907714844 1383.7900390625 1412.73010253906 1418.02001953125 1427.25903320312 1453.83911132812 1487.49011230469 1497.62902832031 1481.43908691406 1438.50903320312 1411.35900878906 1388.92004394531 1384.52001953125 1403.98010253906 1440.90905761719 1448.2890625 1415.28002929688 1419.14904785156 1417.27001953125 1385.88903808594 1386.30908203125 1399.00012207031 1405.69006347656 1390.19909667969 1387.93908691406
1254.66003417969 1238.22009277344 1219.16003417969 1194.10900878906 1162.05908203125 1177.36010742188 1195.08911132812 1164.32006835938 1099.21008300781 1052.73010253906 1083.4990234375 1156.52905273438 1188.53002929688 1182.65002441406 1168.88000488281 1177.60900878906 1192.85009765625 1182.41906738281 1184.80004882812 1193.3291015625 1242.22900390625 1277.73901367188 1308.66906738281 1344.56005859375 1346.97900390625 1317.96911621094 1344.59008789062 1400.3701171875 1412.24011230469 1395.330078125 1426.23010253906 1459.63903808594 1502.72912597656 1524.91003417969 1520.73901367188 1478.15905761719 1438.70007324219 1428.40905761719 1415.24011230469 1429.06909179688 1449.40905761719 1458.96008300781 1440.10009765625 1409.40905761719 1409.89904785156 1400.10009765625 1398.59008789062 1426.11010742188 1459.30004882812 1451.04907226562 1467.82006835938 1431.43908691406 1393.93908691406
1235.28002929688 1215.68908691406 1202.98901367188 1186.94006347656 1164.73010253906 1143.14904785156 1120.06909179688 1085.45910644531 1042.20910644531 998.139038085938 994.989074707031 1127.27001953125 1158.0400390625 1141.64904785156 1159.29907226562 1181.89001464844 1178.88903808594 1182.31909179688 1200.9990234375 1244.76904296875 1327.65002441406 1353.98901367188 1408.0400390625 1413.2890625 1401.46911621094 1372.84912109375 1363.39904785156 1403.8291015625 1431.25903320312 1429.96911621094 1449.82006835938 1500.22009277344 1540.13012695312 1546.87902832031 1505.25903320312 1429.98901367188 1402.78002929688 1435.55004882812 1457.26000976562 1498.55908203125 1535.82006835938 1531.25012207031 1476.56005859375 1428.26000976562 1414.56909179688 1398.61010742188 1415.54907226562 1444.97912597656 1469.20007324219 1462.80908203125 1449.01000976562 1400.12902832031 1408.36901855469
1203.37902832031 1175.62902832031 1162.7490234375 1152.98901367188 1137.50903320312 1110.27001953125 1080.16906738281 1068.76904296875 1074.18005371094 1055.94006347656 1100.56909179688 1187.93005371094 1189.44909667969 1155.04907226562 1150.73010253906 1148.42907714844 1147.13000488281 1156.16906738281 1176.27905273438 1228.05004882812 1299.97009277344 1360.63903808594 1391.00012207031 1398.31909179688 1399.33911132812 1372.71911621094 1380.78002929688 1401.59008789062 1418.00903320312 1430.34008789062 1467.16906738281 1514.97009277344 1493.5400390625 1462.13903808594 1431.92004394531 1396.77001953125 1403.27001953125 1440.41003417969 1484.35913085938 1543.5791015625 1591.73913574219 1591.20007324219 1546.85009765625 1507.84912109375 1481.68908691406 1477.81005859375 1465.64904785156 1429.21911621094 1424.95007324219 1422.7900390625 1423.15002441406 1384.89001464844 1368.34912109375
1165.72009277344 1158.39904785156 1149.91003417969 1141.47900390625 1133.41003417969 1110.25903320312 1108.62902832031 1140.50903320312 1162.57006835938 1169.96911621094 1191.71911621094 1222.40905761719 1224.16003417969 1176.84008789062 1147.05908203125 1133.76904296875 1135.01000976562 1148.68908691406 1168.45007324219 1217.13000488281 1264.39001464844 1329.8701171875 1370.44909667969 1399.40905761719 1401.21911621094 1403.08911132812 1426.35009765625 1422.63012695312 1394.84008789062 1388.80908203125 1407.34912109375 1442.0791015625 1451.75903320312 1457.75012207031 1457.47009277344 1433.45007324219 1433.10900878906 1461.8701171875 1502.76904296875 1546.04907226562 1566.18908691406 1557.21008300781 1550.49011230469 1536.5791015625 1498.5400390625 1481.61010742188 1458.98010253906 1410.61901855469 1381.5791015625 1376.74011230469 1388.84008789062 1360.25903320312 1349.43908691406
