PresentLayers/tdmean.asc
NCOLS 292 
NROWS 291 
XLLCORNER -87.6458333327872 
YLLCORNER 24.4791666666667 
CELLSIZE 0.0416666666669039 
NODATA_value -3.4e+38 
[rows 96 to 119 of 291, columns 53 to 105 of 292]
-3.4e+38 -3.4e+38 -3.4e+38 -3.4e+38 -3.4e+38 -3.4e+38 -3.4e+38 -3.4e+38 -3.4e+38 12.1540002822876 12.0130004882812 11.8590002059937 11.7760009765625 11.8700008392334 11.9180002212524 12.0890007019043 12.2110004425049 12.3580007553101 12.4870004653931 12.576000213623 12.6240005493164 12.6120004653931 12.5970001220703 12.5110006332397 12.6950006484985 12.7750005722046 12.7920007705688 12.8400001525879 12.8450002670288 12.7470006942749 12.6390008926392 12.5960006713867 12.6490001678467 12.7130002975464 12.5570001602173 12.4440002441406 12.4060001373291 12.456000328064 12.5350008010864 12.5460004806519 12.3860006332397 12.3980007171631 12.5210008621216 12.6140003204346 12.7250003814697 12.8700008392334 12.7480001449585 12.7490005493164 12.7640008926392 12.814001083374 12.8360004425049 12.8450002670288 12.863000869751
-3.4e+38 -3.4e+38 -3.4e+38 -3.4e+38 -3.4e+38 -3.4e+38 -3.4e+38 -3.4e+38 -3.4e+38 -3.4e+38 11.9270009994507 11.7360010147095 11.7410001754761 11.9140005111694 12.0250005722046 12.1940002441406 12.3090009689331 12.4820003509521 12.6050004959106 12.7370004653931 12.7580003738403 12.7310009002686 12.6760005950928 12.5600004196167 12.6750001907349 12.8230009078979 12.9190006256104 12.939001083374 12.951000213623 12.8250007629395 12.6990003585815 12.6730003356934 12.7490005493164 12.826000213623 12.778000831604 12.5230007171631 12.5070009231567 12.4810009002686 12.4930009841919 12.4740009307861 12.5630006790161 12.5490007400513 12.6390008926392 12.6890001296997 12.7700004577637 12.8390007019043 12.78600025177 12.7790002822876 12.8060007095337 12.8340005874634 12.8640003204346 12.8540010452271 12.8890008926392
-3.4e+38 -3.4e+38 -3.4e+38 -3.4e+38 -3.4e+38 -3.4e+38 -3.4e+38 -3.4e+38 -3.4e+38 -3.4e+38 -3.4e+38 11.8170003890991 11.7770004272461 11.9240007400513 12.0580005645752 12.1940002441406 12.3000001907349 12.4990005493164 12.581000328064 12.5960006713867 12.6380004882812 12.6650009155273 12.6400003433228 12.5930004119873 12.5840005874634 12.7520008087158 12.9230003356934 12.9840002059937 12.9270009994507 12.8460006713867 12.7700004577637 12.7730007171631 12.8750009536743 12.9740009307861 12.9590005874634 12.6650009155273 12.6410007476807 12.6500005722046 12.6310005187988 12.6710004806519 12.706000328064 12.8470010757446 12.8800010681152 12.8520002365112 12.8240003585815 12.8400001525879 12.8680009841919 12.8300008773804 12.8720006942749 12.903000831604 12.9240007400513 12.943000793457 12.9640007019043
-3.4e+38 -3.4e+38 -3.4e+38 -3.4e+38 -3.4e+38 -3.4e+38 -3.4e+38 -3.4e+38 -3.4e+38 -3.4e+38 -3.4e+38 12.0890007019043 12.0240001678467 12.0670003890991 12.1740007400513 12.2900009155273 12.4200010299683 12.5200004577637 12.5900001525879 12.7000007629395 12.6470003128052 12.53600025177 12.6550006866455 12.5470008850098 12.613000869751 12.7200002670288 12.8040008544922 12.8390007019043 12.8090009689331 12.7850008010864 12.7650003433228 12.8290004730225 12.9690008163452 13.0580005645752 12.9490003585815 12.7570009231567 12.7210006713867 12.7850008010864 12.8000001907349 12.8440008163452 12.9340009689331 12.9300003051758 12.9710006713867 13.03600025177 12.9150009155273 12.9240007400513 12.9350004196167 12.8700008392334 12.8960008621216 12.8950004577637 12.9420003890991 13.0030002593994 13.0960006713867
-3.4e+38 -3.4e+38 -3.4e+38 -3.4e+38 -3.4e+38 -3.4e+38 -3.4e+38 -3.4e+38 -3.4e+38 -3.4e+38 -3.4e+38 12.3610010147095 12.3400001525879 12.318000793457 12.3690004348755 12.4810009002686 12.5430002212524 12.5670003890991 12.6420001983643 12.7140007019043 12.7090005874634 12.5450010299683 12.6980009078979 12.7670001983643 12.6940002441406 12.8350009918213 12.8380002975464 12.8560009002686 12.8500003814697 12.8370008468628 12.8190002441406 12.8690004348755 13.0050010681152 13.0840005874634 12.8820009231567 12.8780002593994 12.8550004959106 12.8590002059937 12.9100008010864 12.9670009613037 13.0010004043579 13.0150003433228 13.0830001831055 13.1150007247925 13.1250009536743 13.1500005722046 13.1250009536743 12.9770002365112 13.0120010375977 12.9990005493164 13.0700006484985 13.1370010375977 13.2080001831055
-3.4e+38 -3.4e+38 -3.4e+38 -3.4e+38 -3.4e+38 -3.4e+38 -3.4e+38 -3.4e+38 -3.4e+38 -3.4e+38 -3.4e+38 12.6400003433228 12.621000289917 12.6180009841919 12.6100006103516 12.6070003509521 12.6270008087158 12.6430006027222 12.6640005111694 12.6550006866455 12.6260004043579 12.6710004806519 12.7570009231567 12.8480005264282 12.8530006408691 12.7980003356934 12.8700008392334 12.8830003738403 12.9400005340576 12.9840002059937 13.0020008087158 13.0590009689331 13.1200008392334 13.2320003509521 13.0390005111694 12.9570007324219 12.9440002441406 12.9540004730225 12.8020009994507 12.7610006332397 12.7920007705688 12.8070001602173 12.9200010299683 12.952000617981 13.0990009307861 13.1550006866455 13.2650003433228 13.1430006027222 13.113000869751 13.1380004882812 13.1750001907349 13.2320003509521 13.2560005187988
-3.4e+38 -3.4e+38 -3.4e+38 -3.4e+38 -3.4e+38 -3.4e+38 -3.4e+38 -3.4e+38 -3.4e+38 -3.4e+38 12.7900009155273 12.8300008773804 12.8030004501343 12.7340002059937 12.6910009384155 12.6740007400513 12.6770009994507 12.6730003356934 12.7000007629395 12.7170009613037 12.7530002593994 12.7400007247925 12.7880010604858 12.8440008163452 12.9080009460449 12.8960008621216 12.9180002212524 13.0000009536743 12.9140005111694 12.9600009918213 12.9850006103516 13.1600008010864 13.1880006790161 13.2650003433228 13.1070003509521 13.0450010299683 13.0290002822876 13.0390005111694 12.7330007553101 12.7640008926392 12.8740005493164 12.8700008392334 13.0070009231567 13.0900001525879 13.1370010375977 13.1910009384155 13.2900009155273 13.2760009765625 13.2480010986328 13.2550010681152 13.2990007400513 13.3110008239746 13.331000328064
-3.4e+38 -3.4e+38 -3.4e+38 -3.4e+38 -3.4e+38 -3.4e+38 -3.4e+38 -3.4e+38 -3.4e+38 -3.4e+38 -3.4e+38 -3.4e+38 12.7320003509521 12.7480001449585 12.8290004730225 12.8090009689331 12.7320003509521 12.7240009307861 12.7600002288818 12.8080005645752 12.7720003128052 12.7880010604858 12.7990007400513 12.8330001831055 12.9040002822876 12.9020004272461 13.0050010681152 12.9720010757446 13.0530004501343 13.0390005111694 13.0090007781982 13.0120010375977 13.1720008850098 13.327000617981 13.2050008773804 13.1700010299683 13.1110010147095 13.0570001602173 12.8390007019043 12.826000213623 12.9640007019043 13.0870008468628 13.206000328064 13.2680006027222 13.2250003814697 13.2040004730225 13.282000541687 13.3470010757446 13.3200006484985 13.3510007858276 13.3880004882812 13.439001083374 13.4940004348755
-3.4e+38 -3.4e+38 -3.4e+38 -3.4e+38 -3.4e+38 -3.4e+38 -3.4e+38 -3.4e+38 -3.4e+38 -3.4e+38 -3.4e+38 -3.4e+38 -3.4e+38 12.7840003967285 12.8030004501343 12.8470010757446 12.8900003433228 12.8370008468628 12.7990007400513 12.8340005874634 12.8520002365112 12.8810005187988 12.8800010681152 12.8950004577637 12.8590002059937 12.8240003585815 12.82200050354 12.8440008163452 12.8420009613037 12.939001083374 13.068000793457 13.1250009536743 13.193000793457 13.3910007476807 13.3010005950928 13.2490005493164 13.1040010452271 13.1000003814697 13.0350008010864 13.0370006561279 13.1120004653931 13.1810007095337 13.1920003890991 13.2880010604858 13.2960004806519 13.3470010757446 13.3510007858276 13.3730010986328 13.4210004806519 13.3750009536743 13.4320011138916 13.5120010375977 13.6290006637573
-3.4e+38 -3.4e+38 -3.4e+38 -3.4e+38 -3.4e+38 -3.4e+38 -3.4e+38 -3.4e+38 -3.4e+38 -3.4e+38 -3.4e+38 -3.4e+38 12.8190002441406 12.8690004348755 12.9210004806519 12.9440002441406 12.9240007400513 12.9440002441406 12.9360008239746 12.9450006484985 12.9200010299683 12.9380006790161 12.8420009613037 12.8170003890991 12.8940010070801 12.8700008392334 12.8950004577637 12.8850002288818 12.9490003585815 12.9440002441406 12.956000328064 13.0540008544922 13.1480007171631 13.3550004959106 13.3160009384155 13.1790008544922 13.1800003051758 13.2730007171631 13.2200002670288 13.2270002365112 13.2540006637573 13.2440004348755 13.2590007781982 13.2610006332397 13.3080005645752 13.3390007019043 13.3660001754761 13.4100008010864 13.4340009689331 13.4380006790161 13.4620008468628 13.5650005340576 13.7350006103516
-3.4e+38 -3.4e+38 -3.4e+38 -3.4e+38 -3.4e+38 -3.4e+38 -3.4e+38 -3.4e+38 -3.4e+38 -3.4e+38 12.6090002059937 12.8960008621216 12.8800010681152 12.8640003204346 12.8820009231567 12.9100008010864 12.9240007400513 12.939001083374 12.9760007858276 12.9990005493164 12.9850006103516 12.9290008544922 12.9450006484985 12.8410005569458 12.7990007400513 12.9550008773804 12.9080009460449 12.9790010452271 12.9350004196167 12.9720010757446 13.0240001678467 12.9900007247925 13.1040010452271 13.3570003509521 13.3950004577637 13.3040008544922 13.4120006561279 13.3860006332397 13.3660001754761 13.3490009307861 13.3240003585815 13.3190002441406 13.3880004882812 13.4130010604858 13.4020004272461 13.4600009918213 13.4890003204346 13.5480003356934 13.4990005493164 13.4320011138916 13.5200004577637 13.576000213623 13.742000579834
-3.4e+38 -3.4e+38 -3.4e+38 -3.4e+38 -3.4e+38 -3.4e+38 -3.4e+38 -3.4e+38 -3.4e+38 12.5080003738403 12.7510004043579 12.8820009231567 12.8690004348755 12.8540010452271 12.8540010452271 12.9000005722046 12.8650007247925 12.9350004196167 12.9930009841919 13.0100002288818 12.9940004348755 13.0400009155273 13.1150007247925 12.9530010223389 12.8960008621216 12.9020004272461 13.0540008544922 13.1470003128052 13.0530004501343 13.0060005187988 13.0420007705688 13.0120010375977 13.1030006408691 13.2290010452271 13.5090007781982 13.4440002441406 13.4710006713867 13.5090007781982 13.5110006332397 13.4750003814697 13.4440002441406 13.3560009002686 13.3970003128052 13.4640007019043 13.4800004959106 13.5500001907349 13.5940008163452 13.6270008087158 13.6350002288818 13.5430002212524 13.5150003433228 13.5630006790161 13.701000213623
-3.4e+38 -3.4e+38 -3.4e+38 -3.4e+38 -3.4e+38 -3.4e+38 -3.4e+38 -3.4e+38 -3.4e+38 12.6390008926392 12.7740001678467 12.8880004882812 13.028000831604 13.0170001983643 12.9130010604858 12.9210004806519 12.8700008392334 12.9250001907349 13.0050010681152 12.9850006103516 12.9990005493164 13.0200004577637 13.1090002059937 13.0260009765625 13.1320009231567 12.9670009613037 13.0200004577637 13.0940008163452 13.1650009155273 13.1200008392334 13.1110010147095 13.2520008087158 13.2670001983643 13.4000005722046 13.5870008468628 13.5830001831055 13.5390005111694 13.5830001831055 13.5730009078979 13.5860004425049 13.5630006790161 13.4210004806519 13.3700008392334 13.496000289917 13.4990005493164 13.5600004196167 13.657000541687 13.689001083374 13.6690006256104 13.57200050354 13.5090007781982 13.5410003662109 13.6950006484985
-3.4e+38 -3.4e+38 -3.4e+38 -3.4e+38 -3.4e+38 -3.4e+38 -3.4e+38 -3.4e+38 -3.4e+38 12.8840007781982 13.0210008621216 13.064001083374 13.1120004653931 12.9990005493164 12.8940010070801 12.9100008010864 12.867000579834 12.8740005493164 12.867000579834 12.9240007400513 12.9450006484985 13.0290002822876 13.1940002441406 13.1670007705688 13.1060009002686 12.9950008392334 13.0380010604858 13.0500001907349 13.2040004730225 13.2790002822876 13.2750005722046 13.403000831604 13.5290002822876 13.5380010604858 13.6670007705688 13.7710008621216 13.6510009765625 13.6400003433228 13.6370010375977 13.6750001907349 13.706000328064 13.621000289917 13.4830007553101 13.4830007553101 13.5210008621216 13.6700010299683 13.7360010147095 13.7350006103516 13.701000213623 13.5530004501343 13.4570007324219 13.5420007705688 13.6820011138916
-3.4e+38 -3.4e+38 -3.4e+38 -3.4e+38 -3.4e+38 -3.4e+38 -3.4e+38 -3.4e+38 -3.4e+38 13.0400009155273 13.1740007400513 13.1440010070801 13.0830001831055 12.9780006408691 12.9260005950928 12.8940010070801 12.8960008621216 12.8800010681152 12.8760004043579 12.9310007095337 12.9740009307861 13.0370006561279 13.1980009078979 13.2690010070801 13.1300010681152 13.1140003204346 13.1230010986328 13.1950006484985 13.326000213623 13.3750009536743 13.4450006484985 13.4140005111694 13.5060005187988 13.6380004882812 13.6840009689331 13.7760009765625 13.7840003967285 13.7600002288818 13.7890005111694 13.7970008850098 13.8160009384155 13.7640008926392 13.6090002059937 13.653000831604 13.6920003890991 13.6960010528564 13.774001121521 13.7590007781982 13.6630010604858 13.613000869751 13.5410003662109 13.4670009613037 13.4860010147095
-3.4e+38 -3.4e+38 -3.4e+38 -3.4e+38 -3.4e+38 -3.4e+38 -3.4e+38 -3.4e+38 -3.4e+38 13.2090005874634 13.2900009155273 13.2040004730225 13.1200008392334 13.0540008544922 13.0230007171631 13.0170001983643 13.0080003738403 12.9490003585815 12.943000793457 12.9820003509521 13.0480003356934 13.1770009994507 13.1680002212524 13.2850008010864 13.3660001754761 13.2740001678467 13.2550010681152 13.3230009078979 13.3640003204346 13.4940004348755 13.4790010452271 13.4500007629395 13.568000793457 13.66100025177 13.702000617981 13.7610006332397 13.8500003814697 13.8890008926392 13.8730010986328 13.8450002670288 13.7970008850098 13.7050008773804 13.7230005264282 13.7790002822876 13.8170003890991 13.7850008010864 13.7910003662109 13.8590002059937 13.8070011138916 13.7410011291504 13.7200002670288 13.5650005340576 13.4700002670288
-3.4e+38 -3.4e+38 -3.4e+38 -3.4e+38 -3.4e+38 -3.4e+38 -3.4e+38 -3.4e+38 13.2270002365112 13.3610010147095 13.3610010147095 13.246000289917 13.2750005722046 13.1640005111694 13.1330003738403 13.117000579834 13.0800008773804 13.0390005111694 13.0370006561279 13.1140003204346 13.1410007476807 13.1600008010864 13.1860008239746 13.3190002441406 13.439001083374 13.4730005264282 13.3640003204346 13.4090003967285 13.4500007629395 13.532000541687 13.5580005645752 13.5390005111694 13.5830001831055 13.6750001907349 13.6960010528564 13.7550010681152 13.8470010757446 13.8510007858276 13.899001121521 13.9100008010864 13.8770008087158 13.8520002365112 13.8580007553101 13.7930002212524 13.831000328064 13.867000579834 13.8430004119873 13.9060010910034 13.8840007781982 13.7250003814697 13.6310005187988 13.689001083374 13.617000579834
-3.4e+38 -3.4e+38 -3.4e+38 -3.4e+38 -3.4e+38 -3.4e+38 -3.4e+38 -3.4e+38 13.2310009002686 13.3580007553101 13.3100004196167 13.2950010299683 13.2900009155273 13.2510004043579 13.2530002593994 13.2170009613037 13.1870002746582 13.1650009155273 13.1700010299683 13.2340002059937 13.2530002593994 13.3000001907349 13.2790002822876 13.2510004043579 13.3820009231567 13.5140008926392 13.5440006256104 13.5190010070801 13.5150003433228 13.6200008392334 13.6340007781982 13.6560010910034 13.6390008926392 13.6990003585815 13.7370004653931 13.8030004501343 13.8490009307861 13.8240003585815 13.8420009613037 13.8770008087158 13.8010005950928 13.899001121521 13.9190006256104 13.9420003890991 13.9440002441406 14.0000009536743 13.956000328064 13.943000793457 13.9830007553101 13.738000869751 13.6240005493164 13.5750007629395 13.6140003204346
-3.4e+38 -3.4e+38 -3.4e+38 -3.4e+38 -3.4e+38 -3.4e+38 -3.4e+38 13.2080001831055 13.3380002975464 13.3590002059937 13.2970008850098 13.2650003433228 13.2760009765625 13.3160009384155 13.3250007629395 13.3280010223389 13.2880010604858 13.2870006561279 13.3370008468628 13.2370004653931 13.3600006103516 13.3800010681152 13.3500003814697 13.3020009994507 13.3790006637573 13.3920001983643 13.4850006103516 13.5330009460449 13.5710010528564 13.6160001754761 13.7230005264282 13.7090005874634 13.6810007095337 13.706000328064 13.7730007171631 13.8640003204346 13.8590002059937 13.8910007476807 13.8860006332397 13.8650007247925 13.82200050354 13.9290008544922 14.0190010070801 14.0560007095337 14.0600004196167 14.0200004577637 13.9400005340576 13.9270009994507 13.9570007324219 13.8350009918213 13.7140007019043 13.57200050354 13.5370006561279
-3.4e+38 -3.4e+38 -3.4e+38 -3.4e+38 -3.4e+38 -3.4e+38 -3.4e+38 13.193000793457 13.2980003356934 13.3150005340576 13.2700004577637 13.2900009155273 13.2950010299683 13.2880010604858 13.3030004501343 13.3380002975464 13.3250007629395 13.3870010375977 13.3650007247925 13.41100025177 13.3860006332397 13.4350004196167 13.3510007858276 13.3840007781982 13.4130010604858 13.3990001678467 13.4940004348755 13.5300006866455 13.617000579834 13.6450004577637 13.7050008773804 13.7360010147095 13.69700050354 13.7160005569458 13.8380002975464 13.8300008773804 13.8520002365112 13.8660011291504 13.8600006103516 13.8840007781982 13.8510007858276 13.9530010223389 14.0690002441406 14.0830011367798 14.0530004501343 14.0190010070801 13.9420003890991 13.8970003128052 13.9190006256104 13.9040002822876 13.7160005569458 13.6780004501343 13.6640005111694
-3.4e+38 -3.4e+38 -3.4e+38 -3.4e+38 -3.4e+38 -3.4e+38 -3.4e+38 -3.4e+38 13.4340009689331 13.4650011062622 13.4340009689331 13.3750009536743 13.3440008163452 13.3910007476807 13.3900003433228 13.3890008926392 13.4130010604858 13.4550008773804 13.4200010299683 13.4170007705688 13.5100002288818 13.4570007324219 13.4190006256104 13.4340009689331 13.4600009918213 13.4720010757446 13.4790010452271 13.5620002746582 13.6840009689331 13.7100009918213 13.702000617981 13.7300004959106 13.7250003814697 13.7550010681152 13.8510007858276 13.8510007858276 13.8910007476807 13.8890008926392 13.8970003128052 13.8840007781982 13.9010009765625 14.0050010681152 14.113000869751 14.0990009307861 14.0450010299683 13.9820003509521 13.956000328064 13.9130010604858 13.8650007247925 13.871000289917 13.9000005722046 13.9040002822876 13.8560009002686
-3.4e+38 -3.4e+38 -3.4e+38 -3.4e+38 -3.4e+38 -3.4e+38 -3.4e+38 -3.4e+38 13.5750007629395 13.5940008163452 13.6020002365112 13.4890003204346 13.4290008544922 13.4450006484985 13.5080003738403 13.5780010223389 13.5750007629395 13.6240005493164 13.5860004425049 13.5690002441406 13.5490007400513 13.5580005645752 13.456000328064 13.4710006713867 13.4640007019043 13.5000009536743 13.4450006484985 13.5910005569458 13.6580009460449 13.7250003814697 13.7190008163452 13.7350006103516 13.7410011291504 13.78600025177 13.8560009002686 13.9040002822876 13.903000831604 13.9080009460449 13.939001083374 13.9600009918213 14.0370006561279 14.1220006942749 14.157000541687 14.1650009155273 14.1500005722046 14.0530004501343 13.9840002059937 13.9450006484985 13.907000541687 13.8160009384155 13.9180002212524 13.8460006713867 13.8430004119873
-3.4e+38 -3.4e+38 -3.4e+38 -3.4e+38 -3.4e+38 -3.4e+38 -3.4e+38 -3.4e+38 13.7330007553101 13.7300004959106 13.7140007019043 13.6390008926392 13.5400009155273 13.5500001907349 13.5730009078979 13.6070003509521 13.6760005950928 13.69700050354 13.6630010604858 13.6440010070801 13.6180009841919 13.6090002059937 13.5230007171631 13.5400009155273 13.5800008773804 13.5450010299683 13.5460004806519 13.5950002670288 13.6200008392334 13.6730003356934 13.689001083374 13.7230005264282 13.7620010375977 13.7930002212524 13.8890008926392 13.9090003967285 13.9290008544922 13.9610004425049 13.9750003814697 14.0110006332397 14.1400003433228 14.1670007705688 14.157000541687 14.1510009765625 14.1630010604858 14.1110010147095 14.1000003814697 14.081000328064 14.028000831604 14.0000009536743 13.9730005264282 13.8700008392334 13.8530006408691
-3.4e+38 -3.4e+38 -3.4e+38 -3.4e+38 -3.4e+38 -3.4e+38 -3.4e+38 -3.4e+38 -3.4e+38 13.8080005645752 13.8150005340576 13.7850008010864 13.6910009384155 13.6190004348755 13.6430006027222 13.6770009994507 13.7560005187988 13.774001121521 13.7040004730225 13.7170009613037 13.6800003051758 13.7100009918213 13.6260004043579 13.6420001983643 13.6430006027222 13.6510009765625 13.6430006027222 13.5960006713867 13.568000793457 13.5560007095337 13.6270008087158 13.6730003356934 13.7490005493164 13.8420009613037 13.8720006942749 13.8940010070801 13.9590005874634 14.0340003967285 14.1250009536743 14.1580009460449 14.2110004425049 14.1830005645752 14.1690006256104 14.1820011138916 14.202000617981 14.2150011062622 14.1640005111694 14.1420001983643 14.1010007858276 14.1250009536743 14.0830011367798 14.0160007476807 14.0020008087158
