PresentLayers/tdmean.asc
NCOLS 292 
NROWS 291 
XLLCORNER -87.6458333327872 
YLLCORNER 24.4791666666667 
CELLSIZE 0.0416666666669039 
NODATA_value -3.4e+38 
[rows 48 to 71 of 291, columns 53 to 105 of 292]
9.47600078582764 9.72400093078613 9.72100067138672 9.64700031280518 9.54600048065186 9.62900066375732 9.64800071716309 9.61100006103516 9.64300060272217 9.86700057983398 9.94000053405762 10 10.0550003051758 10.076000213623 10.0920000076294 10.0920000076294 10.0690002441406 10.0200004577637 9.87400054931641 9.70600032806396 9.53900051116943 9.57900047302246 9.56599998474121 9.4370002746582 9.2160005569458 8.86600017547607 8.41600036621094 8.36400032043457 7.55000019073486 7.95100021362305 8.8430004119873 9.05400085449219 9.0580005645752 9.07000064849854 9.09000015258789 8.97800064086914 8.95400047302246 8.94900035858154 8.97100067138672 8.88400077819824 8.90700054168701 9.10500049591064 9.17400074005127 9.26900005340576 9.28500080108643 9.28000068664551 9.28000068664551 9.30200004577637 9.41800022125244 9.8100004196167 10.1370000839233 10.2510004043579 10.2600002288818
9.66100025177002 9.69300079345703 9.70300006866455 9.76600074768066 9.60500049591064 9.7470006942749 9.75700092315674 9.61900043487549 9.55300045013428 9.84900093078613 9.92400074005127 9.94100093841553 9.97800064086914 10.0240001678467 10.0510005950928 10.0540008544922 10.0270004272461 9.98000049591064 9.77600002288818 9.83000087738037 9.74400043487549 9.76900005340576 9.67700004577637 9.45700073242188 9.10100078582764 7.55200052261353 7.43600034713745 8.86600017547607 8.98500061035156 9.10900020599365 9.13600063323975 9.10100078582764 9.19600009918213 9.20900058746338 9.14900016784668 9.13300037384033 9.14700031280518 9.06500053405762 8.96300029754639 8.88199996948242 9.08000087738037 9.26800060272217 9.32700061798096 9.39400005340576 9.27000045776367 9.28500080108643 9.27600002288818 9.39900016784668 9.69300079345703 9.98800086975098 10.2160005569458 10.2210006713867 10.1860008239746
9.778000831604 9.72400093078613 9.76500034332275 9.72900009155273 9.79000091552734 9.79000091552734 9.75200080871582 9.84800052642822 9.875 10 9.92300033569336 9.90900039672852 9.92400074005127 9.97100067138672 10.0200004577637 10.0470008850098 10.0330009460449 9.93800067901611 9.80300045013428 9.72400093078613 9.8700008392334 9.86400032043457 9.72500038146973 9.54800033569336 9.46900081634521 9.21000003814697 7.54300022125244 8.94300079345703 9.28299999237061 9.29400062561035 9.22000026702881 9.16000080108643 9.21100044250488 9.24300003051758 9.28200054168701 9.25 9.18100070953369 9.24000072479248 9.11000061035156 9.01300048828125 9.11300086975098 9.15700054168701 9.43100070953369 9.37900066375732 9.35500049591064 9.19200038909912 9.39900016784668 9.68400001525879 9.79000091552734 10.0490007400513 10.1370000839233 10.2630004882812 10.2410001754761
9.83800029754639 9.83100032806396 9.79400062561035 9.7480001449585 9.82800006866455 9.80900001525879 9.76000022888184 9.95300006866455 9.93100070953369 9.97500038146973 9.91400051116943 9.90200042724609 9.91300010681152 9.95900058746338 9.99900054931641 10.0420007705688 10.0590000152588 10.0230007171631 9.9330005645752 9.75100040435791 9.86400032043457 9.77500057220459 9.61900043487549 9.56800079345703 9.5910005569458 9.61000061035156 9.26900005340576 9.23500061035156 9.3430004119873 9.39000034332275 9.3080005645752 9.34000015258789 9.28600025177002 9.35700035095215 9.33700084686279 9.36300086975098 9.43800067901611 9.3410005569458 9.35000038146973 9.32500076293945 9.26900005340576 9.39500045776367 9.48400020599365 9.44200038909912 9.36600017547607 9.60100078582764 9.83500003814697 9.89900016784668 9.88700008392334 10.0690002441406 10.0640001296997 10.2370004653931 10.2750005722046
9.89300060272217 9.903000831604 9.80900001525879 9.84000015258789 9.92500019073486 9.96100044250488 9.96000003814697 10.0330009460449 9.96300029754639 9.94200038909912 9.93000030517578 9.91300010681152 9.9350004196167 9.9950008392334 10.0630006790161 10.0430002212524 10.0440006256104 10.0260000228882 10.0050001144409 9.84500026702881 9.76900005340576 9.74000072479248 9.66100025177002 9.7480001449585 9.70000076293945 9.77000045776367 9.6870002746582 9.52300071716309 9.4640007019043 9.4970006942749 9.52500057220459 9.41000080108643 9.403000831604 9.46500015258789 9.50400066375732 9.5620002746582 9.49400043487549 9.52500057220459 9.51300048828125 9.43900012969971 9.45100021362305 9.55900001525879 9.46300029754639 9.44700050354004 9.66300010681152 9.83600044250488 9.83800029754639 9.83500003814697 10 10.1100006103516 10.1400003433228 10.1470003128052 10.0400009155273
9.9660005569458 9.93900012969971 9.88300037384033 9.88300037384033 10.028000831604 10.0620002746582 10.0970001220703 10.0730009078979 10.0600004196167 10.0210008621216 10.0490007400513 10.0300006866455 10.0400009155273 10.0740003585815 10.1190004348755 10.1080007553101 10.1020002365112 10.0590000152588 9.92700004577637 9.88500022888184 9.85400009155273 9.83500003814697 9.79300022125244 9.86600017547607 9.94500064849854 9.84400081634521 9.9060001373291 9.7180004119873 9.6850004196167 9.74900054931641 9.75400066375732 9.59900093078613 9.64000034332275 9.58500003814697 9.63600063323975 9.63100051879883 9.56400012969971 9.60800075531006 9.66400051116943 9.59700012207031 9.61700057983398 9.57300090789795 9.51500034332275 9.74000072479248 9.79500007629395 9.93900012969971 9.94600009918213 9.97400093078613 10.0830001831055 10.2360000610352 10.1950006484985 10.1240005493164 10.0580005645752
10.032000541687 9.96700000762939 9.93600082397461 9.91200065612793 9.95100021362305 10.1240005493164 10.1680002212524 10.1430006027222 10.0950002670288 10.0800008773804 10.0350008010864 10.0620002746582 10.1220006942749 10.0910005569458 10.1380004882812 10.1590003967285 10.16100025177 10.1460008621216 10.0830001831055 9.88100051879883 9.98000049591064 10.077000617981 9.91500091552734 9.92700004577637 10.0470008850098 10.0290002822876 10.1310005187988 10.0650005340576 10.0060005187988 9.95000076293945 9.8700008392334 9.76200008392334 9.65500068664551 9.56500053405762 9.6230001449585 9.78500080108643 9.74900054931641 9.72700023651123 9.63000011444092 9.65000057220459 9.83500003814697 9.80500030517578 9.82100009918213 9.94500064849854 10.0150003433228 10.0860004425049 10.1050004959106 10.1750001907349 10.201000213623 10.3090000152588 10.2470006942749 10.2390003204346 10.2250003814697
10.0440006256104 10.0110006332397 10.0890007019043 10.1100006103516 10.121000289917 10.1500005722046 10.1460008621216 10.1440000534058 10.1490001678467 10.1490001678467 10.1690006256104 10.2050008773804 10.1070003509521 10.1760005950928 10.2440004348755 10.2470006942749 10.210000038147 10.0050001144409 9.99100017547607 9.98400020599365 10.202000617981 10.1160001754761 9.91100025177002 10.0490007400513 10.1900005340576 10.2290000915527 10.2000007629395 10.1840000152588 10.2000007629395 10.1070003509521 9.97700023651123 9.89600086212158 9.8410005569458 9.58800029754639 9.69200038909912 9.77700042724609 9.78200054168701 9.68100070953369 9.50900077819824 9.56400012969971 9.87900066375732 9.98700046539307 9.95500087738037 10.1200008392334 10.201000213623 10.2590007781982 10.2470006942749 10.238000869751 10.3420009613037 10.3840007781982 10.2650003433228 10.2650003433228 10.2760000228882
10.2370004653931 10.2250003814697 10.278000831604 10.2450008392334 10.157000541687 10.1760005950928 10.1580009460449 10.1450004577637 10.2000007629395 10.2300004959106 10.2290000915527 10.2070007324219 10.1950006484985 10.2600002288818 10.2770004272461 10.2650003433228 10.206000328064 10.1950006484985 10.1950006484985 10.1910009384155 10.2580003738403 10.2490005493164 10.2600002288818 10.2850008010864 10.1720008850098 10.0660009384155 10.1960000991821 10.1110000610352 10.0700006484985 10.0840005874634 10.0120000839233 9.86000061035156 9.89900016784668 9.95000076293945 9.91900062561035 9.92500019073486 9.83400058746338 9.70300006866455 9.61900043487549 9.73600006103516 9.91200065612793 10.117000579834 10.1800003051758 10.2830009460449 10.2650003433228 10.2830009460449 10.3290004730225 10.3400001525879 10.371000289917 10.3190002441406 10.3440008163452 10.2050008773804 10.206000328064
10.3560009002686 10.326000213623 10.3330001831055 10.3150005340576 10.2310009002686 10.2350006103516 10.2340002059937 10.2210006713867 10.2560005187988 10.2640008926392 10.2370004653931 10.2260007858276 10.2490005493164 10.2840003967285 10.2620000839233 10.2330007553101 10.2220001220703 10.2240009307861 10.2700004577637 10.242000579834 10.3210000991821 10.3000001907349 10.2070007324219 10.1950006484985 10.2080001831055 10.2140007019043 10.1750001907349 10.1860008239746 10.1520004272461 10.1680002212524 10.0670003890991 9.99000072479248 10.0940008163452 10.0580005645752 10.0920000076294 10.0270004272461 9.91800022125244 9.85000038146973 9.92300033569336 10.0040006637573 10.1740007400513 10.2600002288818 10.3650007247925 10.3990001678467 10.3760004043579 10.3930006027222 10.4040002822876 10.3910007476807 10.4050006866455 10.3210000991821 10.4290008544922 10.4190006256104 10.3930006027222
10.4040002822876 10.3880004882812 10.3530006408691 10.3500003814697 10.3100004196167 10.3250007629395 10.2910003662109 10.2940006256104 10.3110008239746 10.3050003051758 10.2890005111694 10.2640008926392 10.2250003814697 10.2390003204346 10.2260007858276 10.2160005569458 10.2150001525879 10.2580003738403 10.3100004196167 10.3480005264282 10.3580007553101 10.3050003051758 10.2180004119873 10.2620000839233 10.2870006561279 10.2770004272461 10.2740001678467 10.3150005340576 10.2310009002686 10.2530002593994 9.98500061035156 9.99900054931641 10.2030000686646 10.1720008850098 10.085000038147 10.0030002593994 10.0310001373291 10.1590003967285 10.0530004501343 10.2200002670288 10.3000001907349 10.4340009689331 10.5120000839233 10.5120000839233 10.5130004882812 10.4940004348755 10.496000289917 10.4810009002686 10.4790000915527 10.4620008468628 10.4660005569458 10.3950004577637 10.4410009384155
10.4140005111694 10.4210004806519 10.4100008010864 10.4280004501343 10.4440002441406 10.4550008773804 10.3920001983643 10.371000289917 10.3880004882812 10.3800001144409 10.3560009002686 10.3110008239746 10.2280006408691 10.1380004882812 10.1380004882812 10.2540006637573 10.3140001296997 10.3600006103516 10.371000289917 10.3950004577637 10.3540000915527 10.3540000915527 10.3750009536743 10.3470001220703 10.3100004196167 10.3490009307861 10.3370008468628 10.3300008773804 10.2680006027222 10.2940006256104 10.1030006408691 10.3020000457764 10.3950004577637 10.3200006484985 10.1300001144409 10.0650005340576 10.2030000686646 10.3730001449585 10.3720006942749 10.4580001831055 10.5250005722046 10.5640001296997 10.6140003204346 10.6400003433228 10.6300001144409 10.5980005264282 10.6200008392334 10.6390008926392 10.5390005111694 10.4690008163452 10.5440006256104 10.5150003433228 10.4010000228882
10.4760007858276 10.5000009536743 10.5110006332397 10.5150003433228 10.5150003433228 10.5060005187988 10.4900007247925 10.5100002288818 10.5290002822876 10.5010004043579 10.4720001220703 10.4050006866455 10.3860006332397 10.3140001296997 10.2510004043579 10.3440008163452 10.4080009460449 10.4290008544922 10.3850002288818 10.3400001525879 10.2890005111694 10.3620004653931 10.3850002288818 10.3420009613037 10.3840007781982 10.2500009536743 10.2090005874634 10.2090005874634 10.3480005264282 10.2690000534058 10.2550001144409 10.4040002822876 10.4170007705688 10.3070001602173 10.3040008544922 10.2260007858276 10.2410001754761 10.3880004882812 10.5490007400513 10.6360006332397 10.6640005111694 10.7230005264282 10.7470006942749 10.7840003967285 10.7950000762939 10.7900009155273 10.7580003738403 10.7210006713867 10.568000793457 10.5500001907349 10.5980005264282 10.5060005187988 10.4130001068115
-3.4e+38 10.5740003585815 10.5820007324219 10.5890007019043 10.6040000915527 10.6230001449585 10.6350002288818 10.6520004272461 10.7230005264282 10.7070007324219 10.7170009613037 10.7310009002686 10.7530002593994 10.6300001144409 10.5000009536743 10.5160007476807 10.4890003204346 10.460000038147 10.407000541687 10.3420009613037 10.3390007019043 10.4060001373291 10.3940000534058 10.2240009307861 10.3410005569458 10.2640008926392 10.2710008621216 10.3500003814697 10.3190002441406 10.367000579834 10.4490003585815 10.5940008163452 10.5840005874634 10.5030002593994 10.4900007247925 10.4370002746582 10.5100002288818 10.5710000991821 10.6790008544922 10.6890001296997 10.7610006332397 10.8450002670288 10.8660001754761 10.8840007781982 10.8910007476807 10.8600006103516 10.8120002746582 10.6890001296997 10.5700006484985 10.5670003890991 10.6410007476807 10.4720001220703 10.3530006408691
-3.4e+38 10.585000038147 10.6140003204346 10.6080007553101 10.657000541687 10.6790008544922 10.7150001525879 10.8150005340576 10.9130001068115 10.9810009002686 11.032000541687 11.117000579834 11.1340007781982 10.9480009078979 10.7560005187988 10.6220006942749 10.5430002212524 10.5630006790161 10.5290002822876 10.452000617981 10.4570007324219 10.4390001296997 10.4390001296997 10.4220008850098 10.4760007858276 10.5000009536743 10.5190000534058 10.4550008773804 10.5650005340576 10.6020002365112 10.5230007171631 10.5330009460449 10.5470008850098 10.5750007629395 10.5920009613037 10.5800008773804 10.6230001449585 10.6350002288818 10.6370000839233 10.6950006484985 10.8110008239746 10.8940000534058 10.9230003356934 10.9400005340576 10.9340009689331 10.8910007476807 10.8660001754761 10.7340002059937 10.5670003890991 10.528000831604 10.5010004043579 10.4490003585815 10.2670001983643
-3.4e+38 10.577000617981 10.5940008163452 10.6580009460449 10.6740007400513 10.7040004730225 10.7640008926392 10.8970003128052 11.0180006027222 11.1460008621216 11.3500003814697 11.5580005645752 11.5340003967285 11.2500009536743 10.9850006103516 10.7690000534058 10.6500005722046 10.6000003814697 10.5690002441406 10.5930004119873 10.5470008850098 10.5600004196167 10.5840005874634 10.6000003814697 10.5740003585815 10.5730009078979 10.4540004730225 10.5550003051758 10.6690006256104 10.5300006866455 10.653000831604 10.657000541687 10.6770000457764 10.701000213623 10.6770000457764 10.7250003814697 10.7660007476807 10.7180004119873 10.7870006561279 10.8120002746582 10.8920001983643 10.9140005111694 10.952000617981 10.9500007629395 10.9590005874634 10.9400005340576 10.907000541687 10.613000869751 10.6370000839233 10.5610008239746 10.4550008773804 10.4610004425049 10.5300006866455
-3.4e+38 10.4940004348755 10.5350008010864 10.6150007247925 10.6490001678467 10.6670007705688 10.6670007705688 10.8590002059937 11.077000617981 11.3130006790161 11.6100006103516 11.9550008773804 11.8520002365112 11.4890003204346 11.1630001068115 10.9100008010864 10.7650003433228 10.6740007400513 10.6660003662109 10.6490001678467 10.6300001144409 10.6050004959106 10.6040000915527 10.6270008087158 10.6110000610352 10.5100002288818 10.5190000534058 10.4760007858276 10.5290002822876 10.6000003814697 10.7130002975464 10.7770004272461 10.7830009460449 10.742000579834 10.7190008163452 10.738000869751 10.8100004196167 10.8620004653931 10.8650007247925 10.9950008392334 10.9480009078979 10.8940000534058 10.8950004577637 10.9310007095337 10.952000617981 10.9740009307861 11.0400009155273 11.0070009231567 10.8440008163452 10.6750001907349 10.5630006790161 10.5450000762939 10.6860008239746
-3.4e+38 10.44700050354 10.4640007019043 10.488000869751 10.5830001831055 10.6580009460449 10.7140007019043 10.7660007476807 11.07200050354 11.2770004272461 11.532000541687 11.7770004272461 11.6740007400513 11.3810005187988 11.1440000534058 10.9940004348755 10.8900003433228 10.8150005340576 10.7620000839233 10.710000038147 10.6720008850098 10.6350002288818 10.6200008392334 10.657000541687 10.6650009155273 10.657000541687 10.5490007400513 10.5340003967285 10.6190004348755 10.6540002822876 10.7500009536743 10.8040008544922 10.8970003128052 10.8050003051758 10.7570009231567 10.7580003738403 10.7690000534058 10.8850002288818 10.9850006103516 11.0540008544922 11.0430002212524 11.0090007781982 10.9210004806519 10.9040002822876 10.9550008773804 11.0130004882812 11.1440000534058 11.2200002670288 11.1650009155273 10.8650007247925 10.7370004653931 10.6580009460449 10.6710004806519
-3.4e+38 -3.4e+38 10.4700002670288 10.4930000305176 10.5180006027222 10.5650005340576 10.701000213623 10.693000793457 10.8520002365112 11.1590003967285 11.2650003433228 11.4060001373291 11.3250007629395 11.1560001373291 11.0700006484985 10.9250001907349 10.8060007095337 10.8010005950928 10.7480001449585 10.6820001602173 10.6420001983643 10.6020002365112 10.5890007019043 10.6590003967285 10.6740007400513 10.6590003967285 10.6540002822876 10.6730003356934 10.6890001296997 10.7340002059937 10.8340005874634 10.8730001449585 10.9010009765625 10.8610000610352 10.8750009536743 10.8790006637573 10.8230009078979 10.8740005493164 10.9660005569458 11.0690002441406 11.0780000686646 11.0650005340576 11.0390005111694 11.0110006332397 11.0540008544922 11.1520004272461 11.2250003814697 11.2290000915527 11.157000541687 11.1090002059937 11.07200050354 10.7500009536743 10.7260007858276
-3.4e+38 -3.4e+38 10.5500001907349 10.496000289917 10.460000038147 10.5150003433228 10.5350008010864 10.6890001296997 10.8450002670288 11.0470008850098 11.0870008468628 11.1720008850098 11.1770009994507 11.1060009002686 11.0440006256104 10.9270000457764 10.8250007629395 10.9090003967285 10.8040008544922 10.7070007324219 10.5820007324219 10.4750003814697 10.4640007019043 10.5820007324219 10.6480007171631 10.7070007324219 10.7350006103516 10.7700004577637 10.8240003585815 10.8590002059937 10.9040002822876 10.8640003204346 10.8770008087158 10.9090003967285 10.9740009307861 10.9260005950928 10.9860000610352 10.9550008773804 11.0370006561279 11.1310005187988 11.1450004577637 11.0730009078979 11.1110000610352 11.1620006561279 11.1540002822876 11.2210006713867 11.2640008926392 11.3030004501343 11.246000289917 11.2340002059937 11.2140007019043 10.8890008926392 10.8120002746582
-3.4e+38 -3.4e+38 10.5300006866455 10.4370002746582 10.4150009155273 10.4260005950928 10.460000038147 10.7080001831055 10.8910007476807 11.0220003128052 11.0980005264282 11.2140007019043 11.1850004196167 11.0950002670288 11.0080003738403 10.996000289917 11.03600025177 10.9570007324219 10.8400001525879 10.7320003509521 10.6180000305176 10.5350008010864 10.5240001678467 10.5900001525879 10.6590003967285 10.7310009002686 10.7920007705688 10.8640003204346 10.8810005187988 10.8770008087158 10.9380006790161 10.9200000762939 10.8840007781982 10.8940000534058 11.0270004272461 10.9990005493164 11.032000541687 11.0570001602173 11.0800008773804 11.1790008544922 11.1860008239746 11.1910009384155 11.2210006713867 11.2440004348755 11.2290000915527 11.2240009307861 11.2850008010864 11.3750009536743 11.2930002212524 11.3140001296997 11.3450002670288 11.1800003051758 10.9480009078979
-3.4e+38 -3.4e+38 10.532000541687 10.5030002593994 10.4580001831055 10.4280004501343 10.6040000915527 10.7720003128052 10.9480009078979 11.0170001983643 11.1030006408691 11.193000793457 11.1840009689331 11.0800008773804 11.0400009155273 11.0950002670288 11.0500001907349 10.867000579834 10.8430004119873 10.7030000686646 10.6400003433228 10.6240005493164 10.5820007324219 10.5830001831055 10.6910009384155 10.7300004959106 10.7510004043579 10.835000038147 10.8600006103516 10.8950004577637 10.9320001602173 10.9460000991821 10.9610004425049 10.9010009765625 10.9400005340576 11.0260009765625 11.0240001678467 11.0950002670288 11.1410007476807 11.1990003585815 11.2190008163452 11.2530002593994 11.2950000762939 11.2900009155273 11.3110008239746 11.3080005645752 11.3080005645752 11.331000328064 11.4220008850098 11.4180002212524 11.4310007095337 11.3790006637573 11.1090002059937
-3.4e+38 -3.4e+38 10.5420007705688 10.3840007781982 10.5350008010864 10.6740007400513 10.8600006103516 10.9290008544922 10.9910001754761 11.0370006561279 11.1520004272461 11.1730003356934 11.1180009841919 11.0370006561279 11.03600025177 11.0240001678467 10.8880004882812 10.8730001449585 10.6550006866455 10.6000003814697 10.5220003128052 10.5080003738403 10.452000617981 10.5150003433228 10.5640001296997 10.6270008087158 10.8080005645752 10.8340005874634 10.8640003204346 10.8940000534058 10.9440002441406 10.996000289917 10.9780006408691 11.0920009613037 11.0860004425049 11.0130004882812 11.0200004577637 11.121000289917 11.2040004730225 11.2310009002686 11.2450008392334 11.2070007324219 11.2920007705688 11.3540000915527 11.3490009307861 11.3370008468628 11.367000579834 11.4290008544922 11.4120006561279 11.4310007095337 11.4460000991821 11.4820003509521 11.2840003967285
-3.4e+38 -3.4e+38 -3.4e+38 10.6320009231567 10.7350006103516 10.8230009078979 10.9380006790161 11.0150003433228 10.996000289917 11.0820007324219 11.2310009002686 11.2800006866455 11.1760005950928 11.2190008163452 11.1160001754761 10.9090003967285 10.778000831604 10.7770004272461 10.7700004577637 10.6200008392334 10.653000831604 10.6720008850098 10.6250009536743 10.4730005264282 10.5110006332397 10.7640008926392 10.8470001220703 10.9230003356934 11.0740003585815 10.9910001754761 11.0010004043579 10.9330005645752 11.0460004806519 11.1300001144409 11.1410007476807 11.1630001068115 11.117000579834 11.193000793457 11.2190008163452 11.2490005493164 11.2800006866455 11.3330001831055 11.3400001525879 11.3850002288818 11.4040002822876 11.4380006790161 11.4530000686646 11.4400005340576 11.4540004730225 11.488000869751 11.4910001754761 11.5920009613037 11.6290006637573
