PresentLayers/tdmean.asc
NCOLS 292 
NROWS 291 
XLLCORNER -87.6458333327872 
YLLCORNER 24.4791666666667 
CELLSIZE 0.0416666666669039 
NODATA_value -3.4e+38 
[rows 0 to 23 of 291, columns 212 to 264 of 292]
-3.4e+38 -3.4e+38 -3.4e+38 -3.4e+38 -3.4e+38 -3.4e+38 -3.4e+38 -3.4e+38 -3.4e+38 -3.4e+38 -3.4e+38 -3.4e+38 -3.4e+38 -3.4e+38 -3.4e+38 -3.4e+38 -3.4e+38 -3.4e+38 -3.4e+38 -3.4e+38 -3.4e+38 -3.4e+38 -3.4e+38 -3.4e+38 -3.4e+38 -3.4e+38 -3.4e+38 -3.4e+38 -3.4e+38 -3.4e+38 -3.4e+38 -3.4e+38 -3.4e+38 -3.4e+38 -3.4e+38 -3.4e+38 -3.4e+38 -3.4e+38 -3.4e+38 -3.4e+38 -3.4e+38 -3.4e+38 -3.4e+38 -3.4e+38 -3.4e+38 -3.4e+38 -3.4e+38 -3.4e+38 -3.4e+38 -3.4e+38 -3.4e+38 -3.4e+38 -3.4e+38
8.28299999237061 -3.4e+38 -3.4e+38 -3.4e+38 -3.4e+38 -3.4e+38 -3.4e+38 -3.4e+38 -3.4e+38 8.55400085449219 8.66300010681152 8.71700000762939 8.78800010681152 8.87800025939941 8.89700031280518 8.90900039672852 8.92900085449219 8.92500019073486 8.92200088500977 8.97399997711182 8.99200057983398 8.97100067138672 8.93000030517578 8.89700031280518 8.91900062561035 9.01200008392334 9.0600004196167 9.05700016021729 9.06400012969971 9.05600070953369 9.07400035858154 9.08000087738037 9.16300010681152 9.17100048065186 9.22800064086914 9.24900054931641 9.23100090026855 9.2790002822876 9.29600048065186 9.3390007019043 9.4060001373291 9.40700054168701 9.36300086975098 9.375 9.41100025177002 9.42200088500977 9.42400074005127 9.44500064849854 9.46300029754639 9.49300003051758 9.57400035858154 9.68600082397461 9.75900077819824
8.26000022888184 8.25200080871582 8.25200080871582 8.25400066375732 8.33400058746338 8.35300064086914 8.37400054931641 8.30600070953369 8.33600044250488 8.46700000762939 8.51399993896484 8.67700004577637 8.7790002822876 8.86000061035156 8.85800075531006 8.8720006942749 8.9060001373291 8.90000057220459 8.89200019836426 8.94200038909912 8.97000026702881 8.98200035095215 8.97200012207031 9.00800037384033 9.05700016021729 9.08500003814697 9.02700042724609 9.00900077819824 9.02300071716309 9.06400012969971 9.06700038909912 9.09899997711182 9.1540002822876 9.18800067901611 9.19800090789795 9.20300006866455 9.28000068664551 9.32400035858154 9.40100002288818 9.3730001449585 9.40500068664551 9.47399997711182 9.43000030517578 9.39800071716309 9.41400051116943 9.42400074005127 9.48200035095215 9.49000072479248 9.54100036621094 9.56800079345703 9.60900020599365 9.66800022125244 9.71500015258789
8.28500080108643 8.32000064849854 8.27300071716309 8.29400062561035 8.32100009918213 8.35200023651123 8.28999996185303 8.22200012207031 8.26500034332275 8.30000019073486 8.32400035858154 8.53400039672852 8.68000030517578 8.79500007629395 8.82299995422363 8.83700084686279 8.88500022888184 8.88500022888184 8.89600086212158 8.91499996185303 8.9680004119873 8.9640007019043 8.96700000762939 9.00100040435791 9.06599998474121 9.04200077056885 9.00500011444092 9.03000068664551 9.09200000762939 9.11900043487549 9.1230001449585 9.11000061035156 9.15000057220459 9.20200061798096 9.23700046539307 9.27400016784668 9.33400058746338 9.39000034332275 9.3700008392334 9.36600017547607 9.38800048828125 9.44200038909912 9.48900032043457 9.4680004119873 9.45200061798096 9.48300075531006 9.48000049591064 9.4980001449585 9.58100032806396 9.60600090026855 9.63500022888184 9.66500091552734 9.69600009918213
8.30500030517578 8.30500030517578 8.34200000762939 8.36200046539307 8.26500034332275 8.19200038909912 8.06100082397461 8.07000064849854 8.10400009155273 8.16000080108643 8.25300025939941 8.41300010681152 8.57400035858154 8.75699996948242 8.79500007629395 8.81400012969971 8.92100048065186 8.94900035858154 8.94400024414062 8.92000007629395 8.91600036621094 8.88900089263916 8.95200061798096 9.12100028991699 9.14300060272217 9.12900066375732 9.07800006866455 9.0890007019043 9.12100028991699 9.16000080108643 9.20000076293945 9.22200012207031 9.22500038146973 9.2450008392334 9.24400043487549 9.28600025177002 9.35000038146973 9.39200019836426 9.40000057220459 9.41500091552734 9.41600036621094 9.39000034332275 9.45500087738037 9.47500038146973 9.48400020599365 9.49900054931641 9.4980001449585 9.50300025939941 9.59500026702881 9.60600090026855 9.5910005569458 9.63500022888184 9.67000007629395
8.22600078582764 8.28200054168701 8.40799999237061 8.45300006866455 8.35100078582764 8.13600063323975 7.92900037765503 7.85700035095215 8.08200073242188 8.18000030517578 8.25600051879883 8.31400012969971 8.53700065612793 8.7160005569458 8.79100036621094 8.90700054168701 8.9350004196167 8.94600009918213 8.93600082397461 9.01700019836426 8.97800064086914 8.97700023651123 9.00900077819824 9.13800048828125 9.21700000762939 9.21300029754639 9.17000007629395 9.19000053405762 9.24400043487549 9.22800064086914 9.25699996948242 9.28500080108643 9.30900001525879 9.30900001525879 9.30900001525879 9.3430004119873 9.375 9.41200065612793 9.41400051116943 9.41200065612793 9.39700031280518 9.41900062561035 9.48500061035156 9.49900054931641 9.53900051116943 9.56400012969971 9.57400035858154 9.58400058746338 9.66700077056885 9.67900085449219 9.64600086212158 9.63900089263916 9.65900039672852
8.18900012969971 8.26399993896484 8.41900062561035 8.44400024414062 8.40000057220459 8.13400077819824 7.99400043487549 7.98000049591064 8.10900020599365 8.24100017547607 8.278000831604 8.31500053405762 8.48600006103516 8.69900035858154 8.80300045013428 8.91400051116943 8.97000026702881 9.00400066375732 9.05000019073486 9.01600074768066 9.08500003814697 9.05500030517578 9.00500011444092 9.07299995422363 9.17600059509277 9.22600078582764 9.28299999237061 9.34500026702881 9.34600067138672 9.29200077056885 9.30000019073486 9.31500053405762 9.31800079345703 9.32700061798096 9.34400081634521 9.3720006942749 9.37600040435791 9.40799999237061 9.38900089263916 9.40200042724609 9.44000053405762 9.51100063323975 9.55400085449219 9.59500026702881 9.60800075531006 9.61100006103516 9.58400058746338 9.56400012969971 9.67100048065186 9.75800037384033 9.77000045776367 9.74000072479248 9.7180004119873
8.2810001373291 8.39700031280518 8.48600006103516 8.54900074005127 8.4980001449585 8.36900043487549 8.25600051879883 8.22000026702881 8.21200084686279 8.32100009918213 8.35200023651123 8.40500068664551 8.55400085449219 8.73800086975098 8.88199996948242 9.00900077819824 9.04900074005127 9.05100059509277 9.09600067138672 9.06700038909912 9.03500080108643 9.12800025939941 9.14900016784668 9.16400051116943 9.26900005340576 9.33000087738037 9.37900066375732 9.41600036621094 9.42900085449219 9.42000007629395 9.39500045776367 9.36500072479248 9.30900001525879 9.28500080108643 9.3700008392334 9.37800025939941 9.42100048065186 9.46700000762939 9.47300052642822 9.47000026702881 9.50700092315674 9.5600004196167 9.5930004119873 9.63800048828125 9.67100048065186 9.67200088500977 9.67600059509277 9.68200016021729 9.73900032043457 9.77200031280518 9.91500091552734 9.92300033569336 9.80300045013428
8.45000076293945 8.58300018310547 8.61000061035156 8.55100059509277 8.57400035858154 8.44600009918213 8.4640007019043 8.34000015258789 8.36500072479248 8.42300033569336 8.45700073242188 8.47700023651123 8.58600044250488 8.78200054168701 8.91600036621094 9.00900077819824 9.09500026702881 8.99000072479248 9.09000015258789 9.06700038909912 9.06700038909912 9.13600063323975 9.12600040435791 9.20200061798096 9.29000091552734 9.40100002288818 9.51300048828125 9.52100086212158 9.51500034332275 9.49900054931641 9.48400020599365 9.45500087738037 9.41900062561035 9.35800075531006 9.37400054931641 9.4640007019043 9.53900051116943 9.55000019073486 9.55200004577637 9.59500026702881 9.6200008392334 9.64300060272217 9.64100074768066 9.66800022125244 9.74400043487549 9.72600078582764 9.75900077819824 9.80700016021729 9.86200046539307 9.98500061035156 10.0960006713867 10.0230007171631 9.92900085449219
8.41400051116943 8.48800086975098 8.59899997711182 8.61600017547607 8.47200012207031 8.50699996948242 8.50500011444092 8.44400024414062 8.44700050354004 8.5290002822876 8.54400062561035 8.57500076293945 8.64200019836426 8.78999996185303 8.92700004577637 8.97200012207031 9.09400081634521 9.15000057220459 9.22100067138672 9.23800086975098 9.10900020599365 9.153000831604 9.25500011444092 9.24400043487549 9.39000034332275 9.43400001525879 9.5620002746582 9.55200004577637 9.55500030517578 9.54100036621094 9.50200080871582 9.4980001449585 9.46900081634521 9.46900081634521 9.42900085449219 9.50900077819824 9.59400081634521 9.66100025177002 9.70400047302246 9.70300006866455 9.72700023651123 9.70000076293945 9.73000049591064 9.80000019073486 9.81500053405762 9.78700065612793 9.80500030517578 9.86500072479248 10.0070009231567 10.2300004959106 10.28600025177 10.1690006256104 10.0950002670288
8.40000057220459 8.2450008392334 8.35500049591064 8.57500076293945 8.66499996185303 8.6850004196167 8.62600040435791 8.52400016784668 8.44200038909912 8.4970006942749 8.54300022125244 8.56500053405762 8.72700023651123 8.73400020599365 8.91499996185303 9.03999996185303 9.14500045776367 9.22300052642822 9.1220006942749 9.21300029754639 9.19700050354004 9.32100009918213 9.3390007019043 9.29100036621094 9.4330005645752 9.50600051879883 9.57500076293945 9.60000038146973 9.60100078582764 9.61700057983398 9.57800006866455 9.55600070953369 9.55600070953369 9.65700054168701 9.58500003814697 9.57800006866455 9.61400032043457 9.7450008392334 9.74200057983398 9.78200054168701 9.80100059509277 9.82500076293945 9.83200073242188 9.90100002288818 9.90700054168701 9.89000034332275 9.91300010681152 10.0100002288818 10.1810007095337 10.3980007171631 10.4500007629395 10.3930006027222 10.3080005645752
8.10300064086914 8.36300086975098 8.42400074005127 8.53500080108643 8.61800003051758 8.73600006103516 8.79500007629395 8.83600044250488 8.73900032043457 8.73800086975098 8.61200046539307 8.63500022888184 8.84500026702881 8.84400081634521 8.87900066375732 8.95400047302246 9.12400054931641 9.26600074768066 9.3410005569458 9.28900051116943 9.3700008392334 9.37600040435791 9.34700012207031 9.40700054168701 9.46300029754639 9.50200080871582 9.59600067138672 9.66000080108643 9.65900039672852 9.64500045776367 9.65500068664551 9.69800090789795 9.7140007019043 9.74200057983398 9.65900039672852 9.63900089263916 9.69099998474121 9.7810001373291 9.86700057983398 9.86700057983398 9.89700031280518 9.91100025177002 9.98400020599365 10.0540008544922 10.1020002365112 10.0890007019043 10.0940008163452 10.1900005340576 10.3300008773804 10.4990005493164 10.576000213623 10.5150003433228 10.4950008392334
8.18400001525879 8.41499996185303 8.59700012207031 8.64200019836426 8.69799995422363 8.92700004577637 9.0910005569458 8.98300075531006 8.93600082397461 8.82700061798096 8.80200004577637 8.85900020599365 8.95000076293945 9.04400062561035 9.03700065612793 9.03999996185303 9.15000057220459 9.2470006942749 9.28000068664551 9.28500080108643 9.34700012207031 9.48000049591064 9.44200038909912 9.47200012207031 9.52500057220459 9.60200023651123 9.63500022888184 9.69300079345703 9.69900035858154 9.72500038146973 9.73700046539307 9.73900032043457 9.81500053405762 9.83500003814697 9.87800025939941 9.89900016784668 9.89100074768066 9.98200035095215 10.0240001678467 10.0160007476807 10.0750007629395 10.1090002059937 10.153000831604 10.201000213623 10.2750005722046 10.3420009613037 10.4060001373291 10.41100025177 10.4580001831055 10.5650005340576 10.6470003128052 10.6910009384155 10.6920003890991
8.54200077056885 8.59500026702881 8.73000049591064 8.76000022888184 8.94500064849854 8.98000049591064 9.28400039672852 9.22100067138672 9.15900039672852 9.10900020599365 8.86300086975098 8.86300086975098 9.03999996185303 9.11400032043457 9.15900039672852 9.14000034332275 9.23000049591064 9.37600040435791 9.29500007629395 9.3730001449585 9.41500091552734 9.4060001373291 9.43900012969971 9.47900009155273 9.53900051116943 9.61400032043457 9.67200088500977 9.7790002822876 9.79000091552734 9.81500053405762 9.88600063323975 9.91900062561035 9.91800022125244 9.93400001525879 9.9350004196167 10.0080003738403 10.0310001373291 10.0930004119873 10.19700050354 10.2580003738403 10.2580003738403 10.2770004272461 10.2800006866455 10.3360004425049 10.4740009307861 10.5830001831055 10.6240005493164 10.5950002670288 10.6080007553101 10.6480007171631 10.7180004119873 10.7490005493164 10.7370004653931
8.74400043487549 8.77600002288818 8.81400012969971 8.75100040435791 8.84500026702881 9.06300067901611 9.15900039672852 9.12800025939941 9.28400039672852 9.25900077819824 9.13000011444092 9.08400058746338 9.13400077819824 9.26900005340576 9.29500007629395 9.30600070953369 9.32000064849854 9.36500072479248 9.44700050354004 9.49300003051758 9.49000072479248 9.49000072479248 9.43600082397461 9.40100002288818 9.4640007019043 9.64400005340576 9.82400035858154 9.91100025177002 9.94200038909912 9.96900081634521 10.068000793457 10.0460004806519 10.0440006256104 10.0450000762939 10.0660009384155 10.0870008468628 10.1630001068115 10.210000038147 10.3130006790161 10.3950004577637 10.371000289917 10.4060001373291 10.4590005874634 10.4660005569458 10.5400009155273 10.6290006637573 10.6770000457764 10.6580009460449 10.6860008239746 10.7390003204346 10.8080005645752 10.7580003738403 10.7570009231567
8.91100025177002 8.97700023651123 9.09200000762939 8.90799999237061 8.90900039672852 8.89300060272217 8.99100017547607 8.94799995422363 9.28500080108643 9.29600048065186 9.35400009155273 9.34600067138672 9.38700008392334 9.37100028991699 9.40500068664551 9.40500068664551 9.3700008392334 9.36800003051758 9.4350004196167 9.54600048065186 9.54900074005127 9.48000049591064 9.47300052642822 9.41300010681152 9.48600006103516 9.73400020599365 9.94100093841553 10.0220003128052 10.0730009078979 10.1420001983643 10.1810007095337 10.1730003356934 10.1340007781982 10.0880002975464 10.0990009307861 10.1550006866455 10.2790002822876 10.3380002975464 10.4020004272461 10.5020008087158 10.5250005722046 10.5540008544922 10.5690002441406 10.6250009536743 10.6200008392334 10.6500005722046 10.6480007171631 10.653000831604 10.7170009613037 10.8250007629395 10.8500003814697 10.8200006484985 10.8160009384155
8.98600006103516 9.20000076293945 9.24100017547607 9.26800060272217 9.14100074768066 9.03900051116943 8.85400009155273 9.11700057983398 9.4660005569458 9.43000030517578 9.46300029754639 9.56800079345703 9.55400085449219 9.54300022125244 9.52500057220459 9.55000019073486 9.53500080108643 9.4370002746582 9.53400039672852 9.60300064086914 9.63500022888184 9.63000011444092 9.66700077056885 9.61900043487549 9.60500049591064 9.80600070953369 9.87700080871582 9.9370002746582 10.0240001678467 10.1150007247925 10.1690006256104 10.1850004196167 10.1730003356934 10.16100025177 10.2340002059937 10.2710008621216 10.3500003814697 10.4320001602173 10.5140008926392 10.5450000762939 10.5630006790161 10.6380004882812 10.6650009155273 10.6650009155273 10.6910009384155 10.7180004119873 10.7210006713867 10.7260007858276 10.8340005874634 10.9670009613037 11.0490007400513 11.0940008163452 11.0750007629395
9.02100086212158 9.12600040435791 9.16300010681152 9.1870002746582 9.25 9.05000019073486 8.98400020599365 9.13300037384033 9.44300079345703 9.57400035858154 9.50400066375732 9.64200019836426 9.58500003814697 9.66200065612793 9.6540002822876 9.57000064849854 9.53299999237061 9.60500049591064 9.66400051116943 9.65700054168701 9.70000076293945 9.84000015258789 9.84500026702881 9.80500030517578 9.8430004119873 9.89700031280518 9.93100070953369 10.0420007705688 10.0400009155273 10.0440006256104 10.1350002288818 10.1500005722046 10.1870002746582 10.2410001754761 10.278000831604 10.3490009307861 10.3890008926392 10.4280004501343 10.4990005493164 10.5400009155273 10.6000003814697 10.6270008087158 10.6810007095337 10.7140007019043 10.8020000457764 10.8460006713867 10.8690004348755 10.91100025177 10.9500007629395 10.9620008468628 11.0560007095337 11.2150001525879 11.2330007553101
9.06300067901611 9.17700004577637 9.11400032043457 9.01100063323975 9.12100028991699 9.153000831604 9.09200000762939 9.26800060272217 9.5290002822876 9.61500072479248 9.58700084686279 9.63300037384033 9.65000057220459 9.67500019073486 9.65799999237061 9.65200042724609 9.5890007019043 9.62600040435791 9.76000022888184 9.79000091552734 9.84000015258789 9.89800071716309 9.96700000762939 9.98900032043457 9.98200035095215 10 10.0840005874634 10.1390008926392 10.0970001220703 10.0860004425049 10.1620006561279 10.1710004806519 10.2360000610352 10.3450002670288 10.3640003204346 10.3790006637573 10.4310007095337 10.4460000991821 10.5490007400513 10.5610008239746 10.6120004653931 10.6190004348755 10.7090005874634 10.7900009155273 10.8560009002686 10.8900003433228 10.9280004501343 10.9300003051758 10.9570007324219 11.0030002593994 11.0880002975464 11.1670007705688 11.1750001907349
9.33100032806396 9.37400054931641 9.39900016784668 9.44900035858154 9.41300010681152 9.23600006103516 9.23000049591064 9.40100002288818 9.56700038909912 9.62600040435791 9.65900039672852 9.61900043487549 9.69700050354004 9.69500064849854 9.70800018310547 9.72700023651123 9.65900039672852 9.64200019836426 9.77300071716309 9.84200000762939 9.91700077056885 10.0270004272461 10.0940008163452 10.1300001144409 10.2080001831055 10.2140007019043 10.2320003509521 10.1840000152588 10.2290000915527 10.2490005493164 10.2670001983643 10.3290004730225 10.3970003128052 10.4370002746582 10.443000793457 10.4310007095337 10.4350004196167 10.4940004348755 10.585000038147 10.5790004730225 10.6200008392334 10.657000541687 10.7180004119873 10.7530002593994 10.8280000686646 10.8960008621216 10.8840007781982 10.9140005111694 10.9700002670288 10.9990005493164 11.0850009918213 11.1120004653931 11.0910005569458
9.40700054168701 9.50100040435791 9.45800018310547 9.43000030517578 9.46500015258789 9.49200057983398 9.47600078582764 9.53800010681152 9.6230001449585 9.59900093078613 9.68800067901611 9.74900054931641 9.69900035858154 9.73900032043457 9.77600002288818 9.79300022125244 9.6220006942749 9.73600006103516 9.86500072479248 9.99100017547607 10.0400009155273 10.121000289917 10.1200008392334 10.1420001983643 10.2450008392334 10.2040004730225 10.2270002365112 10.2790002822876 10.282000541687 10.3140001296997 10.3940000534058 10.532000541687 10.5710000991821 10.5900001525879 10.5980005264282 10.5690002441406 10.5560007095337 10.5800008773804 10.6400003433228 10.6910009384155 10.6650009155273 10.702000617981 10.7640008926392 10.8250007629395 10.8140001296997 10.8530006408691 10.8780002593994 10.9290008544922 10.9630002975464 11.0290002822876 11.0700006484985 11.0850009918213 11.07200050354
9.57000064849854 9.5 9.53900051116943 9.54600048065186 9.6200008392334 9.67800045013428 9.69600009918213 9.60200023651123 9.67500019073486 9.69500064849854 9.73600006103516 9.75900077819824 9.77600002288818 9.90800094604492 9.90900039672852 9.90100002288818 9.88100051879883 9.95500087738037 10.0450000762939 10.1050004959106 10.1300001144409 10.1520004272461 10.2130002975464 10.1850004196167 10.2700004577637 10.2400007247925 10.2480001449585 10.2980003356934 10.3190002441406 10.3930006027222 10.5060005187988 10.6090002059937 10.6300001144409 10.6430006027222 10.6770000457764 10.6740007400513 10.6580009460449 10.6750001907349 10.7450008392334 10.7830009460449 10.8060007095337 10.8140001296997 10.8640003204346 10.8490009307861 10.8430004119873 10.8650007247925 10.9040002822876 10.9220008850098 10.9660005569458 11.07200050354 11.0900001525879 11.0930004119873 11.0840005874634
9.4970006942749 9.56500053405762 9.60900020599365 9.59800052642822 9.528000831604 9.63000011444092 9.68000030517578 9.81100082397461 9.84000015258789 9.86500072479248 9.92500019073486 9.90200042724609 9.96700000762939 9.98600006103516 9.99400043487549 10.0090007781982 9.96700000762939 9.98400020599365 10.077000617981 10.1340007781982 10.1560001373291 10.2710008621216 10.2890005111694 10.318000793457 10.2970008850098 10.2750005722046 10.3070001602173 10.3400001525879 10.3970003128052 10.44700050354 10.5310001373291 10.5900001525879 10.6940002441406 10.7250003814697 10.7210006713867 10.7240009307861 10.710000038147 10.7450008392334 10.7760009765625 10.8410005569458 10.8790006637573 10.9320001602173 10.9250001907349 10.9170007705688 10.9230003356934 10.9300003051758 10.9830007553101 10.9980001449585 11.0440006256104 11.1180009841919 11.157000541687 11.1910009384155 11.1660003662109
9.59400081634521 9.53600025177002 9.50700092315674 9.6540002822876 9.69900035858154 9.61500072479248 9.65200042724609 9.86000061035156 9.94000053405762 10.0380001068115 10.0960006713867 10.1540002822876 10.2400007247925 10.1750001907349 10.1350002288818 10.0790004730225 10.0020008087158 10.0140008926392 10.1760005950928 10.2400007247925 10.3190002441406 10.3340005874634 10.4200000762939 10.443000793457 10.4320001602173 10.407000541687 10.4270000457764 10.4950008392334 10.5400009155273 10.5690002441406 10.5600004196167 10.621000289917 10.6630001068115 10.782000541687 10.8290004730225 10.8090009689331 10.7900009155273 10.8050003051758 10.8550004959106 10.9350004196167 10.956000328064 10.9540004730225 10.9660005569458 10.9980001449585 11.0490007400513 11.0470008850098 11.07200050354 11.1050004959106 11.1320009231567 11.1660003662109 11.2130002975464 11.2550001144409 11.2650003433228
