PresentLayers/tdmean.asc
NCOLS 292 
NROWS 291 
XLLCORNER -87.6458333327872 
YLLCORNER 24.4791666666667 
CELLSIZE 0.0416666666669039 
NODATA_value -3.4e+38 
[rows 144 to 167 of 291, columns 53 to 105 of 292]
14.1840009689331 14.2240009307861 14.2850008010864 14.4610004425049 14.5800008773804 14.6520004272461 14.734001159668 14.5990009307861 14.6460008621216 14.7330007553101 14.7670011520386 14.7750005722046 14.7710008621216 14.7700004577637 14.7130002975464 14.66100025177 14.6630010604858 14.7000007629395 14.7500009536743 14.8620004653931 14.9320011138916 14.8970003128052 14.9090003967285 15.0040006637573 14.988000869751 14.9890003204346 15.0130004882812 14.9720010757446 15.0420007705688 15.0940008163452 15.0960006713867 15.0940008163452 15.1030006408691 15.2590007781982 15.1220006942749 15.1520004272461 15.1270008087158 15.1450004577637 15.1070003509521 15.1400003433228 15.0900011062622 15.0490007400513 15.0860004425049 15.1150007247925 15.1590003967285 15.2110004425049 15.2040004730225 15.278000831604 15.371000289917 15.4140005111694 15.4060010910034 15.4210004806519 15.4260005950928
14.1700010299683 14.1740007400513 14.3190002441406 14.4750003814697 14.5950002670288 14.6550006866455 14.7190008163452 14.5880002975464 14.6310005187988 14.6640005111694 14.6950006484985 14.689001083374 14.6880006790161 14.7190008163452 14.7090005874634 14.7190008163452 14.742000579834 14.7610006332397 14.831000328064 14.9300003051758 15.0530004501343 14.9850006103516 14.9580011367798 14.992000579834 14.9480009078979 14.9620008468628 14.9340009689331 14.9980010986328 14.9790010452271 15.0060005187988 15.0520009994507 15.1080007553101 15.1280002593994 15.1960010528564 15.2550010681152 15.2150011062622 15.2640008926392 15.3440008163452 15.153000831604 15.1290006637573 15.1030006408691 15.0790004730225 15.1120004653931 15.19700050354 15.2500009536743 15.2710008621216 15.3200006484985 15.4310007095337 15.4670009613037 15.5000009536743 15.484001159668 15.4540004730225 15.5330009460449
14.1830005645752 14.2300004959106 14.2680006027222 14.367000579834 14.4500007629395 14.5540008544922 14.6120004653931 14.6020002365112 14.6230010986328 14.6350002288818 14.6690006256104 14.6760005950928 14.6650009155273 14.7100009918213 14.7390003204346 14.7210006713867 14.7390003204346 14.7750005722046 14.8300008773804 14.8930006027222 15.0170011520386 14.9230003356934 14.9630002975464 14.9790010452271 14.899001121521 14.9020004272461 14.9600009918213 14.9680004119873 14.9990005493164 15.0020008087158 15.0270004272461 15.0650005340576 15.117000579834 15.2510004043579 15.2660007476807 15.3100004196167 15.3740005493164 15.3050003051758 15.1730003356934 15.1230010986328 15.1420011520386 15.1950006484985 15.2070007324219 15.2650003433228 15.314001083374 15.3750009536743 15.4440011978149 15.4980010986328 15.4980010986328 15.4800004959106 15.528000831604 15.5860004425049 15.6250009536743
14.2530002593994 14.3000011444092 14.3350009918213 14.3810005187988 14.5080003738403 14.5590009689331 14.6160011291504 14.6080007553101 14.6300010681152 14.6360006332397 14.6800003051758 14.693000793457 14.6770009994507 14.7150011062622 14.7250003814697 14.7170009613037 14.7170009613037 14.7530002593994 14.7940006256104 14.8350009918213 14.9140005111694 14.9320011138916 14.9410009384155 14.9580011367798 14.9040002822876 14.8770008087158 14.9120006561279 14.9890003204346 14.9670009613037 14.9630002975464 15.0420007705688 15.0630006790161 15.1160011291504 15.2800006866455 15.2880010604858 15.2690010070801 15.3290004730225 15.2750005722046 15.2080011367798 15.1820011138916 15.206000328064 15.2490005493164 15.2990007400513 15.3440008163452 15.3840007781982 15.4500007629395 15.4590005874634 15.5000009536743 15.496000289917 15.5540008544922 15.6060009002686 15.6280012130737 15.6820011138916
14.3590002059937 14.3700008392334 14.3620004653931 14.4790010452271 14.5170011520386 14.5620002746582 14.6280002593994 14.6300010681152 14.6330003738403 14.6290006637573 14.6580009460449 14.6840009689331 14.6850004196167 14.6950006484985 14.7090005874634 14.7300004959106 14.7320003509521 14.7510004043579 14.7760009765625 14.7800006866455 14.8650007247925 14.9600009918213 14.9800004959106 15.0030002593994 14.9150009155273 14.8480005264282 14.8540010452271 14.9460010528564 15.0230007171631 15.0350008010864 15.0600004196167 15.0490007400513 15.1510009765625 15.314001083374 15.3440008163452 15.3020009994507 15.3020009994507 15.2700004577637 15.2640008926392 15.2790002822876 15.2790002822876 15.3110008239746 15.3540010452271 15.4210004806519 15.4670009613037 15.4750003814697 15.5070009231567 15.528000831604 15.5780010223389 15.6590003967285 15.7000007629395 15.689001083374 15.7150011062622
14.4190006256104 14.4180002212524 14.4500007629395 14.4700002670288 14.57200050354 14.6250009536743 14.66100025177 14.6630010604858 14.6450004577637 14.6330003738403 14.657000541687 14.6920003890991 14.689001083374 14.6840009689331 14.7010011672974 14.7030010223389 14.7010011672974 14.6910009384155 14.7200002670288 14.778000831604 14.8620004653931 14.9500007629395 15.0230007171631 15.0480003356934 14.9690008163452 14.8970003128052 14.9210004806519 14.9660005569458 14.9970006942749 15.0060005187988 15.0290002822876 15.0860004425049 15.206000328064 15.3480005264282 15.3610010147095 15.3280010223389 15.3430004119873 15.3550004959106 15.3390007019043 15.3470010757446 15.3640003204346 15.3950004577637 15.4290008544922 15.4700002670288 15.4540004730225 15.5090007781982 15.5370006561279 15.5980005264282 15.6680011749268 15.7030010223389 15.7250003814697 15.7240009307861 15.7510004043579
14.5580005645752 14.5160007476807 14.57200050354 14.6260004043579 14.6120004653931 14.6370010375977 14.6520004272461 14.6840009689331 14.6690006256104 14.6590003967285 14.6600008010864 14.6800003051758 14.6740007400513 14.7000007629395 14.7010011672974 14.6820011138916 14.6590003967285 14.6820011138916 14.7100009918213 14.7550010681152 14.8650007247925 14.9670009613037 15.0460004806519 15.1470003128052 15.1820011138916 15.0900011062622 15.0310010910034 15.0250005722046 15.0390005111694 14.9970006942749 15.0290002822876 15.109001159668 15.2650003433228 15.3720006942749 15.4090003967285 15.4620008468628 15.4510011672974 15.44700050354 15.452000617981 15.4550008773804 15.4490003585815 15.4610004425049 15.4820003509521 15.5270004272461 15.5120010375977 15.5780010223389 15.6000003814697 15.6330003738403 15.6740007400513 15.6580009460449 15.7000007629395 15.7230005264282 15.7940006256104
14.6510009765625 14.621000289917 14.6390008926392 14.6550006866455 14.6710004806519 14.6730003356934 14.6900005340576 14.7180004119873 14.689001083374 14.6730003356934 14.6790008544922 14.6900005340576 14.6590003967285 14.6630010604858 14.6450004577637 14.613000869751 14.5970010757446 14.6290006637573 14.649001121521 14.702000617981 14.8090009689331 14.9490003585815 15.0610008239746 15.2030010223389 15.3050003051758 15.2270011901855 15.1110010147095 15.0630006790161 15.0530004501343 15.0610008239746 15.149001121521 15.1940011978149 15.2890005111694 15.3690004348755 15.4750003814697 15.5200004577637 15.4980010986328 15.5110006332397 15.5190010070801 15.5220003128052 15.5360012054443 15.5250005722046 15.5250005722046 15.564001083374 15.5630006790161 15.5800008773804 15.6190004348755 15.6760005950928 15.69700050354 15.6840009689331 15.6940011978149 15.7430009841919 15.8500003814697
14.7470006942749 14.6780004501343 14.6320009231567 14.6450004577637 14.6750011444092 14.7210006713867 14.8040008544922 14.7930011749268 14.7310009002686 14.7000007629395 14.6800003051758 14.689001083374 14.66100025177 14.6310005187988 14.5900011062622 14.5370006561279 14.4680004119873 14.5140008926392 14.6070003509521 14.6600008010864 14.6690006256104 14.827000617981 14.9900007247925 15.1000003814697 15.1630010604858 15.1600008010864 15.1270008087158 15.1190004348755 15.153000831604 15.1800003051758 15.2440004348755 15.2470006942749 15.2790002822876 15.331000328064 15.4730005264282 15.5150003433228 15.5350008010864 15.5510005950928 15.5570011138916 15.5700006484985 15.5880002975464 15.6020011901855 15.6160011291504 15.6060009002686 15.6250009536743 15.6230010986328 15.6780004501343 15.7170009613037 15.7100009918213 15.7110004425049 15.7230005264282 15.7990007400513 15.8510007858276
14.8060007095337 14.7070007324219 14.693000793457 14.6730003356934 14.7050008773804 14.7660007476807 14.859001159668 14.8490009307861 14.7910003662109 14.702000617981 14.7200002670288 14.6750011444092 14.6280002593994 14.613000869751 14.5790004730225 14.5070009231567 14.4610004425049 14.4810009002686 14.5800008773804 14.6460008621216 14.6220006942749 14.7240009307861 14.8640003204346 14.9900007247925 15.0760011672974 15.1160011291504 15.1820011138916 15.2490005493164 15.3480005264282 15.4380006790161 15.439001083374 15.4440011978149 15.4650011062622 15.5040006637573 15.5460004806519 15.5500011444092 15.5630006790161 15.6430006027222 15.6200008392334 15.617000579834 15.6430006027222 15.7000007629395 15.6990003585815 15.6840009689331 15.7070007324219 15.6980009078979 15.7030010223389 15.7290010452271 15.7440004348755 15.7620010375977 15.7890005111694 15.8240003585815 15.8540010452271
14.9950008392334 14.8410005569458 14.7350006103516 14.7220010757446 14.7980003356934 14.8330011367798 14.8950004577637 14.9240007400513 14.8460006713867 14.7390003204346 14.6940002441406 14.6670007705688 14.6180009841919 14.6220006942749 14.6100006103516 14.5500011444092 14.4590005874634 14.4670009613037 14.5520009994507 14.6040010452271 14.6250009536743 14.7110004425049 14.82200050354 14.9140005111694 15.0150003433228 15.1390008926392 15.318000793457 15.4830007553101 15.6430006027222 15.7660007476807 15.8200006484985 15.8190011978149 15.8210010528564 15.8210010528564 15.7990007400513 15.7300004959106 15.6980009078979 15.7200012207031 15.7300004959106 15.69700050354 15.7190008163452 15.7300004959106 15.7690010070801 15.7500009536743 15.7600011825562 15.7590007781982 15.7150011062622 15.7290010452271 15.8040008544922 15.8250007629395 15.8460006713867 15.8800010681152 15.8640003204346
15.2220010757446 15.0540008544922 14.91100025177 14.8540010452271 14.8400011062622 14.859001159668 14.9100008010864 14.9290008544922 14.8580007553101 14.7660007476807 14.7070007324219 14.653000831604 14.6140003204346 14.6050004959106 14.5910005569458 14.5550003051758 14.4780006408691 14.5160007476807 14.564001083374 14.6190004348755 14.6760005950928 14.7540006637573 14.8610010147095 14.9700002670288 15.1240005493164 15.3370008468628 15.609001159668 15.7660007476807 15.9100008010864 16.0349998474121 16.1000003814697 16.1260013580322 16.0930004119873 16.0540008544922 16.0100002288818 15.9320011138916 15.9170007705688 15.9190006256104 15.8600006103516 15.8200006484985 15.7960004806519 15.7660007476807 15.8110008239746 15.8090009689331 15.8030004501343 15.8080005645752 15.7650003433228 15.7750005722046 15.8110008239746 15.8360004425049 15.8690004348755 15.9250011444092 15.8800010681152
15.4690008163452 15.2890005111694 15.1540002822876 14.988000869751 14.9140005111694 14.8750009536743 14.9150009155273 14.939001083374 14.8650007247925 14.774001121521 14.7410011291504 14.6560010910034 14.6420011520386 14.6420011520386 14.6240005493164 14.5900011062622 14.5550003051758 14.6200008392334 14.609001159668 14.6670007705688 14.7580003738403 14.8320007324219 14.9580011367798 15.1160011291504 15.3730010986328 15.6290006637573 15.8420009613037 15.9750003814697 16.0200004577637 -3.4e+38 16.1350002288818 -3.4e+38 -3.4e+38 -3.4e+38 -3.4e+38 16.0690002441406 16.0310001373291 16.0690002441406 16.0810012817383 16.0150012969971 15.9240007400513 15.859001159668 15.8790006637573 15.8600006103516 15.8390007019043 15.8460006713867 15.8320007324219 15.8210010528564 15.8080005645752 15.8370008468628 15.9200010299683 15.9360008239746 15.9230003356934
15.7350006103516 15.564001083374 15.3740005493164 15.1760005950928 15.0140008926392 14.9480009078979 14.91100025177 14.9360008239746 14.8870010375977 14.7920007705688 14.7590007781982 14.7270002365112 14.7330007553101 14.7390003204346 14.7370004653931 14.7000007629395 14.7200002670288 14.7560005187988 14.7770004272461 14.8400011062622 14.9410009384155 15.0260009765625 15.1980009078979 15.452000617981 15.6650009155273 15.8550004959106 15.9700012207031 -3.4e+38 -3.4e+38 -3.4e+38 -3.4e+38 -3.4e+38 -3.4e+38 -3.4e+38 -3.4e+38 -3.4e+38 16.1880016326904 16.1950016021729 16.1860008239746 16.1990013122559 16.1800003051758 16.0450000762939 15.984001159668 15.9080009460449 15.8790006637573 15.8720006942749 15.8580007553101 15.8420009613037 15.8160009384155 15.8440008163452 15.8870010375977 15.9100008010864 15.9380006790161
15.9320011138916 15.8050003051758 15.5880002975464 15.3940010070801 15.189001083374 15.0080003738403 14.8930006027222 14.8840007781982 14.8930006027222 14.8580007553101 14.8430004119873 14.814001083374 14.8780002593994 14.9080009460449 14.907000541687 14.939001083374 14.952000617981 14.984001159668 15.0040006637573 15.0740003585815 15.1800003051758 15.3450002670288 15.564001083374 15.7350006103516 15.9140005111694 15.9790010452271 -3.4e+38 -3.4e+38 -3.4e+38 -3.4e+38 -3.4e+38 -3.4e+38 -3.4e+38 -3.4e+38 -3.4e+38 -3.4e+38 -3.4e+38 -3.4e+38 16.3509998321533 16.326000213623 16.2980003356934 16.2870006561279 16.2290000915527 16.0590000152588 15.9280004501343 15.8960008621216 15.8880004882812 15.8530006408691 15.8520011901855 15.8490009307861 15.8890008926392 15.8850011825562 15.9020004272461
16.0930004119873 15.9940004348755 15.82200050354 15.5960006713867 15.3700008392334 15.1790008544922 14.9660005569458 14.9100008010864 14.9250011444092 14.9930009841919 14.9950008392334 15.0200004577637 15.0850009918213 15.1260004043579 15.1830005645752 15.2140007019043 15.2200002670288 15.2350006103516 15.2790002822876 15.4060010910034 15.5570011138916 15.7240009307861 15.8620004653931 16.0120010375977 16.064001083374 16.109001159668 -3.4e+38 -3.4e+38 -3.4e+38 -3.4e+38 -3.4e+38 -3.4e+38 -3.4e+38 -3.4e+38 -3.4e+38 -3.4e+38 -3.4e+38 -3.4e+38 -3.4e+38 -3.4e+38 16.4530010223389 16.4290008544922 16.4610004425049 16.3320007324219 16.0710010528564 15.9610004425049 15.9050006866455 15.8960008621216 15.8720006942749 15.8810005187988 15.9110012054443 15.9050006866455 15.9020004272461
-3.4e+38 16.1160011291504 16.0190010070801 15.8230009078979 15.5610008239746 15.3640003204346 15.1520004272461 15.0370006561279 15.1100006103516 15.1800003051758 15.2190008163452 15.2670011520386 15.3500003814697 15.4380006790161 15.5050010681152 15.4910011291504 15.5130004882812 15.5890007019043 15.689001083374 15.8020009994507 15.9100008010864 16.0700016021729 -3.4e+38 -3.4e+38 16.2530002593994 16.3050003051758 -3.4e+38 -3.4e+38 -3.4e+38 -3.4e+38 -3.4e+38 -3.4e+38 -3.4e+38 -3.4e+38 -3.4e+38 -3.4e+38 -3.4e+38 -3.4e+38 -3.4e+38 -3.4e+38 -3.4e+38 -3.4e+38 16.5780010223389 16.5230007171631 16.3540000915527 16.1060009002686 15.988000869751 15.9240007400513 15.9020004272461 15.9100008010864 15.8950004577637 15.8910007476807 15.8960008621216
-3.4e+38 16.242000579834 16.1630001068115 16.0400009155273 15.8060007095337 15.5760011672974 15.3770008087158 15.2760009765625 15.3610010147095 15.4060010910034 15.4690008163452 15.532000541687 15.6100006103516 15.6990003585815 15.7760009765625 15.8490009307861 15.9150009155273 15.9820003509521 16.0840015411377 16.201000213623 16.2600002288818 -3.4e+38 -3.4e+38 -3.4e+38 -3.4e+38 -3.4e+38 -3.4e+38 -3.4e+38 -3.4e+38 -3.4e+38 -3.4e+38 -3.4e+38 -3.4e+38 -3.4e+38 -3.4e+38 -3.4e+38 -3.4e+38 -3.4e+38 -3.4e+38 -3.4e+38 -3.4e+38 -3.4e+38 -3.4e+38 16.6979999542236 16.5630016326904 16.3740005493164 16.1389999389648 16.0230007171631 15.984001159668 15.956000328064 15.9270009994507 15.9090003967285 15.9370012283325
-3.4e+38 16.4230003356934 16.2530002593994 16.2000007629395 16.0260009765625 15.8040008544922 15.6040010452271 15.4970006942749 15.5740003585815 15.6180009841919 15.6960010528564 15.7840003967285 15.9150009155273 16.0139999389648 16.0650005340576 16.1310005187988 16.2400016784668 16.3380012512207 16.3740005493164 16.4110012054443 16.4230003356934 -3.4e+38 -3.4e+38 -3.4e+38 -3.4e+38 -3.4e+38 -3.4e+38 -3.4e+38 -3.4e+38 -3.4e+38 -3.4e+38 -3.4e+38 -3.4e+38 -3.4e+38 -3.4e+38 -3.4e+38 -3.4e+38 -3.4e+38 -3.4e+38 -3.4e+38 -3.4e+38 -3.4e+38 -3.4e+38 -3.4e+38 16.7290000915527 16.5690002441406 16.375 16.1319999694824 16.0550003051758 15.9910011291504 15.9750003814697 15.9480009078979 15.9720010757446
-3.4e+38 16.5960006713867 16.4110012054443 16.3090000152588 16.2250003814697 16.0260009765625 15.8400011062622 15.7310009002686 15.8080005645752 15.8680009841919 15.9480009078979 16.0500011444092 16.193000793457 16.2450008392334 16.3229999542236 16.3830013275146 16.4400005340576 16.4940013885498 16.5120010375977 16.5480003356934 -3.4e+38 -3.4e+38 -3.4e+38 -3.4e+38 -3.4e+38 -3.4e+38 -3.4e+38 -3.4e+38 -3.4e+38 -3.4e+38 -3.4e+38 -3.4e+38 -3.4e+38 -3.4e+38 -3.4e+38 -3.4e+38 -3.4e+38 -3.4e+38 -3.4e+38 -3.4e+38 -3.4e+38 -3.4e+38 -3.4e+38 -3.4e+38 16.8340015411377 16.7140007019043 16.5390014648438 16.3270015716553 16.1150016784668 16.0020008087158 15.9640007019043 15.9530010223389 15.9760007858276
-3.4e+38 16.7170009613037 16.5790004730225 16.4099998474121 16.3480014801025 16.2230014801025 16.056001663208 15.9910011291504 16.0840015411377 16.1459999084473 16.2310009002686 16.3000011444092 16.3600006103516 16.4250011444092 16.484001159668 16.5190010070801 16.5650005340576 16.6000003814697 -3.4e+38 -3.4e+38 -3.4e+38 -3.4e+38 -3.4e+38 -3.4e+38 -3.4e+38 -3.4e+38 -3.4e+38 -3.4e+38 -3.4e+38 -3.4e+38 -3.4e+38 -3.4e+38 -3.4e+38 -3.4e+38 -3.4e+38 -3.4e+38 -3.4e+38 -3.4e+38 -3.4e+38 -3.4e+38 -3.4e+38 -3.4e+38 -3.4e+38 -3.4e+38 -3.4e+38 16.810001373291 16.6670017242432 16.4940013885498 16.3130016326904 16.1000003814697 16.0200004577637 15.9990005493164 15.996000289917
-3.4e+38 16.8360004425049 16.7049999237061 16.5349998474121 16.4320011138916 16.3520011901855 16.2990016937256 16.2560005187988 16.3070011138916 16.3340015411377 16.3810005187988 16.4140014648438 16.480001449585 16.5300006866455 16.609001159668 16.6330013275146 -3.4e+38 -3.4e+38 -3.4e+38 -3.4e+38 -3.4e+38 -3.4e+38 -3.4e+38 -3.4e+38 -3.4e+38 -3.4e+38 -3.4e+38 -3.4e+38 -3.4e+38 -3.4e+38 -3.4e+38 -3.4e+38 -3.4e+38 -3.4e+38 -3.4e+38 -3.4e+38 -3.4e+38 -3.4e+38 -3.4e+38 -3.4e+38 -3.4e+38 -3.4e+38 -3.4e+38 -3.4e+38 -3.4e+38 -3.4e+38 16.7610015869141 16.6100006103516 16.4689998626709 16.2910003662109 16.1060009002686 16.0380001068115 16.0320014953613
-3.4e+38 -3.4e+38 -3.4e+38 -3.4e+38 -3.4e+38 16.4850006103516 16.3950004577637 16.363000869751 16.4070014953613 16.4490013122559 16.5050010681152 16.5420017242432 16.6020011901855 16.6580009460449 -3.4e+38 -3.4e+38 -3.4e+38 -3.4e+38 -3.4e+38 -3.4e+38 -3.4e+38 -3.4e+38 -3.4e+38 -3.4e+38 -3.4e+38 -3.4e+38 -3.4e+38 -3.4e+38 -3.4e+38 -3.4e+38 -3.4e+38 -3.4e+38 -3.4e+38 -3.4e+38 -3.4e+38 -3.4e+38 -3.4e+38 -3.4e+38 -3.4e+38 -3.4e+38 -3.4e+38 -3.4e+38 -3.4e+38 -3.4e+38 -3.4e+38 -3.4e+38 -3.4e+38 -3.4e+38 -3.4e+38 16.4710006713867 16.2870006561279 16.0900001525879 16.0920009613037
-3.4e+38 -3.4e+38 -3.4e+38 -3.4e+38 -3.4e+38 -3.4e+38 -3.4e+38 -3.4e+38 16.5270004272461 16.5420017242432 16.5890007019043 16.6360015869141 -3.4e+38 -3.4e+38 -3.4e+38 -3.4e+38 -3.4e+38 -3.4e+38 -3.4e+38 -3.4e+38 -3.4e+38 -3.4e+38 -3.4e+38 -3.4e+38 -3.4e+38 -3.4e+38 -3.4e+38 -3.4e+38 -3.4e+38 -3.4e+38 -3.4e+38 -3.4e+38 -3.4e+38 -3.4e+38 -3.4e+38 -3.4e+38 -3.4e+38 -3.4e+38 -3.4e+38 -3.4e+38 -3.4e+38 -3.4e+38 -3.4e+38 -3.4e+38 -3.4e+38 -3.4e+38 -3.4e+38 -3.4e+38 -3.4e+38 16.617000579834 16.4820003509521 16.2430000305176 16.1669998168945
