PresentLayers/tmax.asc
NCOLS 292 
NROWS 291 
XLLCORNER -87.6458333327872 
YLLCORNER 24.4791666666667 
CELLSIZE 0.0416666666669039 
NODATA_value -3.4e+38 
[rows 0 to 23 of 291, columns 212 to 264 of 292]
-3.4e+38 -3.4e+38 -3.4e+38 -3.4e+38 -3.4e+38 -3.4e+38 -3.4e+38 -3.4e+38 -3.4e+38 -3.4e+38 -3.4e+38 -3.4e+38 -3.4e+38 -3.4e+38 -3.4e+38 -3.4e+38 -3.4e+38 -3.4e+38 -3.4e+38 -3.4e+38 -3.4e+38 -3.4e+38 -3.4e+38 -3.4e+38 -3.4e+38 -3.4e+38 -3.4e+38 -3.4e+38 -3.4e+38 -3.4e+38 -3.4e+38 -3.4e+38 -3.4e+38 -3.4e+38 -3.4e+38 -3.4e+38 -3.4e+38 -3.4e+38 -3.4e+38 -3.4e+38 -3.4e+38 -3.4e+38 -3.4e+38 -3.4e+38 -3.4e+38 -3.4e+38 -3.4e+38 -3.4e+38 -3.4e+38 -3.4e+38 -3.4e+38 -3.4e+38 -3.4e+38
20.9670009613037 -3.4e+38 -3.4e+38 -3.4e+38 -3.4e+38 -3.4e+38 -3.4e+38 -3.4e+38 -3.4e+38 21.2710018157959 21.3500003814697 21.4890003204346 21.4630012512207 21.4260005950928 21.4400005340576 21.3720016479492 21.3490009307861 21.2490005493164 21.1580009460449 21.1100006103516 21.052001953125 21.0240001678467 21.0780010223389 21.052001953125 20.980001449585 20.9950008392334 21.0990009307861 21.1670017242432 21.2180004119873 21.2120018005371 21.185001373291 21.1160011291504 21.1060009002686 21.1640014648438 21.2400016784668 21.306001663208 21.3620014190674 21.3850002288818 21.3840007781982 21.363000869751 21.2860012054443 21.1750011444092 21.121000289917 21.2150001525879 21.3490009307861 21.5290012359619 21.5740013122559 21.6340007781982 21.7180004119873 21.8800010681152 21.9530010223389 22.0450019836426 22.1110019683838
20.9460010528564 20.9810009002686 21.0310001373291 21.064001083374 21.0810012817383 21.068000793457 21.0040016174316 21.1560001373291 21.2000007629395 21.1560001373291 21.3620014190674 21.3540000915527 21.3210010528564 21.3690013885498 21.355001449585 21.2550010681152 21.3330001831055 21.2330017089844 21.2070007324219 21.2220001220703 21.2020015716553 21.2020015716553 21.2160015106201 21.1940002441406 21.246000289917 21.193000793457 21.2900009155273 21.3940010070801 21.367000579834 21.2480010986328 21.1960010528564 21.1790008544922 21.1590003967285 21.1270008087158 21.1530017852783 21.1440010070801 21.2130012512207 21.2190017700195 21.1710014343262 21.1520004272461 21.1760005950928 21.109001159668 21.1300010681152 21.1880016326904 21.3300018310547 21.5220012664795 21.6530017852783 21.7190017700195 21.851001739502 22.064001083374 22.1390018463135 22.1820011138916 22.193000793457
20.9220008850098 20.8910007476807 20.9590015411377 20.9530010223389 20.9050006866455 20.8370018005371 20.8780002593994 20.976001739502 21.060001373291 21.1270008087158 21.3310012817383 21.2370014190674 21.1880016326904 21.2510013580322 21.1910018920898 21.1750011444092 21.2640018463135 21.2540016174316 21.2500019073486 21.2370014190674 21.2140007019043 21.2190017700195 21.1720008850098 21.1550006866455 21.2240009307861 21.2560005187988 21.3540000915527 21.4490013122559 21.4600009918213 21.3210010528564 21.1950016021729 21.1590003967285 21.1540012359619 21.1390018463135 21.1700000762939 21.2450008392334 21.2360000610352 21.185001373291 21.1880016326904 21.1280002593994 21.0510005950928 21.0150012969971 21.0670013427734 21.1760005950928 21.3350009918213 21.5200004577637 21.6820011138916 21.8640003204346 21.9480018615723 22.0480003356934 22.1290016174316 22.2190017700195 22.2440013885498
20.8540000915527 20.8390007019043 20.8380012512207 20.7940006256104 20.8440017700195 20.7920017242432 20.8700008392334 20.8790016174316 21.0040016174316 21.1790008544922 21.2590007781982 21.1690006256104 21.0950012207031 21.181001663208 21.2720012664795 21.1760005950928 21.238000869751 21.2900009155273 21.355001449585 21.3070011138916 21.2940006256104 21.2800006866455 21.2100009918213 21.1730003356934 21.1490001678467 21.101001739502 21.1860008239746 21.2510013580322 21.2920017242432 21.3420009613037 21.2680015563965 21.2310009002686 21.2130012512207 21.181001663208 21.2000007629395 21.2280006408691 21.2220001220703 21.1740016937256 21.1310005187988 21.0420017242432 20.984001159668 20.9490013122559 21.0020008087158 21.1490001678467 21.3230018615723 21.5730018615723 21.7530002593994 21.9300003051758 22.0460014343262 22.1200008392334 22.1650009155273 22.185001373291 22.2500019073486
20.8650016784668 20.859001159668 20.8270015716553 20.7690010070801 20.742000579834 20.6790008544922 20.7060012817383 20.8430004119873 20.9250011444092 21.1120014190674 21.0820007324219 20.9900016784668 21.1260013580322 21.1700000762939 21.2580013275146 21.3950004577637 21.439001083374 21.4210014343262 21.4450016021729 21.5440006256104 21.5190010070801 21.4740009307861 21.3540000915527 21.2700004577637 21.0610008239746 21.064001083374 21.0670013427734 21.0710010528564 21.0610008239746 21.2250003814697 21.3090019226074 21.2640018463135 21.2410011291504 21.2500019073486 21.2650012969971 21.2770004272461 21.2370014190674 21.1920013427734 21.1380004882812 21.0890007019043 21.0710010528564 21.068000793457 21.1330013275146 21.2160015106201 21.3270015716553 21.556001663208 21.7730007171631 21.9640007019043 22.0880012512207 22.1600017547607 22.1500015258789 22.1740016937256 22.1910018920898
20.8940010070801 20.9000015258789 20.9040012359619 20.8460006713867 20.7100009918213 20.8450012207031 20.8500003814697 20.7920017242432 20.9380016326904 20.9220008850098 20.9190006256104 21.0110015869141 21.0950012207031 21.1790008544922 21.2070007324219 21.4000015258789 21.5210018157959 21.57200050354 21.6440010070801 21.6570014953613 21.7230014801025 21.6500015258789 21.5100002288818 21.3910007476807 21.1340007781982 21.064001083374 20.9980010986328 20.9230003356934 20.9610004425049 21.1730003356934 21.2970008850098 21.3380012512207 21.3470001220703 21.3050003051758 21.3040008544922 21.2790012359619 21.2220001220703 21.1650009155273 21.068000793457 21.0140018463135 21.0770015716553 21.1590003967285 21.2230014801025 21.3160018920898 21.4360008239746 21.6190013885498 21.7450008392334 21.8750019073486 22.0310001373291 22.0660018920898 22.0780010223389 22.076000213623 22.0820007324219
20.9120006561279 20.9580001831055 21.0400009155273 20.9480018615723 20.8970012664795 20.9770011901855 21.0330009460449 21.060001373291 21.1350002288818 20.9220008850098 21.0100002288818 21.1830005645752 21.2390003204346 21.2900009155273 21.3770008087158 21.4330005645752 21.5040016174316 21.6540012359619 21.814001083374 21.8530006408691 21.8390007019043 21.7990016937256 21.6950016021729 21.4820003509521 21.2960014343262 21.1720008850098 21.1000003814697 21.0400009155273 21.0670013427734 21.2020015716553 21.2810001373291 21.3470001220703 21.3950004577637 21.3870010375977 21.3400001525879 21.3090019226074 21.2530002593994 21.1680011749268 21.0780010223389 21.0350017547607 21.1320018768311 21.2400016784668 21.3610000610352 21.4950008392334 21.6070003509521 21.7560005187988 21.8200016021729 21.8890018463135 21.9260005950928 22.0070018768311 22.0950012207031 22.1150016784668 22.1060009002686
20.9930019378662 20.9210014343262 21.0060005187988 21.1150016784668 21.0710010528564 21.1800003051758 21.101001739502 21.2470016479492 21.177001953125 21.0580005645752 21.1140003204346 21.0740013122559 21.2100009918213 21.3380012512207 21.3860015869141 21.492000579834 21.57200050354 21.5890007019043 21.8050003051758 21.8790016174316 21.8720016479492 21.8120002746582 21.6860008239746 21.5490016937256 21.4250011444092 21.3580017089844 21.314001083374 21.2740001678467 21.2580013275146 21.238000869751 21.3110008239746 21.3340015411377 21.4450016021729 21.4660015106201 21.4540004730225 21.3850002288818 21.3290004730225 21.2780017852783 21.234001159668 21.2240009307861 21.2910003662109 21.4060001373291 21.4970016479492 21.576000213623 21.7410011291504 21.8110008239746 21.8900012969971 21.9740009307861 22.0310001373291 22.068000793457 22.0860004425049 22.1440010070801 22.1660003662109
21.056001663208 21.0040016174316 20.9460010528564 21.0540008544922 21.2410011291504 21.2370014190674 21.2170009613037 21.2840003967285 21.2840003967285 21.2350006103516 21.2700004577637 21.3780002593994 21.3490009307861 21.44700050354 21.3960018157959 21.4190006256104 21.5290012359619 21.6430015563965 21.7950019836426 21.8340015411377 21.810001373291 21.7770004272461 21.726001739502 21.564001083374 21.5430011749268 21.5030002593994 21.4690017700195 21.4440002441406 21.4120006561279 21.4160003662109 21.3820018768311 21.3450012207031 21.4140014648438 21.5140018463135 21.5250015258789 21.5300006866455 21.4710006713867 21.4140014648438 21.4030017852783 21.44700050354 21.5240001678467 21.5590019226074 21.6500015258789 21.7490005493164 21.8380012512207 21.8930015563965 21.9630012512207 22.0100002288818 22.1060009002686 22.1200008392334 22.1650009155273 22.1910018920898 22.2170009613037
21.0840015411377 21.1260013580322 21.1680011749268 21.1140003204346 21.0840015411377 21.0790004730225 21.2140007019043 21.3980007171631 21.4530010223389 21.5250015258789 21.5360012054443 21.681001663208 21.5350017547607 21.4080009460449 21.4690017700195 21.5300006866455 21.5920009613037 21.6190013885498 21.6040000915527 21.7330017089844 21.7370014190674 21.7390003204346 21.6910018920898 21.5700016021729 21.617000579834 21.5980014801025 21.5530014038086 21.5400009155273 21.5140018463135 21.5290012359619 21.4850006103516 21.4970016479492 21.5060005187988 21.5210018157959 21.5790004730225 21.5980014801025 21.6100006103516 21.6100006103516 21.5940017700195 21.6710014343262 21.6910018920898 21.7310009002686 21.7820014953613 21.8730010986328 21.9550018310547 22.0310001373291 22.1040019989014 22.201000213623 22.2480010986328 22.1720008850098 22.1550006866455 22.1480007171631 22.1510009765625
21.2130012512207 21.1390018463135 21.1840019226074 21.1450004577637 21.1250019073486 21.0500011444092 21.0150012969971 21.0750007629395 21.2100009918213 21.3210010528564 21.6600017547607 21.9150009155273 21.7320003509521 21.6290016174316 21.4260005950928 21.4630012512207 21.5200004577637 21.5970001220703 21.6580009460449 21.6690006256104 21.7240009307861 21.7080001831055 21.6490001678467 21.6190013885498 21.6550006866455 21.6420001983643 21.6220016479492 21.6570014953613 21.6630001068115 21.6520004272461 21.6520004272461 21.6190013885498 21.6080017089844 21.5850009918213 21.6500015258789 21.7000007629395 21.746000289917 21.7710018157959 21.7440013885498 21.8120002746582 21.8540000915527 21.8540000915527 21.9010009765625 21.9990005493164 22.1450004577637 22.2370014190674 22.2840003967285 22.3750019073486 22.3530006408691 22.1900005340576 21.9890003204346 22.0040016174316 21.9570007324219
21.2280006408691 21.1780014038086 21.1110000610352 21.0780010223389 21.0370006561279 20.9240016937256 20.855001449585 21.0450000762939 21.2250003814697 21.3860015869141 21.5000019073486 21.6120014190674 21.7990016937256 21.6500015258789 21.5190010070801 21.4230003356934 21.4500007629395 21.4650001525879 21.5140018463135 21.5670013427734 21.5860004425049 21.685001373291 21.6500015258789 21.6700000762939 21.6840019226074 21.6820011138916 21.6960010528564 21.6900005340576 21.6560001373291 21.7100009918213 21.746000289917 21.7090015411377 21.6820011138916 21.6990013122559 21.6860008239746 21.7360019683838 21.8390007019043 21.8740005493164 21.8940010070801 21.9160003662109 21.9340019226074 21.9690017700195 22.0650005340576 22.2240009307861 22.3940010070801 22.5450019836426 22.5900001525879 22.5570011138916 22.4500007629395 22.2130012512207 21.859001159668 21.8170013427734 21.7200012207031
21.2290000915527 21.1550006866455 20.9990005493164 20.9090003967285 20.8640003204346 20.9610004425049 20.863000869751 20.9740009307861 21.1100006103516 21.1780014038086 21.2760009765625 21.3480014801025 21.5180015563965 21.5950012207031 21.5390014648438 21.44700050354 21.4860019683838 21.5390014648438 21.4500007629395 21.560001373291 21.605001449585 21.6230010986328 21.6410007476807 21.6940002441406 21.7050018310547 21.7130012512207 21.7090015411377 21.7620010375977 21.7620010375977 21.810001373291 21.8850002288818 21.8230018615723 21.8080005645752 21.8310012817383 21.8120002746582 21.8290004730225 21.8790016174316 21.9340019226074 21.9560012817383 21.9890003204346 22.0230007171631 22.1060009002686 22.1870002746582 22.3360004425049 22.5730018615723 22.7950019836426 22.8660011291504 22.7790012359619 22.601001739502 22.2920017242432 21.9400005340576 21.6470012664795 21.5550003051758
21.306001663208 21.1500015258789 20.9640007019043 20.8500003814697 20.8990001678467 20.992000579834 21.0740013122559 21.1250019073486 21.052001953125 21.0470008850098 21.0660018920898 21.1440010070801 21.2960014343262 21.5190010070801 21.5350017547607 21.5200004577637 21.564001083374 21.5540008544922 21.5910015106201 21.6600017547607 21.7240009307861 21.7520008087158 21.734001159668 21.818000793457 21.8600006103516 21.8400001525879 21.8400001525879 21.8490009307861 21.8990001678467 21.9830017089844 22.0540008544922 21.984001159668 21.9700012207031 21.9010009765625 21.8660011291504 21.9050006866455 21.8990001678467 21.9050006866455 22.0090007781982 22.0550003051758 22.0990009307861 22.1380004882812 22.2550010681152 22.4010009765625 22.6300010681152 22.8770008087158 22.9570007324219 22.8850002288818 22.7150001525879 22.4230003356934 22.056001663208 21.6750011444092 21.5340003967285
21.3980007171631 21.2940006256104 21.1490001678467 21.0800018310547 21.1070003509521 21.201000213623 21.2780017852783 21.3240013122559 21.19700050354 21.1510009765625 21.1000003814697 21.2200012207031 21.3820018768311 21.5130004882812 21.6060009002686 21.6000003814697 21.6450004577637 21.617000579834 21.6250019073486 21.7670001983643 21.7840003967285 21.7720012664795 21.8810005187988 21.9980010986328 22.0500011444092 21.9690017700195 21.8920001983643 21.9300003051758 22.0210018157959 22.1760005950928 22.2580013275146 22.1630001068115 22.0740013122559 21.9750003814697 21.9240016937256 21.9700012207031 21.9930019378662 21.976001739502 22.0370006561279 22.1070003509521 22.1280002593994 22.1640014648438 22.2350006103516 22.3440017700195 22.4860019683838 22.685001373291 22.7450008392334 22.7150001525879 22.69700050354 22.5900001525879 22.1550006866455 21.8740005493164 21.7290000915527
21.5830001831055 21.4660015106201 21.3800010681152 21.3090019226074 21.3010005950928 21.3570003509521 21.4700012207031 21.4290008544922 21.2750015258789 21.3270015716553 21.3850002288818 21.3680019378662 21.4720001220703 21.5990009307861 21.6060009002686 21.6920013427734 21.7180004119873 21.6800003051758 21.7990016937256 21.8890018463135 21.9450016021729 21.9370002746582 22.0000019073486 22.0120010375977 21.9650001525879 21.8430004119873 21.6960010528564 21.7180004119873 21.8770008087158 22.0310001373291 22.1070003509521 22.0850009918213 22.0930004119873 22.0340003967285 22.0490016937256 22.0700016021729 22.1000003814697 22.1370010375977 22.1070003509521 22.1070003509521 22.1390018463135 22.1730003356934 22.2090015411377 22.2540016174316 22.3600006103516 22.496000289917 22.5950012207031 22.6270008087158 22.6480007171631 22.6410007476807 22.5390014648438 22.4140014648438 22.2870006561279
21.7540016174316 21.6150016784668 21.5660018920898 21.5090007781982 21.4750003814697 21.6000003814697 21.7170009613037 21.6410007476807 21.4250011444092 21.3990001678467 21.5480003356934 21.492000579834 21.5850009918213 21.556001663208 21.6070003509521 21.6650009155273 21.6750011444092 21.8080005645752 21.9370002746582 21.9940013885498 22.0540008544922 22.1560001373291 22.1680011749268 22.0890007019043 21.9740009307861 21.818000793457 21.6540012359619 21.6660003662109 21.818000793457 21.9440002441406 22.0230007171631 22.0510005950928 22.1080017089844 22.1300010681152 22.1610012054443 22.1800003051758 22.185001373291 22.242000579834 22.2100009918213 22.1580009460449 22.1520004272461 22.1390018463135 22.1560001373291 22.193000793457 22.2690010070801 22.3840007781982 22.4940013885498 22.6120014190674 22.6540012359619 22.7210006713867 22.6940002441406 22.7000007629395 22.6400012969971
21.6430015563965 21.6380004882812 21.6820011138916 21.7180004119873 21.7520008087158 21.7150001525879 21.7780017852783 21.6650009155273 21.5040016174316 21.5290012359619 21.5930004119873 21.6110019683838 21.6370010375977 21.6500015258789 21.6080017089844 21.730001449585 21.7150001525879 21.8300018310547 21.9680004119873 22.0670013427734 22.181001663208 22.2610015869141 22.2990016937256 22.2210006713867 22.0870018005371 21.980001449585 21.9380016326904 21.9210014343262 21.9440002441406 22.0030002593994 22.1340007781982 22.1430015563965 22.2000007629395 22.2590007781982 22.2910003662109 22.2590007781982 22.2370014190674 22.2430019378662 22.246000289917 22.2330017089844 22.1830005645752 22.1590003967285 22.1560001373291 22.1800003051758 22.246000289917 22.3330001831055 22.4550018310547 22.5400009155273 22.5900001525879 22.6600017547607 22.7040004730225 22.7140007019043 22.6940002441406
21.4210014343262 21.5100002288818 21.6450004577637 21.7490005493164 21.8360004425049 21.8870010375977 21.8890018463135 21.7310009002686 21.6550006866455 21.6250019073486 21.5970001220703 21.7220001220703 21.6350002288818 21.7110004425049 21.681001663208 21.7930011749268 21.8150005340576 21.851001739502 21.9870014190674 22.0670013427734 22.1700019836426 22.2500019073486 22.2600002288818 22.2520008087158 22.2590007781982 22.2110004425049 22.1390018463135 22.0650005340576 22.1420001983643 22.1800003051758 22.2310009002686 22.2590007781982 22.2890014648438 22.3120002746582 22.3650016784668 22.3900012969971 22.3920001983643 22.3880004882812 22.3450012207031 22.3280010223389 22.234001159668 22.1940002441406 22.2050018310547 22.2280006408691 22.2540016174316 22.3380012512207 22.431001663208 22.4940013885498 22.5400009155273 22.5910015106201 22.6840019226074 22.6510009765625 22.5960006713867
21.2470016479492 21.3050003051758 21.5140018463135 21.7090015411377 21.8120002746582 21.9100017547607 21.9560012817383 21.8500003814697 21.8440017700195 21.7820014953613 21.6640014648438 21.6190013885498 21.7400016784668 21.6620006561279 21.7960014343262 21.8880004882812 21.7730007171631 21.8780002593994 21.980001449585 22.1110019683838 22.1440010070801 22.2130012512207 22.2310009002686 22.2590007781982 22.2620010375977 22.2190017700195 22.2040004730225 22.2350006103516 22.2180004119873 22.2450008392334 22.3010005950928 22.3950004577637 22.4030017852783 22.4280014038086 22.4220008850098 22.4300003051758 22.4590015411377 22.4570007324219 22.4240016937256 22.4000015258789 22.3570003509521 22.2820014953613 22.2600002288818 22.2740001678467 22.3240013122559 22.3840007781982 22.4440002441406 22.4890003204346 22.5230007171631 22.564001083374 22.6150016784668 22.6100006103516 22.5380020141602
21.1510009765625 21.3540000915527 21.4830017089844 21.6110019683838 21.5960006713867 21.6540012359619 21.6490001678467 21.8830013275146 21.94700050354 21.8910007476807 21.693000793457 21.7210006713867 21.7850017547607 21.7930011749268 21.8400001525879 21.9780006408691 21.9820003509521 22.0420017242432 22.1300010681152 22.2000007629395 22.2310009002686 22.2360019683838 22.2890014648438 22.2900009155273 22.2930011749268 22.2870006561279 22.2750015258789 22.3080005645752 22.3300018310547 22.355001449585 22.3780002593994 22.4740009307861 22.5040016174316 22.5210018157959 22.5160007476807 22.4870014190674 22.4930019378662 22.5020008087158 22.4750003814697 22.4490013122559 22.4290008544922 22.4230003356934 22.4280014038086 22.4520015716553 22.4550018310547 22.4440002441406 22.4550018310547 22.4930019378662 22.5250015258789 22.5690002441406 22.576000213623 22.5540008544922 22.5220012664795
21.4440002441406 21.439001083374 21.4150009155273 21.5050010681152 21.7320003509521 21.689001083374 21.7050018310547 21.6000003814697 21.6920013427734 21.9190006256104 21.7810001373291 21.826000213623 21.8680019378662 21.9580001831055 21.9300003051758 22.0040016174316 21.9940013885498 21.9630012512207 22.1060009002686 22.1520004272461 22.2320003509521 22.3420009613037 22.3190002441406 22.3650016784668 22.3290004730225 22.3280010223389 22.3540019989014 22.3740005493164 22.4040012359619 22.3970012664795 22.4290008544922 22.4710006713867 22.5530014038086 22.5890007019043 22.5770015716553 22.5440006256104 22.5350017547607 22.5090007781982 22.492000579834 22.4420013427734 22.4440002441406 22.443000793457 22.4710006713867 22.5100002288818 22.5120010375977 22.5200004577637 22.5200004577637 22.5340003967285 22.5710010528564 22.568000793457 22.5700016021729 22.5610008239746 22.5350017547607
21.4770011901855 21.5700016021729 21.7430019378662 21.6180019378662 21.617000579834 21.8460006713867 21.8830013275146 21.6730003356934 21.7230014801025 21.7910003662109 21.9980010986328 22.0480003356934 22.0650005340576 22.0990009307861 22.1150016784668 22.0090007781982 21.9770011901855 21.9590015411377 22.1480007171631 22.2490005493164 22.3010005950928 22.3200016021729 22.3970012664795 22.3980007171631 22.4460010528564 22.4690017700195 22.5030002593994 22.5380020141602 22.5410003662109 22.5330009460449 22.4680004119873 22.492000579834 22.5310001373291 22.6190013885498 22.605001449585 22.601001739502 22.6140003204346 22.5880012512207 22.5310001373291 22.4930019378662 22.4940013885498 22.4670009613037 22.4230003356934 22.4710006713867 22.5240001678467 22.564001083374 22.5840015411377 22.6490001678467 22.6330013275146 22.5860004425049 22.5890007019043 22.5750007629395 22.5700016021729
