PresentLayers/tmax.asc
NCOLS 292 
NROWS 291 
XLLCORNER -87.6458333327872 
YLLCORNER 24.4791666666667 
CELLSIZE 0.0416666666669039 
NODATA_value -3.4e+38 
[rows 48 to 71 of 291, columns 106 to 158 of 292]
22.7120018005371 22.7890014648438 22.8070011138916 22.9070014953613 22.742000579834 22.7670001983643 22.8800010681152 22.9790019989014 23.0920009613037 23.0010013580322 22.8930015563965 22.8310012817383 22.8200016021729 22.9890003204346 22.8320007324219 22.9370002746582 22.8160018920898 22.8480014801025 23.076000213623 23.0790004730225 22.9440002441406 22.8390007019043 23.0200004577637 23.0820007324219 22.9040012359619 22.8400001525879 22.7630004882812 22.7200012207031 22.8050003051758 22.8950004577637 22.9860019683838 23.1560020446777 23.3070011138916 23.3700008392334 23.3800010681152 23.3090019226074 23.2600002288818 23.3540019989014 23.5800018310547 23.8200016021729 23.6700019836426 23.6100006103516 23.5960006713867 23.7020015716553 23.5490016937256 23.2810020446777 23.1240005493164 23.0100002288818 23.0810012817383 23.0980014801025 23.2900009155273 23.3750019073486 23.4110012054443
22.6240005493164 22.6800003051758 22.8150005340576 22.9910011291504 22.7490005493164 22.8230018615723 22.9110012054443 22.9140014648438 22.9830017089844 22.9300003051758 22.8980007171631 22.94700050354 22.8400001525879 22.8760013580322 22.8560009002686 22.9210014343262 22.9290008544922 22.7610015869141 22.8920001983643 23.0810012817383 23.0770015716553 22.9150009155273 22.9360008239746 23.1230010986328 23.0150012969971 22.9950008392334 23.0130004882812 22.7100009918213 22.8730010986328 22.8410015106201 22.9890003204346 23.109001159668 23.2990016937256 23.3300018310547 23.3050003051758 23.4010009765625 23.484001159668 23.5950012207031 23.5850009918213 23.7180004119873 23.7600002288818 23.5210018157959 23.6620006561279 23.6590003967285 23.3990001678467 23.2600002288818 23.2600002288818 23.1400012969971 23.3230018615723 23.1740016937256 23.2770004272461 23.3690013885498 23.363000869751
22.5630016326904 22.621000289917 22.746000289917 22.9070014953613 22.8520011901855 22.7660007476807 22.8030014038086 22.8350009918213 22.8420009613037 22.8860015869141 22.859001159668 22.8620014190674 22.9150009155273 22.8770008087158 22.9730014801025 23.0280017852783 22.8680019378662 22.8440017700195 22.8370018005371 22.8460006713867 22.9050006866455 23.0840015411377 22.9200019836426 23.109001159668 23.1630020141602 23.0480003356934 23.0950012207031 22.8340015411377 22.9500007629395 23.0290012359619 22.8460006713867 23.0540008544922 23.3920001983643 23.4050006866455 23.3820018768311 23.3850002288818 23.57200050354 23.6160011291504 23.6650009155273 23.7450008392334 23.6340007781982 23.7890014648438 23.7470016479492 23.7160015106201 23.5910015106201 23.4970016479492 23.5360012054443 23.4790019989014 23.4770011901855 23.3790016174316 23.451000213623 23.6160011291504 23.8070011138916
22.6840019226074 22.5570011138916 22.5900001525879 22.6640014648438 22.6990013122559 22.7180004119873 22.7020015716553 22.734001159668 22.8300018310547 22.8870010375977 22.8840007781982 22.9220008850098 22.9330005645752 22.863000869751 22.9060001373291 22.9750003814697 22.9150009155273 22.9700012207031 22.8690013885498 22.8430004119873 22.8910007476807 23.0570011138916 23.1200008392334 22.9680004119873 23.2030010223389 23.1540012359619 23.2580013275146 23.1410007476807 23.0190010070801 23.1800003051758 23.1680011749268 23.1870002746582 23.2320003509521 23.2140007019043 23.2250003814697 23.3500003814697 23.3950004577637 23.4040012359619 23.5290012359619 23.6460018157959 23.8030014038086 23.6460018157959 23.6790008544922 23.859001159668 23.7870006561279 23.734001159668 23.7320003509521 23.802001953125 23.7150020599365 23.6630020141602 23.5220012664795 23.6790008544922 23.7200012207031
22.6260013580322 22.6260013580322 22.5860004425049 22.5940017700195 22.6350002288818 22.5950012207031 22.5530014038086 22.6420001983643 22.7640018463135 22.8730010986328 22.9160003662109 22.8800010681152 22.8760013580322 22.8190002441406 22.8790016174316 22.939001083374 22.9700012207031 22.8520011901855 22.9420013427734 22.8930015563965 22.8730010986328 23.0300006866455 23.109001159668 23.1450004577637 23.105001449585 23.2390003204346 23.2780017852783 23.2450008392334 23.0230007171631 23.1310005187988 23.3280010223389 23.2560005187988 23.2600002288818 23.2520008087158 23.314001083374 23.4060020446777 23.4740009307861 23.605001449585 23.7390003204346 23.7820014953613 23.7700004577637 23.867000579834 23.8350009918213 23.8810005187988 23.8960018157959 23.9370002746582 23.8300018310547 24.0370006561279 23.6980018615723 23.5360012054443 23.5840015411377 23.609001159668 23.7630004882812
22.6020011901855 22.6720008850098 22.6270008087158 22.617000579834 22.6450004577637 22.5240001678467 22.44700050354 22.560001373291 22.7360019683838 22.8410015106201 22.9120006561279 22.9190006256104 22.8940010070801 22.8980007171631 22.9120006561279 22.9330005645752 22.9220008850098 22.8930015563965 22.9410018920898 22.8990001678467 22.867000579834 22.9070014953613 23.0390014648438 23.2280006408691 23.2980003356934 23.1200008392334 23.3440017700195 23.2710018157959 23.1450004577637 23.0890007019043 23.2730007171631 23.4300003051758 23.3010005950928 23.1560020446777 23.2690010070801 23.359001159668 23.5080013275146 23.5320014953613 23.6100006103516 23.6750011444092 23.6230010986328 23.6560020446777 23.6920013427734 23.8070011138916 24.1420001983643 23.8640003204346 23.726001739502 24.0100002288818 23.9330005645752 23.7690010070801 23.6300010681152 23.4950008392334 23.7000007629395
22.7050018310547 22.7240009307861 22.6740016937256 22.6570014953613 22.6570014953613 22.5540008544922 22.5160007476807 22.609001159668 22.7500019073486 22.826000213623 22.8920001983643 22.943000793457 22.9210014343262 22.9090003967285 22.9490013122559 22.980001449585 22.9180011749268 22.9100017547607 22.9420013427734 22.9330005645752 22.9130020141602 22.9360008239746 22.9740009307861 23.1520004272461 23.2160015106201 23.3000011444092 23.2360019683838 23.3200016021729 23.2000007629395 23.1410007476807 23.2440013885498 23.363000869751 23.5100002288818 23.4120006561279 23.351001739502 23.4400005340576 23.3680019378662 23.3280010223389 23.3000011444092 23.4410018920898 23.4380016326904 23.560001373291 23.7700004577637 24.0010013580322 24.1920013427734 23.8530006408691 23.8290004730225 24.0590019226074 23.9030017852783 23.6620006561279 23.4650020599365 23.4090003967285 23.5320014953613
22.6250019073486 22.8050003051758 22.689001083374 22.7130012512207 22.701000213623 22.6140003204346 22.6190013885498 22.6940002441406 22.7650012969971 22.8080005645752 22.8840007781982 22.9420013427734 22.94700050354 22.9480018615723 22.9970016479492 22.9860019683838 22.9410018920898 22.9330005645752 22.9460010528564 22.9730014801025 22.9620018005371 23.0470008850098 23.0390014648438 22.9980010986328 22.992000579834 23.1110019683838 23.2240009307861 23.3330001831055 23.2640018463135 23.2600002288818 23.2800006866455 23.4160003662109 23.5270004272461 23.5650005340576 23.4780006408691 23.3750019073486 23.5220012664795 23.4750003814697 23.314001083374 23.4130020141602 23.685001373291 23.7090015411377 23.9340019226074 24.0700016021729 24.1410007476807 24.105001449585 23.8660011291504 24.1250019073486 24.0220012664795 23.7770004272461 23.5490016937256 23.6780014038086 23.4690017700195
22.7000007629395 22.7560005187988 22.6440010070801 22.7140007019043 22.7590007781982 22.7810001373291 22.7400016784668 22.7240009307861 22.7800006866455 22.8390007019043 22.8850002288818 22.9440002441406 22.9710006713867 23.0090007781982 23.0170001983643 22.9900016784668 22.9590015411377 22.9340019226074 22.9700012207031 22.9420013427734 22.9710006713867 23.0450019836426 23.121000289917 23.1440010070801 23.1250019073486 23.1760005950928 23.2020015716553 23.1340007781982 23.1740016937256 23.3340015411377 23.3470020294189 23.2990016937256 23.4770011901855 23.6320018768311 23.5660018920898 23.4940013885498 23.5390014648438 23.568000793457 23.5160007476807 23.3640003204346 23.6100006103516 23.8690013885498 23.8540019989014 23.9930019378662 24.1340007781982 24.2390003204346 24.0830020904541 24.0960006713867 24.1820011138916 23.927001953125 23.7830009460449 23.8880004882812 23.9330005645752
22.613000869751 22.7090015411377 22.6750011444092 22.7440013885498 22.7920017242432 22.7860012054443 22.8300018310547 22.7900009155273 22.7540016174316 22.7850017547607 22.8780002593994 22.9790019989014 23.064001083374 23.0990009307861 23.1340007781982 23.07200050354 23.0580005645752 23.0330009460449 22.9860019683838 22.9550018310547 22.9600009918213 23.0540008544922 23.1400012969971 23.1720008850098 23.1390018463135 23.1990013122559 23.2410011291504 23.310001373291 23.3560009002686 23.3450012207031 23.5100002288818 23.4590015411377 23.435001373291 23.5690002441406 23.6350002288818 23.7070007324219 23.5890007019043 23.6570014953613 23.6750011444092 23.6120014190674 23.5370006561279 23.6430015563965 23.6940002441406 23.6980018615723 23.7210006713867 23.8760013580322 24.1000003814697 24.3540019989014 24.2520008087158 24.2410011291504 24.0570011138916 24.0330009460449 23.9150009155273
22.617000579834 22.6880016326904 22.7700004577637 22.8820018768311 22.8680019378662 22.8730010986328 22.855001449585 22.8350009918213 22.8360004425049 22.927001953125 23.0350017547607 23.0540008544922 23.1200008392334 23.1530017852783 23.2030010223389 23.1350002288818 23.1410007476807 23.1600017547607 23.076000213623 23.0010013580322 23.0180015563965 23.2240009307861 23.2790012359619 23.2480010986328 23.2590007781982 23.246000289917 23.2120018005371 23.234001159668 23.2900009155273 23.4160003662109 23.5250015258789 23.5890007019043 23.6430015563965 23.6430015563965 23.7440013885498 23.6540012359619 23.7510013580322 23.7620010375977 23.7350006103516 23.5990009307861 23.5990009307861 23.6950016021729 23.9240016937256 23.8840007781982 23.9170017242432 23.9850006103516 24.1480007171631 24.117000579834 24.2350006103516 24.3990020751953 24.2180004119873 24.1190013885498 23.9990005493164
22.6240005493164 22.7250003814697 22.8110008239746 22.9110012054443 22.9550018310547 22.9570007324219 22.9490013122559 22.976001739502 23.0410003662109 23.121000289917 23.234001159668 23.230001449585 23.2150001525879 23.2070007324219 23.1120014190674 23.0440006256104 23.1630020141602 23.2220020294189 23.185001373291 23.1190013885498 23.2070007324219 23.4370002746582 23.3790016174316 23.2090015411377 23.2310009002686 23.234001159668 23.2250003814697 23.2770004272461 23.3790016174316 23.4460010528564 23.326000213623 23.3840007781982 23.5950012207031 23.4160003662109 23.4490013122559 23.4900016784668 23.4740009307861 23.5620002746582 23.8110008239746 23.9260005950928 23.871000289917 23.9370002746582 24.0220012664795 24.0850009918213 24.0690002441406 24.0400009155273 24.1000003814697 24.1200008392334 24.1200008392334 24.3820018768311 24.5200004577637 24.3240013122559 24.2850017547607
22.7250003814697 22.8050003051758 22.8690013885498 22.9680004119873 23.0180015563965 23.0400009155273 23.0540008544922 23.1450004577637 23.2590007781982 23.3240013122559 23.4340019226074 23.3950004577637 23.3090019226074 23.2200012207031 23.0810012817383 23.0050010681152 23.1740016937256 23.3650016784668 23.3820018768311 23.3350009918213 23.2470016479492 23.5790004730225 23.4460010528564 23.3250007629395 23.3740005493164 23.302001953125 23.1650009155273 23.3170013427734 23.3310012817383 23.4180011749268 23.3090019226074 23.5210018157959 23.492000579834 23.4900016784668 23.5510005950928 23.6800003051758 23.7490005493164 23.7690010070801 23.8760013580322 23.9720020294189 24.0040016174316 24.0360012054443 24.0920009613037 24.1020011901855 24.0890007019043 24.1470012664795 24.1900005340576 24.1740016937256 24.2730007171631 24.439001083374 24.5880012512207 24.6590003967285 24.7270011901855
22.7910003662109 22.9010009765625 22.9420013427734 22.9950008392334 23.060001373291 23.1080017089844 23.1460018157959 23.2080001831055 23.3370018005371 23.4670009613037 23.4750003814697 23.3840007781982 23.2940006256104 23.2930011749268 23.2580013275146 23.2100009918213 23.2700004577637 23.480001449585 23.6300010681152 23.4560012817383 23.5210018157959 23.6860008239746 23.6030006408691 23.451000213623 23.5130004882812 23.3450012207031 23.363000869751 23.44700050354 23.4640007019043 23.3600006103516 23.3900012969971 23.4860019683838 23.5200004577637 23.5750007629395 23.6290016174316 23.6590003967285 23.7750015258789 23.818000793457 23.7990016937256 23.8530006408691 23.7580013275146 23.8570003509521 23.9370002746582 24.0780010223389 24.0710010528564 24.1690006256104 24.1550006866455 24.1640014648438 24.4250011444092 24.7010021209717 24.7180004119873 24.871000289917 24.8010005950928
22.9940013885498 22.9990005493164 23.052001953125 23.1000003814697 23.1140003204346 23.1520004272461 23.189001083374 23.238000869751 23.3070011138916 23.4070014953613 23.4300003051758 23.4360008239746 23.4850006103516 23.5370006561279 23.6610012054443 23.7600002288818 23.5920009613037 23.4720020294189 23.7310009002686 23.6310005187988 23.7630004882812 23.6910018920898 23.5510005950928 23.5360012054443 23.6750011444092 23.4240016937256 23.5130004882812 23.560001373291 23.4690017700195 23.5240001678467 23.6060009002686 23.5850009918213 23.5610008239746 23.6540012359619 23.6350002288818 23.7370014190674 23.6990013122559 23.69700050354 23.6540012359619 23.7830009460449 23.734001159668 23.6700019836426 23.8790016174316 23.8750019073486 23.8330001831055 23.9320011138916 23.82200050354 24.0300006866455 24.3470020294189 24.4550018310547 24.5830020904541 24.8440017700195 25.0490016937256
23.0790004730225 23.1910018920898 23.2100009918213 23.2180004119873 23.2320003509521 23.2610015869141 23.2810020446777 23.3290004730225 23.3910007476807 23.4540004730225 23.476001739502 23.560001373291 23.6070003509521 23.7060012817383 23.8010005950928 23.8740005493164 23.8310012817383 23.6610012054443 23.7400016784668 23.8490009307861 23.8480014801025 23.6500015258789 23.6510009765625 23.6730003356934 23.7170009613037 23.6250019073486 23.5950012207031 23.5380020141602 23.6940002441406 23.7590007781982 23.8330001831055 23.7970008850098 23.7160015106201 23.7400016784668 23.6910018920898 23.7240009307861 23.6140003204346 23.5550003051758 23.7220020294189 23.6080017089844 23.6980018615723 23.6610012054443 23.5930004119873 23.4770011901855 23.6460018157959 23.8560009002686 23.9940013885498 24.1410007476807 24.1980018615723 24.4020004272461 24.6510009765625 24.8940010070801 25.0250015258789
23.1450004577637 23.181001663208 23.2270011901855 23.246000289917 23.3130016326904 23.3490009307861 23.4120006561279 23.4690017700195 23.5220012664795 23.5750007629395 23.6430015563965 23.6500015258789 23.746000289917 23.7230014801025 23.8840007781982 23.8300018310547 23.9490013122559 23.9710006713867 23.8950004577637 23.8940010070801 23.9600009918213 23.7320003509521 23.7090015411377 23.7790012359619 23.7900009155273 23.6360015869141 23.484001159668 23.7480010986328 23.8480014801025 23.9250011444092 24.0370006561279 23.9640007019043 23.8730010986328 23.6860008239746 23.7060012817383 23.7130012512207 23.605001449585 23.6320018768311 23.6000003814697 23.5000019073486 23.359001159668 23.3200016021729 23.4380016326904 23.4250011444092 23.6300010681152 23.8040008544922 24.0550003051758 24.1380004882812 24.2940006256104 24.6570014953613 24.8460006713867 24.8160018920898 25.0380020141602
23.2790012359619 23.2030010223389 23.2900009155273 23.3130016326904 23.3940010070801 23.488000869751 23.5480003356934 23.6540012359619 23.7200012207031 23.7970008850098 23.82200050354 23.8050003051758 23.8190002441406 23.8410015106201 23.8040008544922 23.9490013122559 23.8470020294189 24.0130004882812 24.0880012512207 24.1100006103516 24.113000869751 24.0100002288818 23.871000289917 23.9460010528564 23.8230018615723 23.7640018463135 23.8000011444092 24.0080013275146 24.109001159668 24.0890007019043 24.1000003814697 24.0740013122559 23.9570007324219 23.8120002746582 23.7580013275146 23.6350002288818 23.5010013580322 23.5920009613037 23.4200019836426 23.3350009918213 23.5380020141602 23.5790004730225 23.7200012207031 23.5700016021729 23.7640018463135 23.8700008392334 24.1060009002686 24.238000869751 24.2990016937256 24.4260005950928 24.6040019989014 24.5140018463135 24.7980003356934
23.363000869751 23.1950016021729 23.3600006103516 23.5120010375977 23.4950008392334 23.5660018920898 23.677001953125 23.7790012359619 23.8870010375977 23.939001083374 23.9370002746582 23.8990020751953 23.8740005493164 23.8950004577637 23.9000015258789 23.9900016784668 23.8390007019043 24.0400009155273 24.1290016174316 24.1680011749268 24.2680015563965 24.2990016937256 24.185001373291 24.0330009460449 24.0420017242432 23.9640007019043 24.1140003204346 24.1110019683838 24.0330009460449 24.0540008544922 24.0190010070801 24.0050010681152 24.0100002288818 24.0100002288818 23.7640018463135 23.685001373291 23.6280002593994 23.5060005187988 23.4450016021729 23.484001159668 23.7890014648438 23.8230018615723 23.9480018615723 23.8360004425049 23.992000579834 24.0390014648438 23.8940010070801 24.1360015869141 23.9950008392334 24.1710014343262 24.3150005340576 24.3310012817383 24.5540008544922
23.3700008392334 23.2680015563965 23.4150009155273 23.4940013885498 23.5710010528564 23.6430015563965 23.7350006103516 23.8250007629395 23.9970016479492 24.0650005340576 23.9420013427734 24.0440006256104 24.0530014038086 24.0480003356934 23.9810009002686 23.9290008544922 24.0350017547607 24.0840015411377 24.0810012817383 24.1200008392334 24.177001953125 24.2650012969971 24.2990016937256 24.2360019683838 24.2680015563965 24.3040008544922 24.2530002593994 24.121000289917 24.0080013275146 24.0310020446777 24.0630016326904 24.0200004577637 24.0300006866455 24.0010013580322 23.9650020599365 23.996000289917 23.9570007324219 23.7620010375977 23.7310009002686 23.6900005340576 23.8330001831055 24.0000019073486 24.1860008239746 24.0650005340576 24.0440006256104 24.2310009002686 24.105001449585 24.1730003356934 24.2310009002686 24.2020015716553 24.2510013580322 24.3050003051758 24.4670009613037
23.4100017547607 23.3900012969971 23.5130004882812 23.5990009307861 23.6120014190674 23.6790008544922 23.7330017089844 23.9090003967285 23.988000869751 24.0800018310547 24.0140018463135 23.988000869751 23.9440002441406 23.9540004730225 23.9580020904541 23.9130020141602 23.9120006561279 23.9590015411377 24.0480003356934 24.1230010986328 24.302001953125 24.2770004272461 24.2290019989014 24.3560009002686 24.2640018463135 24.4290008544922 24.1950016021729 24.0920009613037 24.0960006713867 24.351001739502 24.2820014953613 24.1510009765625 23.9940013885498 24.0470008850098 24.0610008239746 23.9440002441406 24.0380020141602 24.0830020904541 23.9370002746582 24.0220012664795 23.8780002593994 23.9930019378662 24.2310009002686 24.3230018615723 24.2080020904541 24.3170013427734 24.310001373291 24.3450012207031 24.2680015563965 24.3460006713867 24.4180011749268 24.4050006866455 24.4090003967285
23.6360015869141 23.6630020141602 23.6320018768311 23.7110004425049 23.7740020751953 23.7830009460449 23.7980003356934 23.9580020904541 23.9600009918213 24.0230007171631 24.0830020904541 23.984001159668 23.9370002746582 24.0090007781982 24.1300010681152 23.9910011291504 24.0860004425049 24.2290019989014 24.2800006866455 24.371000289917 24.4340019226074 24.4020004272461 24.3880004882812 24.359001159668 24.2840003967285 24.4050006866455 24.371000289917 24.3420009613037 24.3970012664795 24.4030017852783 24.3380012512207 24.2370014190674 23.9950008392334 24.0460014343262 24.105001449585 24.0460014343262 23.9490013122559 24.1080017089844 24.2590007781982 24.0440006256104 24.1500015258789 24.0510005950928 24.1020011901855 24.2870006561279 24.310001373291 24.4560012817383 24.5020008087158 24.4570007324219 24.3650016784668 24.4240016937256 24.439001083374 24.5880012512207 24.6490020751953
23.6860008239746 23.7090015411377 23.6620006561279 23.6980018615723 23.7520008087158 23.8250007629395 23.9000015258789 23.9040012359619 23.9540004730225 23.9720020294189 24.0810012817383 24.0100002288818 23.9640007019043 24.0700016021729 24.1350002288818 24.242000579834 24.3290004730225 24.4560012817383 24.4850006103516 24.4830017089844 24.4140014648438 24.2390003204346 24.3700008392334 24.3660011291504 24.3160018920898 24.2400016784668 24.5380020141602 24.5240020751953 24.5490016937256 24.480001449585 24.3620014190674 24.1980018615723 24.0980014801025 24.2090015411377 24.2210006713867 24.0080013275146 23.9700012207031 23.8680019378662 24.1150016784668 24.3420009613037 24.2650012969971 24.1830005645752 24.2210006713867 24.1710014343262 24.2490005493164 24.4200019836426 24.3900012969971 24.4850006103516 24.5360012054443 24.5000019073486 24.568000793457 24.6080017089844 24.6340007781982
23.8090019226074 23.7360019683838 23.7150020599365 23.6980018615723 23.7710018157959 23.7920017242432 23.8900012969971 23.9520015716553 24.0030002593994 23.9030017852783 24.0290012359619 24.076000213623 24.0860004425049 24.0990009307861 24.2860012054443 24.3780002593994 24.5250015258789 24.6240005493164 24.4980010986328 24.2870006561279 24.2410011291504 24.1940002441406 24.2790012359619 24.4340019226074 24.5890007019043 24.5210018157959 24.3400020599365 24.5650005340576 24.7070007324219 24.5580005645752 24.2800006866455 24.177001953125 24.3400020599365 24.3190002441406 24.2950019836426 24.0700016021729 24.1290016174316 24.0480003356934 24.1000003814697 24.2810020446777 24.4210014343262 24.3560009002686 24.2740020751953 24.302001953125 24.3760013580322 24.3840007781982 24.3690013885498 24.4210014343262 24.435001373291 24.568000793457 24.6070003509521 24.6080017089844 24.6200008392334
