PresentLayers/tmax.asc
NCOLS 292 
NROWS 291 
XLLCORNER -87.6458333327872 
YLLCORNER 24.4791666666667 
CELLSIZE 0.0416666666669039 
NODATA_value -3.4e+38 
[rows 72 to 95 of 291, columns 159 to 211 of 292]
24.6200008392334 24.5990009307861 24.5700016021729 24.5440006256104 24.3930015563965 24.367000579834 24.3800010681152 24.3600006103516 24.3370018005371 24.3460006713867 24.3450012207031 24.3800010681152 24.4810009002686 24.4090003967285 24.3600006103516 24.32200050354 24.2490005493164 24.1300010681152 24.0250015258789 24.0530014038086 24.0800018310547 24.1790008544922 24.3410015106201 24.4300003051758 24.4380016326904 24.4930019378662 24.5340003967285 24.5570011138916 24.5380020141602 24.5000019073486 24.4680004119873 24.4500007629395 24.4190006256104 24.3480014801025 24.3040008544922 24.2490005493164 24.1990013122559 24.1220016479492 24.0730018615723 24.0380020141602 24.0220012664795 24.0120010375977 24.0000019073486 23.9870014190674 23.8310012817383 23.6880016326904 23.5700016021729 23.3880004882812 23.2220020294189 -3.4e+38 -3.4e+38 -3.4e+38 -3.4e+38
24.6060009002686 24.609001159668 24.4980010986328 24.4830017089844 24.4130020141602 24.4750003814697 24.4240016937256 24.4340019226074 24.3860015869141 24.326000213623 24.3090019226074 24.3300018310547 24.4400005340576 24.4640007019043 24.4280014038086 24.4060020446777 24.3700008392334 24.2700004577637 24.2280006408691 24.2070007324219 24.1900005340576 24.2780017852783 24.4140014648438 24.4660015106201 24.4830017089844 24.5180015563965 24.5390014648438 24.556001663208 24.5300006866455 24.4740009307861 24.4560012817383 24.4520015716553 24.4290008544922 24.3660011291504 24.3240013122559 24.2940006256104 24.2490005493164 24.1920013427734 24.1640014648438 24.1480007171631 24.1310005187988 24.109001159668 24.0700016021729 24.0000019073486 23.8170013427734 23.7020015716553 23.4940013885498 23.2670001983643 -3.4e+38 -3.4e+38 -3.4e+38 -3.4e+38 -3.4e+38
24.6630020141602 24.5890007019043 24.5270004272461 24.4330005645752 24.5000019073486 24.5290012359619 24.4810009002686 24.44700050354 24.4490013122559 24.3810005187988 24.3520011901855 24.3530006408691 24.355001449585 24.4730014801025 24.5280017852783 24.484001159668 24.4550018310547 24.4160003662109 24.3860015869141 24.3860015869141 24.3940010070801 24.4620018005371 24.5290012359619 24.5790004730225 24.5650005340576 24.5540008544922 24.5020008087158 24.5180015563965 24.5200004577637 24.5290012359619 24.5060005187988 24.4640007019043 24.4020004272461 24.3230018615723 24.2680015563965 24.2570018768311 24.2700004577637 24.2600002288818 24.2590007781982 24.2520008087158 24.2240009307861 24.2050018310547 24.1750011444092 24.0090007781982 23.8540019989014 23.6420001983643 23.3570003509521 -3.4e+38 -3.4e+38 -3.4e+38 -3.4e+38 -3.4e+38 -3.4e+38
24.6190013885498 24.5380020141602 24.4990005493164 24.568000793457 24.5790004730225 24.5810012817383 24.5290012359619 24.4710006713867 24.4600009918213 24.4790019989014 24.439001083374 24.451000213623 24.443000793457 24.4250011444092 24.480001449585 24.5140018463135 24.5090007781982 24.4890003204346 24.4730014801025 24.4650020599365 24.4940013885498 24.5460014343262 24.5900020599365 24.6260013580322 24.6020011901855 24.6190013885498 24.6280002593994 24.6370010375977 24.6310005187988 24.6020011901855 24.5530014038086 24.4910011291504 24.3990020751953 24.2790012359619 24.1840019226074 24.1960010528564 24.2640018463135 24.2960014343262 24.3050003051758 24.3130016326904 24.314001083374 24.2910003662109 24.234001159668 24.1100006103516 23.9150009155273 23.6080017089844 -3.4e+38 -3.4e+38 -3.4e+38 -3.4e+38 -3.4e+38 -3.4e+38 -3.4e+38
24.6660003662109 24.6040019989014 24.6040019989014 24.6570014953613 24.5980014801025 24.576000213623 24.5750007629395 24.5410003662109 24.5460014343262 24.605001449585 24.5830020904541 24.5840015411377 24.5160007476807 24.480001449585 24.4660015106201 24.4720020294189 24.5250015258789 24.5380020141602 24.5340003967285 24.5270004272461 24.560001373291 24.6300010681152 24.689001083374 24.6950016021729 24.7450008392334 24.7310009002686 24.7450008392334 24.6900005340576 24.6670017242432 24.6570014953613 24.621000289917 24.5780010223389 24.5100002288818 24.3950004577637 24.2710018157959 24.2590007781982 24.3340015411377 24.3600006103516 24.3660011291504 24.351001739502 24.3830013275146 24.3470020294189 24.2700004577637 24.1630020141602 23.9000015258789 -3.4e+38 -3.4e+38 -3.4e+38 -3.4e+38 -3.4e+38 -3.4e+38 -3.4e+38 -3.4e+38
24.7670021057129 24.742000579834 24.7240009307861 24.7320003509521 24.6390018463135 24.6320018768311 24.6380004882812 24.6750011444092 24.6510009765625 24.6300010681152 24.6900005340576 24.6550006866455 24.5850009918213 24.5290012359619 24.5200004577637 24.5030002593994 24.5130004882812 24.5450019836426 24.5980014801025 24.5850009918213 24.6350002288818 24.689001083374 24.7150020599365 24.7850017547607 24.8430004119873 24.814001083374 24.8120002746582 24.8090019226074 24.7450008392334 24.7370014190674 24.7410011291504 24.738000869751 24.7140007019043 24.6230010986328 24.5000019073486 24.4440002441406 24.4500007629395 24.4240016937256 24.3960018157959 24.3970012664795 24.3890018463135 24.2950019836426 24.2550010681152 24.0910015106201 23.8300018310547 -3.4e+38 -3.4e+38 -3.4e+38 -3.4e+38 -3.4e+38 -3.4e+38 -3.4e+38 -3.4e+38
24.8570003509521 24.8200016021729 24.7940006256104 24.8070011138916 24.7620010375977 24.7580013275146 24.7530002593994 24.7440013885498 24.7430019378662 24.7400016784668 24.7050018310547 24.6880016326904 24.6400012969971 24.57200050354 24.5290012359619 24.5650005340576 24.576000213623 24.5990009307861 24.6550006866455 24.6740016937256 24.7620010375977 24.7800006866455 24.8210010528564 24.9060020446777 24.9580020904541 24.9100017547607 24.8860015869141 24.8820018768311 24.8790016174316 24.8330020904541 24.8450012207031 24.9000015258789 24.9190006256104 24.855001449585 24.7150020599365 24.6120014190674 24.5250015258789 24.4570007324219 24.4110012054443 24.4020004272461 24.3950004577637 24.2890014648438 24.2470016479492 24.0290012359619 23.7360019683838 -3.4e+38 -3.4e+38 -3.4e+38 -3.4e+38 -3.4e+38 -3.4e+38 -3.4e+38 -3.4e+38
24.8280010223389 24.8570003509521 24.8750019073486 24.8520011901855 24.8310012817383 24.851001739502 24.867000579834 24.8770008087158 24.8580017089844 24.8860015869141 24.8640003204346 24.7970008850098 24.7220020294189 24.6480007171631 24.6110019683838 24.6290016174316 24.6620006561279 24.7080020904541 24.7060012817383 24.7500019073486 24.8230018615723 24.8780002593994 24.9520015716553 25.0130004882812 25.0550003051758 25.0180015563965 24.9570007324219 24.9280014038086 24.9150009155273 24.8850002288818 24.9090003967285 24.9900016784668 25.0660018920898 25.0040016174316 24.8240013122559 24.6600017547607 24.5470008850098 24.4550018310547 24.4010009765625 24.2850017547607 24.1790008544922 24.1790008544922 24.1000003814697 23.8490009307861 -3.4e+38 -3.4e+38 -3.4e+38 -3.4e+38 -3.4e+38 -3.4e+38 -3.4e+38 -3.4e+38 -3.4e+38
24.8680019378662 24.8340015411377 24.8780002593994 24.9300003051758 24.9250011444092 24.9340019226074 24.984001159668 25.0390014648438 25.0530014038086 25.0510005950928 25.0400009155273 25.0140018463135 24.9090003967285 24.8250007629395 24.7680015563965 24.7500019073486 24.7450008392334 24.7620010375977 24.7690010070801 24.859001159668 24.8690013885498 24.9170017242432 24.9660015106201 25.0220012664795 25.1190013885498 25.0690002441406 24.9750003814697 24.9460010528564 24.9500007629395 24.9440002441406 24.9060020446777 24.9440002441406 24.9680004119873 24.9110012054443 24.8000011444092 24.6490020751953 24.5090007781982 24.3930015563965 24.2800006866455 24.1470012664795 23.9530010223389 23.996000289917 23.9300003051758 23.6600017547607 -3.4e+38 -3.4e+38 -3.4e+38 -3.4e+38 -3.4e+38 -3.4e+38 -3.4e+38 -3.4e+38 -3.4e+38
24.9190006256104 24.8830013275146 24.9140014648438 24.9460010528564 25.0080013275146 25.0300006866455 25.0650005340576 25.1620006561279 25.2030010223389 25.1710014343262 25.1150016784668 25.0940017700195 25.0650005340576 24.9590015411377 24.8750019073486 24.8270015716553 24.8190002441406 24.8090019226074 24.8460006713867 24.8810005187988 24.8800010681152 24.9120006561279 24.9520015716553 24.9640007019043 24.9780006408691 24.9510021209717 24.9500007629395 24.9710006713867 25.0040016174316 24.9940013885498 24.9490013122559 24.9400005340576 24.9090003967285 24.8160018920898 24.7290019989014 24.6320018768311 24.4660015106201 24.2860012054443 24.1120014190674 23.9210014343262 23.8030014038086 23.8070011138916 23.7660007476807 23.4830017089844 -3.4e+38 -3.4e+38 -3.4e+38 -3.4e+38 -3.4e+38 -3.4e+38 -3.4e+38 -3.4e+38 -3.4e+38
25.0100021362305 25.0450019836426 24.9990005493164 25.0020008087158 25.0220012664795 25.0950012207031 25.2100009918213 25.2680015563965 25.2730007171631 25.2450008392334 25.2290019989014 25.2100009918213 25.1580009460449 25.0240020751953 24.9150009155273 24.8460006713867 24.8250007629395 24.8540019989014 24.8690013885498 24.8860015869141 24.9110012054443 24.9460010528564 24.9440002441406 24.9150009155273 24.8820018768311 24.9200019836426 24.9710006713867 25.0210018157959 25.0530014038086 25.0080013275146 24.9570007324219 24.9380016326904 24.8950004577637 24.814001083374 24.681001663208 24.552001953125 24.4140014648438 24.2510013580322 24.0630016326904 23.818000793457 23.7800006866455 23.7390003204346 23.5660018920898 23.3240013122559 -3.4e+38 -3.4e+38 -3.4e+38 -3.4e+38 -3.4e+38 -3.4e+38 -3.4e+38 -3.4e+38 -3.4e+38
25.0460014343262 25.0910015106201 25.0950012207031 25.0840015411377 25.1150016784668 25.1260013580322 25.1870002746582 25.3040008544922 25.3450012207031 25.3150005340576 25.2940006256104 25.2730007171631 25.2110004425049 25.0110015869141 24.9040012359619 24.8580017089844 24.8690013885498 24.8910007476807 24.9050006866455 24.8970012664795 24.9290008544922 24.9850006103516 24.9940013885498 24.9110012054443 24.8950004577637 24.8990020751953 24.9560012817383 24.9730014801025 24.9790019989014 24.9660015106201 24.943000793457 24.9130020141602 24.8530006408691 24.7520008087158 24.6530017852783 24.5000019073486 24.2870006561279 24.1080017089844 23.9990005493164 23.9030017852783 23.8130016326904 23.6160011291504 -3.4e+38 -3.4e+38 -3.4e+38 -3.4e+38 -3.4e+38 -3.4e+38 -3.4e+38 -3.4e+38 -3.4e+38 -3.4e+38 -3.4e+38
25.117000579834 25.1460018157959 25.1840019226074 25.1440010070801 25.1570014953613 25.181001663208 25.2100009918213 25.2750015258789 25.3320007324219 25.3560009002686 25.318000793457 25.2750015258789 25.2040004730225 25.064001083374 24.9940013885498 24.9100017547607 24.9200019836426 24.9610004425049 24.939001083374 24.939001083374 24.9650020599365 24.9950008392334 24.9780006408691 24.9250011444092 24.9100017547607 24.8920021057129 24.8990020751953 24.8950004577637 24.9050006866455 24.9000015258789 24.8920021057129 24.855001449585 24.7870006561279 24.6530017852783 24.5320014953613 24.4020004272461 24.2440013885498 24.1550006866455 24.0530014038086 23.9200019836426 23.7020015716553 -3.4e+38 -3.4e+38 -3.4e+38 -3.4e+38 -3.4e+38 -3.4e+38 -3.4e+38 -3.4e+38 -3.4e+38 -3.4e+38 -3.4e+38 -3.4e+38
25.2080020904541 25.2220020294189 25.1900005340576 25.2330017089844 25.1870002746582 25.2250003814697 25.234001159668 25.2600021362305 25.2710018157959 25.2500019073486 25.2440013885498 25.1950016021729 25.1500015258789 25.121000289917 25.0590019226074 25.0150012969971 25.0250015258789 25.0650005340576 25.056001663208 24.9820003509521 24.9910011291504 24.9940013885498 24.9730014801025 24.9300003051758 24.8910007476807 24.8730010986328 24.8600006103516 24.8660011291504 24.8780002593994 24.8560009002686 24.8130016326904 24.7840003967285 24.6430015563965 24.4230003356934 24.4140014648438 24.4020004272461 24.3560009002686 24.2970008850098 24.1160011291504 23.863000869751 -3.4e+38 -3.4e+38 -3.4e+38 -3.4e+38 -3.4e+38 -3.4e+38 -3.4e+38 -3.4e+38 -3.4e+38 -3.4e+38 -3.4e+38 -3.4e+38 -3.4e+38
25.2100009918213 25.2290019989014 25.2290019989014 25.2540016174316 25.2560005187988 25.2430019378662 25.2190017700195 25.2310009002686 25.2330017089844 25.2100009918213 25.185001373291 25.2140007019043 25.1670017242432 25.1490020751953 25.1100006103516 25.0430011749268 25.0320014953613 25.0710010528564 25.0760021209717 25.0070018768311 24.988000869751 24.9620018005371 24.939001083374 24.943000793457 24.8800010681152 24.8240013122559 24.7870006561279 24.7850017547607 24.7800006866455 24.7640018463135 24.7020015716553 24.5690002441406 24.3900012969971 24.3540019989014 -3.4e+38 -3.4e+38 -3.4e+38 -3.4e+38 -3.4e+38 -3.4e+38 -3.4e+38 -3.4e+38 -3.4e+38 -3.4e+38 -3.4e+38 -3.4e+38 -3.4e+38 -3.4e+38 -3.4e+38 -3.4e+38 -3.4e+38 -3.4e+38 -3.4e+38
25.2990016937256 25.2890014648438 25.2810020446777 25.2960014343262 25.2690010070801 25.2500019073486 25.2540016174316 25.2440013885498 25.1400012969971 25.1290016174316 25.2040004730225 25.2370014190674 25.2160015106201 25.1550006866455 25.1110019683838 25.0610008239746 25.0460014343262 25.0620002746582 25.0530014038086 24.9850006103516 24.9550018310547 24.9370002746582 24.9250011444092 24.8870010375977 24.8500003814697 24.7810020446777 24.6630020141602 24.6540012359619 24.6550006866455 24.564001083374 24.4120006561279 24.2740020751953 24.2710018157959 24.3440017700195 -3.4e+38 -3.4e+38 -3.4e+38 -3.4e+38 -3.4e+38 -3.4e+38 -3.4e+38 -3.4e+38 -3.4e+38 -3.4e+38 -3.4e+38 -3.4e+38 -3.4e+38 -3.4e+38 -3.4e+38 -3.4e+38 -3.4e+38 -3.4e+38 -3.4e+38
25.3650016784668 25.3280010223389 25.2820014953613 25.3690013885498 25.3330020904541 25.2920017242432 25.2830009460449 25.3380012512207 25.2850017547607 25.2090015411377 25.2530002593994 25.2650012969971 25.2750015258789 25.2000007629395 25.1200008392334 25.0800018310547 25.0630016326904 25.0780010223389 25.0070018768311 24.9720020294189 24.9790019989014 24.9540004730225 24.931001663208 24.8430004119873 24.8110008239746 24.7060012817383 24.6140003204346 24.4900016784668 24.3250007629395 24.2590007781982 24.1250019073486 24.1760005950928 24.3120002746582 24.2550010681152 24.0210018157959 -3.4e+38 -3.4e+38 -3.4e+38 -3.4e+38 -3.4e+38 -3.4e+38 -3.4e+38 -3.4e+38 -3.4e+38 -3.4e+38 -3.4e+38 -3.4e+38 -3.4e+38 -3.4e+38 -3.4e+38 -3.4e+38 -3.4e+38 -3.4e+38
25.3520011901855 25.4320011138916 25.3980007171631 25.4370002746582 25.3490009307861 25.3250007629395 25.3290004730225 25.3480014801025 25.4320011138916 25.3350009918213 25.3040008544922 25.2710018157959 25.2700004577637 25.246000289917 25.1730003356934 25.1250019073486 25.0840015411377 25.0690002441406 24.980001449585 24.9400005340576 24.9650020599365 24.9850006103516 24.9370002746582 24.8800010681152 24.7740020751953 24.5580005645752 24.3970012664795 24.2060012817383 24.1240005493164 24.1080017089844 24.1140003204346 24.2490005493164 24.1760005950928 -3.4e+38 -3.4e+38 -3.4e+38 -3.4e+38 -3.4e+38 -3.4e+38 -3.4e+38 -3.4e+38 -3.4e+38 -3.4e+38 -3.4e+38 -3.4e+38 -3.4e+38 -3.4e+38 -3.4e+38 -3.4e+38 -3.4e+38 -3.4e+38 -3.4e+38 -3.4e+38
25.3790016174316 25.4330005645752 25.5020008087158 25.5050010681152 25.4130020141602 25.371000289917 25.3660011291504 25.4000015258789 25.4290008544922 25.3650016784668 25.3200016021729 25.2950019836426 25.2780017852783 25.2550010681152 25.1900005340576 25.1530017852783 25.1250019073486 25.0490016937256 24.9540004730225 24.9520015716553 24.9340019226074 24.943000793457 24.939001083374 24.8450012207031 24.5620002746582 24.3450012207031 24.177001953125 24.1180019378662 24.2060012817383 24.2610015869141 24.2930011749268 24.0890007019043 -3.4e+38 -3.4e+38 -3.4e+38 -3.4e+38 -3.4e+38 -3.4e+38 -3.4e+38 -3.4e+38 -3.4e+38 -3.4e+38 -3.4e+38 -3.4e+38 -3.4e+38 -3.4e+38 -3.4e+38 -3.4e+38 -3.4e+38 -3.4e+38 -3.4e+38 -3.4e+38 -3.4e+38
25.3960018157959 25.4560012817383 25.5660018920898 25.6700019836426 25.57200050354 25.5040016174316 25.5010013580322 25.5060005187988 25.4480018615723 25.3830013275146 25.2950019836426 25.2830009460449 25.2480010986328 25.2430019378662 25.2110004425049 25.1840019226074 25.1350021362305 25.0830020904541 25.0040016174316 24.9380016326904 24.9150009155273 24.8840007781982 24.8500003814697 24.7000007629395 24.4550018310547 24.1430015563965 24.117000579834 24.2190017700195 24.3190002441406 24.2370014190674 -3.4e+38 -3.4e+38 -3.4e+38 -3.4e+38 -3.4e+38 -3.4e+38 -3.4e+38 -3.4e+38 -3.4e+38 -3.4e+38 -3.4e+38 -3.4e+38 -3.4e+38 -3.4e+38 -3.4e+38 -3.4e+38 -3.4e+38 -3.4e+38 -3.4e+38 -3.4e+38 -3.4e+38 -3.4e+38 -3.4e+38
25.4930019378662 25.5480003356934 25.6510009765625 25.7940006256104 25.7640018463135 25.7350006103516 25.6610012054443 25.5650005340576 25.4710006713867 25.3790016174316 25.2910003662109 25.2630004882812 25.2390003204346 25.2280006408691 25.2140007019043 25.2040004730225 25.1690006256104 25.1380004882812 25.0850009918213 24.9220008850098 24.8330020904541 24.7820014953613 24.7240009307861 24.5040016174316 24.1920013427734 24.0100002288818 24.1150016784668 24.0240020751953 -3.4e+38 -3.4e+38 -3.4e+38 -3.4e+38 -3.4e+38 -3.4e+38 -3.4e+38 -3.4e+38 -3.4e+38 -3.4e+38 -3.4e+38 -3.4e+38 -3.4e+38 -3.4e+38 -3.4e+38 -3.4e+38 -3.4e+38 -3.4e+38 -3.4e+38 -3.4e+38 -3.4e+38 -3.4e+38 -3.4e+38 -3.4e+38 -3.4e+38
25.4750003814697 25.6460018157959 25.6940021514893 25.8270015716553 25.8610019683838 25.806001663208 25.730001449585 25.5850009918213 25.4630012512207 25.3310012817383 25.2840003967285 25.230001449585 25.2170009613037 25.2130012512207 25.1990013122559 25.181001663208 25.1520004272461 25.0900020599365 24.9250011444092 24.6990013122559 24.7550010681152 24.6780014038086 24.5120010375977 24.3070011138916 24.1160011291504 24.0750007629395 24.0100002288818 -3.4e+38 -3.4e+38 -3.4e+38 -3.4e+38 -3.4e+38 -3.4e+38 -3.4e+38 -3.4e+38 -3.4e+38 -3.4e+38 -3.4e+38 -3.4e+38 -3.4e+38 -3.4e+38 -3.4e+38 -3.4e+38 -3.4e+38 -3.4e+38 -3.4e+38 -3.4e+38 -3.4e+38 -3.4e+38 -3.4e+38 -3.4e+38 -3.4e+38 -3.4e+38
25.4100017547607 25.6320018768311 25.7540016174316 25.8320007324219 25.8270015716553 25.7930011749268 25.7120018005371 25.5440006256104 25.4010009765625 25.2980003356934 25.2200012207031 25.1830005645752 25.1870002746582 25.1840019226074 25.177001953125 25.1790008544922 25.1420021057129 24.9730014801025 24.7110004425049 24.6710014343262 24.6180019378662 24.4280014038086 24.3340015411377 24.2440013885498 23.9990005493164 23.8050003051758 -3.4e+38 -3.4e+38 -3.4e+38 -3.4e+38 -3.4e+38 -3.4e+38 -3.4e+38 -3.4e+38 -3.4e+38 -3.4e+38 -3.4e+38 -3.4e+38 -3.4e+38 -3.4e+38 -3.4e+38 -3.4e+38 -3.4e+38 -3.4e+38 -3.4e+38 -3.4e+38 -3.4e+38 -3.4e+38 -3.4e+38 -3.4e+38 -3.4e+38 -3.4e+38 -3.4e+38
25.3240013122559 25.4910011291504 25.6270008087158 25.677001953125 25.7040004730225 25.6700019836426 25.5430011749268 25.3750019073486 25.2770004272461 25.2190017700195 25.1400012969971 25.109001159668 25.1000003814697 25.0920009613037 25.0370006561279 25.0290012359619 24.9300003051758 24.6760005950928 24.4740009307861 24.4180011749268 24.3340015411377 24.2750015258789 24.2310009002686 24.0080013275146 23.6470012664795 -3.4e+38 -3.4e+38 -3.4e+38 -3.4e+38 -3.4e+38 -3.4e+38 -3.4e+38 -3.4e+38 -3.4e+38 -3.4e+38 -3.4e+38 -3.4e+38 -3.4e+38 -3.4e+38 -3.4e+38 -3.4e+38 -3.4e+38 -3.4e+38 -3.4e+38 -3.4e+38 -3.4e+38 -3.4e+38 -3.4e+38 -3.4e+38 -3.4e+38 -3.4e+38 -3.4e+38 -3.4e+38
