PresentLayers/tmax.asc
NCOLS 292 
NROWS 291 
XLLCORNER -87.6458333327872 
YLLCORNER 24.4791666666667 
CELLSIZE 0.0416666666669039 
NODATA_value -3.4e+38 
[rows 216 to 239 of 291, columns 106 to 158 of 292]
-3.4e+38 -3.4e+38 -3.4e+38 -3.4e+38 -3.4e+38 -3.4e+38 -3.4e+38 -3.4e+38 -3.4e+38 -3.4e+38 -3.4e+38 -3.4e+38 -3.4e+38 -3.4e+38 -3.4e+38 28.2690010070801 28.568000793457 28.9200019836426 29.1660022735596 29.2960014343262 29.2770023345947 29.2890014648438 29.3000011444092 29.2820014953613 29.3080005645752 29.3400020599365 29.3860015869141 29.3980007171631 29.4220008850098 29.4830017089844 29.5190010070801 29.5660018920898 29.5660018920898 29.5490016937256 29.5820007324219 29.5830020904541 29.6180019378662 29.6830005645752 29.7050018310547 29.681001663208 29.6500015258789 29.6410007476807 29.6510009765625 29.6710014343262 29.726001739502 29.7510013580322 29.7610015869141 29.7190017700195 29.7240009307861 29.7210006713867 29.7240009307861 29.7130012512207 29.7100009918213
-3.4e+38 -3.4e+38 -3.4e+38 -3.4e+38 -3.4e+38 -3.4e+38 -3.4e+38 -3.4e+38 -3.4e+38 -3.4e+38 -3.4e+38 -3.4e+38 -3.4e+38 -3.4e+38 28.0630016326904 28.3890018463135 28.726001739502 29.0150012969971 29.2140007019043 29.3190021514893 29.3050022125244 29.298002243042 29.314001083374 29.3090019226074 29.3090019226074 29.3540019989014 29.3430023193359 29.3800010681152 29.3850021362305 29.4740009307861 29.5320014953613 29.568000793457 29.5670013427734 29.5390014648438 29.5830020904541 29.5970020294189 29.6290016174316 29.6490020751953 29.69700050354 29.6840019226074 29.6240005493164 29.6240005493164 29.6740016937256 29.7130012512207 29.7400016784668 29.7730007171631 29.8130016326904 29.7880020141602 29.7880020141602 29.7460021972656 29.730001449585 29.7110023498535 29.7220020294189
-3.4e+38 -3.4e+38 -3.4e+38 -3.4e+38 -3.4e+38 -3.4e+38 -3.4e+38 -3.4e+38 -3.4e+38 -3.4e+38 -3.4e+38 -3.4e+38 27.3430004119873 27.681001663208 28.2360019683838 28.4360008239746 28.7620010375977 29.0820007324219 29.2740020751953 29.3900012969971 29.4140014648438 29.3900012969971 29.3960018157959 29.3750019073486 29.3620014190674 29.3470020294189 29.3260021209717 29.3460006713867 29.3940010070801 29.4600009918213 29.5330009460449 29.556001663208 29.5860023498535 29.6140022277832 29.6710014343262 29.6100006103516 29.6210021972656 29.6830005645752 29.6940021514893 29.6840019226074 29.6490020751953 29.6290016174316 29.7130012512207 29.7460021972656 29.7960014343262 29.8290004730225 29.8370018005371 29.8230018615723 29.7930011749268 29.7470016479492 29.726001739502 29.7020015716553 29.6980018615723
-3.4e+38 -3.4e+38 -3.4e+38 -3.4e+38 -3.4e+38 -3.4e+38 -3.4e+38 -3.4e+38 -3.4e+38 -3.4e+38 -3.4e+38 -3.4e+38 -3.4e+38 27.7020015716553 28.1570014953613 28.4540004730225 28.859001159668 29.1620006561279 29.2580013275146 29.4080009460449 29.4630012512207 29.4790019989014 29.4810009002686 29.4970016479492 29.4600009918213 29.3950004577637 29.3850021362305 29.3520011901855 29.3910007476807 29.4650020599365 29.4860019683838 29.4990005493164 29.5850009918213 29.6480007171631 29.6590023040771 29.6520023345947 29.6740016937256 29.689001083374 29.689001083374 29.6950016021729 29.7400016784668 29.730001449585 29.810001373291 29.8380012512207 29.8730010986328 29.8640022277832 29.8470020294189 29.8400020599365 29.814001083374 29.7900009155273 29.7410011291504 29.7090015411377 29.7040004730225
-3.4e+38 -3.4e+38 -3.4e+38 -3.4e+38 -3.4e+38 -3.4e+38 -3.4e+38 -3.4e+38 -3.4e+38 -3.4e+38 -3.4e+38 -3.4e+38 -3.4e+38 27.564001083374 27.8450012207031 28.1540012359619 28.6250019073486 28.9640007019043 29.238000869751 29.4620018005371 29.5400009155273 29.5390014648438 29.4970016479492 29.5000019073486 29.5040016174316 29.4550018310547 29.4640007019043 29.367000579834 29.3830013275146 29.4220008850098 29.3890018463135 29.4340019226074 29.5460014343262 29.6190013885498 29.6210021972656 29.6410007476807 29.6670017242432 29.7100009918213 29.7430019378662 29.730001449585 29.7670021057129 29.7940006256104 29.8890018463135 29.9280014038086 29.9640007019043 29.935001373291 29.8970012664795 29.8880004882812 29.8440017700195 29.8090019226074 29.7800006866455 29.7460021972656 29.7110023498535
-3.4e+38 -3.4e+38 -3.4e+38 -3.4e+38 -3.4e+38 -3.4e+38 -3.4e+38 -3.4e+38 -3.4e+38 -3.4e+38 -3.4e+38 -3.4e+38 -3.4e+38 -3.4e+38 27.7400016784668 27.9190006256104 28.435001373291 28.8450012207031 29.234001159668 29.4980010986328 29.6410007476807 29.6880016326904 29.6960010528564 29.689001083374 29.6710014343262 29.5840015411377 29.5140018463135 29.4140014648438 29.3740005493164 29.3970012664795 29.4020023345947 29.3920021057129 29.4830017089844 29.5750007629395 29.613000869751 29.6250019073486 29.6290016174316 29.6700019836426 29.7130012512207 29.7440013885498 29.810001373291 29.8450012207031 29.9050006866455 29.9730014801025 29.9540004730225 29.9580020904541 29.9640007019043 29.9490013122559 29.8990020751953 29.8420009613037 29.7750015258789 29.7490005493164 29.7060012817383
-3.4e+38 -3.4e+38 -3.4e+38 -3.4e+38 -3.4e+38 -3.4e+38 -3.4e+38 -3.4e+38 -3.4e+38 -3.4e+38 -3.4e+38 -3.4e+38 -3.4e+38 -3.4e+38 -3.4e+38 27.9290008544922 28.3540019989014 28.8650016784668 29.310001373291 29.5970020294189 29.8340015411377 29.9710006713867 29.9770011901855 29.9580020904541 29.8900012969971 29.6920013427734 29.5940017700195 29.4550018310547 29.435001373291 29.4590015411377 29.4670009613037 29.427001953125 29.4620018005371 29.5260009765625 29.5370006561279 29.5530014038086 29.5940017700195 29.6470012664795 29.693000793457 29.7520008087158 29.8070011138916 29.8690013885498 29.8940010070801 29.939001083374 29.943000793457 29.9590015411377 29.9890022277832 29.9570007324219 29.9140014648438 29.859001159668 29.7920017242432 29.738000869751 29.6940021514893
-3.4e+38 -3.4e+38 -3.4e+38 -3.4e+38 -3.4e+38 -3.4e+38 -3.4e+38 -3.4e+38 -3.4e+38 -3.4e+38 -3.4e+38 -3.4e+38 -3.4e+38 -3.4e+38 -3.4e+38 -3.4e+38 28.3370018005371 28.8730010986328 29.3010005950928 29.6760005950928 29.9650020599365 30.1000022888184 30.1190013885498 30.1450023651123 29.9870014190674 29.7640018463135 29.613000869751 29.5060005187988 29.4540004730225 29.4720020294189 29.4780006408691 29.4520015716553 29.4660015106201 29.4980010986328 29.5300006866455 29.5660018920898 29.6430015563965 29.6620006561279 29.6630020141602 29.6870021820068 29.7600021362305 29.8700008392334 29.8990020751953 29.94700050354 29.9720020294189 29.9890022277832 30.0060005187988 29.9770011901855 29.9200019836426 29.8690013885498 29.8350009918213 29.7500019073486 29.6870021820068
-3.4e+38 -3.4e+38 -3.4e+38 -3.4e+38 -3.4e+38 -3.4e+38 -3.4e+38 -3.4e+38 -3.4e+38 -3.4e+38 -3.4e+38 -3.4e+38 -3.4e+38 -3.4e+38 -3.4e+38 -3.4e+38 -3.4e+38 28.7410011291504 29.1640014648438 29.5850009918213 29.9260005950928 30.1490020751953 30.2100009918213 30.1420021057129 30.0160007476807 29.8480014801025 29.6880016326904 29.5590019226074 29.4950008392334 29.4870014190674 29.439001083374 29.4510021209717 29.5040016174316 29.5320014953613 29.5580005645752 29.6140022277832 29.6550006866455 29.6570014953613 29.6350021362305 29.6560020446777 29.7690010070801 29.8560009002686 29.9260005950928 29.9900016784668 30.060001373291 30.056001663208 30.0570011138916 30.0340023040771 29.9590015411377 29.8990020751953 29.867000579834 29.802001953125 29.7140007019043
-3.4e+38 -3.4e+38 -3.4e+38 -3.4e+38 -3.4e+38 -3.4e+38 -3.4e+38 -3.4e+38 -3.4e+38 -3.4e+38 -3.4e+38 -3.4e+38 -3.4e+38 -3.4e+38 -3.4e+38 -3.4e+38 -3.4e+38 28.5810012817383 28.9970016479492 29.4040012359619 29.7700023651123 30.0340023040771 30.1260013580322 30.1040019989014 29.9900016784668 29.818000793457 29.6780014038086 29.5700016021729 29.5260009765625 29.5290012359619 29.4570007324219 29.4050006866455 29.4580020904541 29.488000869751 29.5540008544922 29.5990009307861 29.6350021362305 29.6740016937256 29.7000007629395 29.6990013122559 29.802001953125 29.8810005187988 29.976001739502 30.0310020446777 30.0990009307861 30.1600017547607 30.1400012969971 30.0990009307861 30.0210018157959 29.9650020599365 29.9110012054443 29.8840007781982 29.8070011138916
-3.4e+38 -3.4e+38 -3.4e+38 -3.4e+38 -3.4e+38 -3.4e+38 -3.4e+38 -3.4e+38 -3.4e+38 -3.4e+38 -3.4e+38 -3.4e+38 -3.4e+38 -3.4e+38 -3.4e+38 -3.4e+38 -3.4e+38 -3.4e+38 28.8410015106201 29.1520023345947 29.476001739502 29.7940006256104 29.9930019378662 29.9940013885498 29.8940010070801 29.7760009765625 29.6600017547607 29.5850009918213 29.5540008544922 29.5570011138916 29.503002166748 29.5000019073486 29.5280017852783 29.5350017547607 29.560001373291 29.6150016784668 29.6630020141602 29.6900005340576 29.7190017700195 29.7620010375977 29.8540019989014 29.9370021820068 30.0110015869141 30.0590019226074 30.0960006713867 30.1870021820068 30.1500015258789 30.1220016479492 30.0430011749268 29.9850006103516 29.9720020294189 29.9450016021729 29.8910007476807
-3.4e+38 -3.4e+38 -3.4e+38 -3.4e+38 -3.4e+38 -3.4e+38 -3.4e+38 -3.4e+38 -3.4e+38 -3.4e+38 -3.4e+38 -3.4e+38 -3.4e+38 -3.4e+38 -3.4e+38 -3.4e+38 -3.4e+38 -3.4e+38 28.677001953125 28.94700050354 29.173002243042 29.5170021057129 29.7600021362305 29.8200016021729 29.7730007171631 29.7090015411377 29.6540012359619 29.5970020294189 29.5470008850098 29.57200050354 29.5890007019043 29.5800018310547 29.5740013122559 29.5800018310547 29.609001159668 29.6560020446777 29.7080020904541 29.738000869751 29.7540016174316 29.802001953125 29.8750019073486 29.9340019226074 30.0020008087158 30.0440006256104 30.0690021514893 30.0960006713867 30.1380004882812 30.0980014801025 30.0530014038086 30.0250015258789 30.0180015563965 29.9980010986328 29.9650020599365
-3.4e+38 -3.4e+38 -3.4e+38 -3.4e+38 -3.4e+38 -3.4e+38 -3.4e+38 -3.4e+38 -3.4e+38 -3.4e+38 -3.4e+38 -3.4e+38 -3.4e+38 -3.4e+38 -3.4e+38 -3.4e+38 -3.4e+38 -3.4e+38 -3.4e+38 28.5140018463135 28.8880004882812 29.2630004882812 29.5550022125244 29.6640014648438 29.6670017242432 29.6630020141602 29.6790008544922 29.6150016784668 29.6040019989014 29.6720008850098 29.6690006256104 29.6640014648438 29.6510009765625 29.6700019836426 29.6960010528564 29.7180023193359 29.7040004730225 29.7360019683838 29.7810020446777 29.8120021820068 29.8810005187988 29.9540004730225 29.9950008392334 30.0310020446777 30.0590019226074 30.0650005340576 30.0740013122559 30.0420017242432 30.0180015563965 30.0410022735596 30.0590019226074 30.0800018310547 30.0590019226074
-3.4e+38 -3.4e+38 -3.4e+38 -3.4e+38 -3.4e+38 -3.4e+38 -3.4e+38 -3.4e+38 -3.4e+38 -3.4e+38 -3.4e+38 -3.4e+38 -3.4e+38 -3.4e+38 -3.4e+38 -3.4e+38 -3.4e+38 -3.4e+38 -3.4e+38 28.2120018005371 28.6070022583008 28.9950008392334 29.3490009307861 29.5840015411377 29.6790008544922 29.7010021209717 29.685001373291 29.6790008544922 29.6940021514893 29.7190017700195 29.7240009307861 29.753002166748 29.7190017700195 29.7000007629395 29.7070007324219 29.693000793457 29.7230014801025 29.7580013275146 29.8260021209717 29.8600006103516 29.9100017547607 29.9630012512207 29.9640007019043 29.9890022277832 30.0020008087158 30.0270023345947 30.0160007476807 30.0090007781982 29.992000579834 30.0440006256104 30.0790023803711 30.1200008392334 30.0790023803711
-3.4e+38 -3.4e+38 -3.4e+38 -3.4e+38 -3.4e+38 -3.4e+38 -3.4e+38 -3.4e+38 -3.4e+38 -3.4e+38 -3.4e+38 -3.4e+38 -3.4e+38 -3.4e+38 -3.4e+38 -3.4e+38 -3.4e+38 -3.4e+38 -3.4e+38 -3.4e+38 28.4240016937256 28.7800006866455 29.1300010681152 29.4380016326904 29.6240005493164 29.693000793457 29.7020015716553 29.7500019073486 29.7460021972656 29.7880020141602 29.7640018463135 29.7680015563965 29.7640018463135 29.7400016784668 29.7430019378662 29.7150020599365 29.7350006103516 29.7650012969971 29.8040008544922 29.8700008392334 29.9010009765625 29.9740009307861 29.9670009613037 29.9710006713867 29.988000869751 30.0200023651123 30.0060005187988 30.0070018768311 30.0010013580322 30.0240020751953 30.0400009155273 30.060001373291 30.0120010375977
-3.4e+38 -3.4e+38 -3.4e+38 -3.4e+38 -3.4e+38 -3.4e+38 -3.4e+38 -3.4e+38 -3.4e+38 -3.4e+38 -3.4e+38 -3.4e+38 -3.4e+38 -3.4e+38 -3.4e+38 -3.4e+38 -3.4e+38 -3.4e+38 -3.4e+38 -3.4e+38 28.177001953125 28.5960006713867 28.9600009918213 29.2810020446777 29.5170021057129 29.5760021209717 29.5850009918213 29.6900005340576 29.7920017242432 29.8810005187988 29.8290004730225 29.806001663208 29.7940006256104 29.7670021057129 29.7550010681152 29.7990016937256 29.7900009155273 29.7840023040771 29.7900009155273 29.8200016021729 29.8470020294189 29.9200019836426 29.9490013122559 29.9860019683838 29.9860019683838 30.0000019073486 29.9990005493164 29.992000579834 29.988000869751 29.9890022277832 29.9900016784668 29.9770011901855 29.9450016021729
-3.4e+38 -3.4e+38 -3.4e+38 -3.4e+38 -3.4e+38 -3.4e+38 -3.4e+38 -3.4e+38 -3.4e+38 -3.4e+38 -3.4e+38 -3.4e+38 -3.4e+38 -3.4e+38 -3.4e+38 -3.4e+38 -3.4e+38 -3.4e+38 -3.4e+38 -3.4e+38 -3.4e+38 28.3480014801025 28.7400016784668 29.0660018920898 29.306001663208 29.2800006866455 29.2760009765625 29.5200004577637 29.7350006103516 29.8420009613037 29.8200016021729 29.818000793457 29.8050022125244 29.7800006866455 29.7620010375977 29.7740020751953 29.7640018463135 29.7540016174316 29.7760009765625 29.7940006256104 29.8200016021729 29.8990020751953 29.9290008544922 29.9550018310547 29.9850006103516 30.0000019073486 29.9970016479492 29.9750022888184 29.9730014801025 29.9590015411377 29.9690017700195 29.9570007324219 29.9190006256104
-3.4e+38 -3.4e+38 -3.4e+38 -3.4e+38 -3.4e+38 -3.4e+38 -3.4e+38 -3.4e+38 -3.4e+38 -3.4e+38 -3.4e+38 -3.4e+38 -3.4e+38 -3.4e+38 -3.4e+38 -3.4e+38 -3.4e+38 -3.4e+38 -3.4e+38 -3.4e+38 -3.4e+38 -3.4e+38 28.5200004577637 28.8130016326904 28.9850006103516 28.9900016784668 28.9960021972656 29.2440013885498 29.5020008087158 29.6690006256104 29.7560005187988 29.7970008850098 29.8040008544922 29.7900009155273 29.7650012969971 29.7740020751953 29.7780017852783 29.7740020751953 29.7600021362305 29.7670021057129 29.8250007629395 29.9200019836426 29.9500007629395 29.9750022888184 29.988000869751 29.9710006713867 29.9650020599365 29.9360008239746 29.9550018310547 29.9700012207031 30.0370006561279 30.064001083374 29.9750022888184
-3.4e+38 -3.4e+38 -3.4e+38 -3.4e+38 -3.4e+38 -3.4e+38 -3.4e+38 -3.4e+38 -3.4e+38 -3.4e+38 -3.4e+38 -3.4e+38 -3.4e+38 -3.4e+38 -3.4e+38 -3.4e+38 -3.4e+38 -3.4e+38 -3.4e+38 -3.4e+38 -3.4e+38 -3.4e+38 28.4900016784668 28.5500011444092 28.6560020446777 28.7100009918213 28.7700004577637 29.0460014343262 29.3580017089844 29.6400012969971 29.7190017700195 29.8040008544922 29.8240013122559 29.806001663208 29.7960014343262 29.8040008544922 29.806001663208 29.8110008239746 29.8130016326904 29.8400020599365 29.9280014038086 29.9680023193359 29.9600009918213 29.9650020599365 29.9740009307861 29.9480018615723 29.9040012359619 29.9180011749268 29.9540004730225 30.0060005187988 30.1830005645752 30.2310009002686 30.0300006866455
-3.4e+38 -3.4e+38 -3.4e+38 -3.4e+38 -3.4e+38 -3.4e+38 -3.4e+38 -3.4e+38 -3.4e+38 -3.4e+38 -3.4e+38 -3.4e+38 -3.4e+38 -3.4e+38 -3.4e+38 -3.4e+38 -3.4e+38 -3.4e+38 -3.4e+38 -3.4e+38 -3.4e+38 -3.4e+38 -3.4e+38 28.7900009155273 28.7740020751953 28.753002166748 28.7620010375977 28.9550018310547 29.306001663208 29.605001449585 29.7040004730225 29.7780017852783 29.8070011138916 29.7950019836426 29.7890014648438 29.8260021209717 29.8500022888184 29.8420009613037 29.8830013275146 29.9250011444092 29.9770011901855 29.9870014190674 29.9330005645752 29.939001083374 29.9950008392334 29.9910011291504 29.9530010223389 29.9650020599365 29.9790019989014 29.9910011291504 30.0490016937256 30.0390014648438 29.8850021362305
-3.4e+38 -3.4e+38 -3.4e+38 -3.4e+38 -3.4e+38 -3.4e+38 -3.4e+38 -3.4e+38 -3.4e+38 -3.4e+38 -3.4e+38 -3.4e+38 -3.4e+38 -3.4e+38 -3.4e+38 -3.4e+38 -3.4e+38 -3.4e+38 -3.4e+38 -3.4e+38 -3.4e+38 -3.4e+38 -3.4e+38 28.8890018463135 28.8740005493164 28.8560009002686 28.810001373291 28.9540004730225 29.2930011749268 29.5900020599365 29.6710014343262 29.7280006408691 29.7400016784668 29.7370014190674 29.7500019073486 29.7940006256104 29.82200050354 29.8560009002686 29.9190006256104 29.9510021209717 29.984001159668 29.9730014801025 29.8890018463135 29.9120006561279 29.9810009002686 30.0230007171631 30.0130004882812 30.0170021057129 30.0220012664795 29.980001449585 29.9400005340576 29.8340015411377 29.6760005950928
-3.4e+38 -3.4e+38 -3.4e+38 -3.4e+38 -3.4e+38 -3.4e+38 -3.4e+38 -3.4e+38 -3.4e+38 -3.4e+38 -3.4e+38 -3.4e+38 -3.4e+38 -3.4e+38 -3.4e+38 -3.4e+38 -3.4e+38 -3.4e+38 -3.4e+38 -3.4e+38 -3.4e+38 -3.4e+38 -3.4e+38 28.9180011749268 28.939001083374 28.9040012359619 28.8260021209717 28.9690017700195 29.2880020141602 29.5530014038086 29.6150016784668 29.6640014648438 29.689001083374 29.6740016937256 29.6750011444092 29.7200012207031 29.814001083374 29.8620014190674 29.8990020751953 29.9330005645752 29.9790019989014 29.9950008392334 29.9820022583008 29.9710006713867 29.9950008392334 30.0210018157959 30.0280017852783 30.0620021820068 30.0530014038086 30.0250015258789 29.9560012817383 29.8340015411377 29.7040004730225
-3.4e+38 -3.4e+38 -3.4e+38 -3.4e+38 -3.4e+38 -3.4e+38 -3.4e+38 -3.4e+38 -3.4e+38 -3.4e+38 -3.4e+38 -3.4e+38 -3.4e+38 -3.4e+38 -3.4e+38 -3.4e+38 -3.4e+38 -3.4e+38 -3.4e+38 -3.4e+38 -3.4e+38 -3.4e+38 -3.4e+38 29.0360012054443 29.0780010223389 28.935001373291 28.6980018615723 28.9290008544922 29.2480010986328 29.5270023345947 29.6100006103516 29.6460018157959 29.6240005493164 29.6680011749268 29.7190017700195 29.7540016174316 29.8260021209717 29.9380016326904 29.9570007324219 29.9850006103516 30.0160007476807 30.0290012359619 30.0570011138916 30.0300006866455 30.0330009460449 30.0240020751953 30.0540008544922 30.0890007019043 30.1030006408691 30.060001373291 30.0100021362305 29.9670009613037 29.8760013580322
-3.4e+38 -3.4e+38 -3.4e+38 -3.4e+38 -3.4e+38 -3.4e+38 -3.4e+38 -3.4e+38 -3.4e+38 -3.4e+38 -3.4e+38 -3.4e+38 -3.4e+38 -3.4e+38 -3.4e+38 -3.4e+38 -3.4e+38 -3.4e+38 -3.4e+38 -3.4e+38 -3.4e+38 -3.4e+38 -3.4e+38 29.0350017547607 29.189001083374 29.0530014038086 28.7740020751953 28.8490009307861 29.1470012664795 29.439001083374 29.5340023040771 29.5780010223389 29.6550006866455 29.7120018005371 29.7790012359619 29.82200050354 29.8430023193359 29.9210014343262 30.0310020446777 30.0440006256104 30.0430011749268 30.048002243042 30.0320014953613 30.0490016937256 30.0540008544922 30.0390014648438 30.0630016326904 30.0880012512207 30.101001739502 30.052001953125 30.0300006866455 30.0260009765625 29.9830017089844
