PresentLayers/tmean.asc
NCOLS 292 
NROWS 291 
XLLCORNER -87.6458333327872 
YLLCORNER 24.4791666666667 
CELLSIZE 0.0416666666669039 
NODATA_value -3.4e+38 
[rows 72 to 95 of 291, columns 159 to 211 of 292]
18.7100009918213 18.6860008239746 18.6490001678467 18.7040004730225 18.5360012054443 18.5390014648438 18.6220016479492 18.6100006103516 18.564001083374 18.5500011444092 18.5300006866455 18.5020008087158 18.5010013580322 18.4660015106201 18.44700050354 18.3800010681152 18.2980003356934 18.2170009613037 18.125 18.0940017700195 18.1610012054443 18.2400016784668 18.3070011138916 18.3580017089844 18.3860015869141 18.4120006561279 18.4240016937256 18.4380016326904 18.4370002746582 18.4080009460449 18.375 18.3970012664795 18.4000015258789 18.3440017700195 18.3200016021729 18.2920017242432 18.2790012359619 18.2710018157959 18.2400016784668 18.1820011138916 18.1790008544922 18.1700000762939 18.181001663208 18.2400016784668 18.2910003662109 18.3700008392334 18.4830017089844 18.5250015258789 18.6190013885498 -3.4e+38 -3.4e+38 -3.4e+38 -3.4e+38
18.7220001220703 18.7569999694824 18.6380004882812 18.6670017242432 18.5540008544922 18.6520004272461 18.6430015563965 18.6400012969971 18.5790004730225 18.5200004577637 18.5130004882812 18.5120010375977 18.5240001678467 18.5340003967285 18.5050010681152 18.4200000762939 18.371000289917 18.2810001373291 18.2550010681152 18.230001449585 18.2510013580322 18.3070011138916 18.3610000610352 18.3950004577637 18.4160003662109 18.4370002746582 18.4330005645752 18.4450016021729 18.4130001068115 18.3520011901855 18.3680000305176 18.3920001983643 18.4110012054443 18.3700008392334 18.3200016021729 18.3159999847412 18.3159999847412 18.3030014038086 18.3080005645752 18.3150005340576 18.2970008850098 18.2770004272461 18.2790012359619 18.3400001525879 18.3690013885498 18.4290008544922 18.3819999694824 18.3980007171631 -3.4e+38 -3.4e+38 -3.4e+38 -3.4e+38 -3.4e+38
18.7440013885498 18.701000213623 18.689001083374 18.6030006408691 18.7170009613037 18.7660007476807 18.7060012817383 18.6260013580322 18.5690002441406 18.5520000457764 18.5280017852783 18.5430011749268 18.5240001678467 18.5880012512207 18.6400012969971 18.5580005645752 18.4650001525879 18.4030017852783 18.363000869751 18.367000579834 18.4010009765625 18.4380016326904 18.4750003814697 18.5160007476807 18.5440006256104 18.5460014343262 18.4630012512207 18.4720001220703 18.4530010223389 18.4240016937256 18.4100017547607 18.3870010375977 18.351001739502 18.306001663208 18.2860012054443 18.2800006866455 18.318000793457 18.3450012207031 18.3680000305176 18.3850002288818 18.3940010070801 18.3940010070801 18.4479999542236 18.4620018005371 18.4930000305176 18.3950004577637 18.2960014343262 -3.4e+38 -3.4e+38 -3.4e+38 -3.4e+38 -3.4e+38 -3.4e+38
18.6909999847412 18.6100006103516 18.6450004577637 18.8070011138916 18.8640003204346 18.8020000457764 18.7210006713867 18.6270008087158 18.6140003204346 18.6150016784668 18.5960006713867 18.5970001220703 18.5729999542236 18.5860004425049 18.6400012969971 18.5900001525879 18.5500011444092 18.5130004882812 18.4600009918213 18.4750003814697 18.5050010681152 18.57200050354 18.6389999389648 18.6830005645752 18.6920013427734 18.7180004119873 18.7100009918213 18.6690006256104 18.5970001220703 18.488000869751 18.451000213623 18.4020004272461 18.3560009002686 18.2550010681152 18.1979999542236 18.2310009002686 18.3290004730225 18.3840007781982 18.4170017242432 18.4540004730225 18.4770011901855 18.5320014953613 18.6100006103516 18.6630001068115 18.617000579834 18.4640007019043 -3.4e+38 -3.4e+38 -3.4e+38 -3.4e+38 -3.4e+38 -3.4e+38 -3.4e+38
18.7770004272461 18.7540016174316 18.7850017547607 18.8800010681152 18.8040008544922 18.7630004882812 18.7390003204346 18.6790008544922 18.6750011444092 18.7000007629395 18.6740016937256 18.6620006561279 18.6160011291504 18.605001449585 18.6070003509521 18.5710010528564 18.5940017700195 18.5940017700195 18.5850009918213 18.6190013885498 18.6800003051758 18.7410011291504 18.7740001678467 18.7700004577637 18.8210010528564 18.7930011749268 18.8020000457764 18.7740001678467 18.7140007019043 18.5860004425049 18.5150012969971 18.4950008392334 18.480001449585 18.3690013885498 18.2590007781982 18.2800006866455 18.3850002288818 18.4270000457764 18.480001449585 18.5080013275146 18.5900001525879 18.6870002746582 18.7660007476807 18.8130016326904 18.689001083374 -3.4e+38 -3.4e+38 -3.4e+38 -3.4e+38 -3.4e+38 -3.4e+38 -3.4e+38 -3.4e+38
18.9550018310547 18.939001083374 18.9050006866455 18.9250011444092 18.818000793457 18.7800006866455 18.7830009460449 18.7710018157959 18.7280006408691 18.7120018005371 18.734001159668 18.6960010528564 18.6580009460449 18.6060009002686 18.601001739502 18.6070003509521 18.6740016937256 18.7270011901855 18.7770004272461 18.7680015563965 18.7940006256104 18.8280010223389 18.8450012207031 18.8870010375977 18.9300003051758 18.9080009460449 18.8880004882812 18.8660011291504 18.7569999694824 18.7140007019043 18.6950016021729 18.6660003662109 18.6610012054443 18.6030006408691 18.5110015869141 18.4870014190674 18.5410003662109 18.5390014648438 18.5540008544922 18.6120014190674 18.7290000915527 18.7960014343262 18.8940010070801 18.8400001525879 18.7950000762939 -3.4e+38 -3.4e+38 -3.4e+38 -3.4e+38 -3.4e+38 -3.4e+38 -3.4e+38 -3.4e+38
19.056001663208 18.9930000305176 18.9380016326904 18.9550018310547 18.8890018463135 18.8700008392334 18.8300018310547 18.7940006256104 18.7840003967285 18.7740001678467 18.7290000915527 18.7100009918213 18.7190017700195 18.6460018157959 18.6240005493164 18.7050018310547 18.7630004882812 18.7920017242432 18.8390007019043 18.8890018463135 18.9220008850098 18.9680004119873 19.0080013275146 19.068000793457 19.1080017089844 19.0850009918213 19.0670013427734 19.0170001983643 18.9400005340576 18.867000579834 18.8610000610352 18.8380012512207 18.7940006256104 18.7860012054443 18.6979999542236 18.6420001983643 18.6190013885498 18.6040000915527 18.6240005493164 18.681001663208 18.8170013427734 18.8950004577637 18.9630012512207 18.9200000762939 18.9250011444092 -3.4e+38 -3.4e+38 -3.4e+38 -3.4e+38 -3.4e+38 -3.4e+38 -3.4e+38 -3.4e+38
19.0060005187988 18.9890003204346 18.9610004425049 18.9640007019043 18.9270000457764 18.9250011444092 18.9050006866455 18.8920001983643 18.8640003204346 18.8780002593994 18.8760013580322 18.8480014801025 18.8360004425049 18.7690010070801 18.7170009613037 18.7620010375977 18.8380012512207 18.8970012664795 18.9130001068115 18.9680004119873 19.0250015258789 19.101001739502 19.1700000762939 19.2150001525879 19.2550010681152 19.2600002288818 19.2130012512207 19.1480007171631 19.0590000152588 18.9740009307861 18.9600009918213 18.9620018005371 18.9630012512207 18.9479999542236 18.871000289917 18.8040008544922 18.7540016174316 18.7030010223389 18.7020015716553 18.726001739502 18.7780017852783 18.9120006561279 18.9990005493164 18.984001159668 -3.4e+38 -3.4e+38 -3.4e+38 -3.4e+38 -3.4e+38 -3.4e+38 -3.4e+38 -3.4e+38 -3.4e+38
18.988000869751 18.9160003662109 18.9420013427734 18.9690017700195 18.9479999542236 18.9409999847412 18.9600009918213 18.9890003204346 19.0069999694824 19.0150012969971 19.056001663208 19.0320014953613 18.939001083374 18.9020004272461 18.8819999694824 18.8950004577637 18.9240016937256 18.9790000915527 18.984001159668 19.0570011138916 19.1530017852783 19.2350006103516 19.2840003967285 19.3340015411377 19.4220008850098 19.3860015869141 19.2880001068115 19.1740016937256 19.076000213623 19.0110015869141 18.9690017700195 18.9790000915527 18.9770011901855 18.9710006713867 18.9460010528564 18.9150009155273 18.8770008087158 18.8250007629395 18.7970008850098 18.8210010528564 18.8440017700195 18.9770011901855 19.0030002593994 19.0280017852783 -3.4e+38 -3.4e+38 -3.4e+38 -3.4e+38 -3.4e+38 -3.4e+38 -3.4e+38 -3.4e+38 -3.4e+38
18.9810009002686 18.931001663208 18.9440002441406 18.9650001525879 18.9990005493164 19.0050010681152 19.0140018463135 19.0740013122559 19.101001739502 19.1360015869141 19.1020011901855 19.0900001525879 19.0659999847412 19.0080013275146 18.9500007629395 18.9450016021729 19.0210018157959 19.0240001678467 19.0690002441406 19.1480007171631 19.2110004425049 19.2960014343262 19.3660011291504 19.3940010070801 19.4220008850098 19.3680000305176 19.2510013580322 19.1550006866455 19.060001373291 19.0140018463135 19.0010013580322 19.0030002593994 18.9990005493164 18.9810009002686 18.976001739502 18.9370002746582 18.9260005950928 18.863000869751 18.8610000610352 18.9140014648438 18.9980010986328 19.0370006561279 19.0100002288818 19.0080013275146 -3.4e+38 -3.4e+38 -3.4e+38 -3.4e+38 -3.4e+38 -3.4e+38 -3.4e+38 -3.4e+38 -3.4e+38
19.0120010375977 19.0490016937256 18.9980010986328 19.0010013580322 19.0110015869141 19.0570011138916 19.1410007476807 19.1640014648438 19.1670017242432 19.2230014801025 19.19700050354 19.1720008850098 19.1410007476807 19.0630016326904 19.0270004272461 19.0200004577637 19.0300006866455 19.0620002746582 19.0850009918213 19.1580009460449 19.2600002288818 19.3280010223389 19.3580017089844 19.4070014953613 19.4090003967285 19.3190002441406 19.2470016479492 19.1710014343262 19.0870018005371 19.0700016021729 19.0630016326904 19.0510005950928 19.076000213623 19.0810012817383 19.0390014648438 19.0280017852783 19.0310001373291 19 19.0170001983643 19.056001663208 19.1260013580322 19.0790004730225 19.0790004730225 19.0530014038086 -3.4e+38 -3.4e+38 -3.4e+38 -3.4e+38 -3.4e+38 -3.4e+38 -3.4e+38 -3.4e+38 -3.4e+38
19.0290012359619 19.0790004730225 19.0810012817383 19.0670013427734 19.0790004730225 19.0740013122559 19.1110000610352 19.2320003509521 19.3080005645752 19.2840003967285 19.2540016174316 19.2360000610352 19.2020015716553 19.0780010223389 19.0490016937256 19.0770015716553 19.1310005187988 19.1340007781982 19.1410007476807 19.2000007629395 19.2790012359619 19.3390007019043 19.3640003204346 19.375 19.3970012664795 19.359001159668 19.25 19.2170009613037 19.1480007171631 19.1080017089844 19.0980014801025 19.1100006103516 19.1360015869141 19.1610012054443 19.1660003662109 19.1530017852783 19.1260013580322 19.1080017089844 19.1510009765625 19.1520004272461 19.1340007781982 19.1430015563965 -3.4e+38 -3.4e+38 -3.4e+38 -3.4e+38 -3.4e+38 -3.4e+38 -3.4e+38 -3.4e+38 -3.4e+38 -3.4e+38 -3.4e+38
19.0750007629395 19.1060009002686 19.1410007476807 19.0990009307861 19.1030006408691 19.1140003204346 19.1370010375977 19.2270011901855 19.3270015716553 19.3819999694824 19.3460006713867 19.2850017547607 19.2580013275146 19.201000213623 19.1670017242432 19.1370010375977 19.1370010375977 19.1870002746582 19.185001373291 19.1740016937256 19.2360000610352 19.3110008239746 19.3850002288818 19.4160003662109 19.4120006561279 19.3770008087158 19.3080005645752 19.2270011901855 19.1680011749268 19.1360015869141 19.1610012054443 19.1920013427734 19.2480010986328 19.2900009155273 19.2810001373291 19.2720012664795 19.2670001983643 19.2310009002686 19.1700000762939 19.1790008544922 19.2060012817383 -3.4e+38 -3.4e+38 -3.4e+38 -3.4e+38 -3.4e+38 -3.4e+38 -3.4e+38 -3.4e+38 -3.4e+38 -3.4e+38 -3.4e+38 -3.4e+38
19.1710014343262 19.1770000457764 19.1510009765625 19.1700000762939 19.1240005493164 19.1750011444092 19.2020015716553 19.242000579834 19.3000011444092 19.3320007324219 19.3230018615723 19.2780017852783 19.2670001983643 19.2810001373291 19.234001159668 19.1960010528564 19.201000213623 19.2560005187988 19.2220001220703 19.1900005340576 19.2530002593994 19.3560009002686 19.4590015411377 19.4700012207031 19.4690017700195 19.4360008239746 19.3810005187988 19.3200016021729 19.2620010375977 19.2440013885498 19.2660007476807 19.3210010528564 19.3580017089844 19.3560009002686 19.3900012969971 19.3770008087158 19.359001159668 19.359001159668 19.3310012817383 19.2830009460449 -3.4e+38 -3.4e+38 -3.4e+38 -3.4e+38 -3.4e+38 -3.4e+38 -3.4e+38 -3.4e+38 -3.4e+38 -3.4e+38 -3.4e+38 -3.4e+38 -3.4e+38
19.2020015716553 19.2100009918213 19.2120018005371 19.2150001525879 19.2110004425049 19.2000007629395 19.1830005645752 19.2350006103516 19.2840003967285 19.355001449585 19.3320007324219 19.3740005493164 19.3450012207031 19.3440017700195 19.3320007324219 19.2610015869141 19.2590007781982 19.3080005645752 19.2850017547607 19.2770004272461 19.3330001831055 19.4280014038086 19.5410003662109 19.5500011444092 19.5590000152588 19.5160007476807 19.4490013122559 19.4000015258789 19.3680000305176 19.3490009307861 19.3910007476807 19.4080009460449 19.4070014953613 19.4580001831055 -3.4e+38 -3.4e+38 -3.4e+38 -3.4e+38 -3.4e+38 -3.4e+38 -3.4e+38 -3.4e+38 -3.4e+38 -3.4e+38 -3.4e+38 -3.4e+38 -3.4e+38 -3.4e+38 -3.4e+38 -3.4e+38 -3.4e+38 -3.4e+38 -3.4e+38
19.310001373291 19.2660007476807 19.2290000915527 19.2230014801025 19.2090015411377 19.2160015106201 19.2440013885498 19.2660007476807 19.2800006866455 19.3000011444092 19.4010009765625 19.4560012817383 19.4490013122559 19.4000015258789 19.3770008087158 19.3430004119873 19.3440017700195 19.3740005493164 19.3860015869141 19.3760013580322 19.4500007629395 19.5440006256104 19.6080017089844 19.609001159668 19.6350002288818 19.5860004425049 19.5100002288818 19.5070018768311 19.480001449585 19.4270000457764 19.4160003662109 19.4200000762939 19.5040016174316 19.5370006561279 -3.4e+38 -3.4e+38 -3.4e+38 -3.4e+38 -3.4e+38 -3.4e+38 -3.4e+38 -3.4e+38 -3.4e+38 -3.4e+38 -3.4e+38 -3.4e+38 -3.4e+38 -3.4e+38 -3.4e+38 -3.4e+38 -3.4e+38 -3.4e+38 -3.4e+38
19.3890018463135 19.3090000152588 19.2150001525879 19.2760009765625 19.2560005187988 19.2510013580322 19.2780017852783 19.4120006561279 19.4640007019043 19.4050006866455 19.476001739502 19.5180015563965 19.5240001678467 19.476001739502 19.443000793457 19.4130001068115 19.4060001373291 19.4450016021729 19.4500007629395 19.4500007629395 19.5330009460449 19.6300010681152 19.6590003967285 19.6550006866455 19.6700000762939 19.6520004272461 19.6310005187988 19.6150016784668 19.4830017089844 19.4240016937256 19.4160003662109 19.5150012969971 19.605001449585 19.5840015411377 19.5580005645752 -3.4e+38 -3.4e+38 -3.4e+38 -3.4e+38 -3.4e+38 -3.4e+38 -3.4e+38 -3.4e+38 -3.4e+38 -3.4e+38 -3.4e+38 -3.4e+38 -3.4e+38 -3.4e+38 -3.4e+38 -3.4e+38 -3.4e+38 -3.4e+38
19.3470001220703 19.3770008087158 19.3050003051758 19.2990016937256 19.2130012512207 19.2250003814697 19.2790012359619 19.4130001068115 19.6270008087158 19.5470008850098 19.5340003967285 19.5330009460449 19.5330009460449 19.5160007476807 19.5060005187988 19.5070018768311 19.4550018310547 19.4670009613037 19.476001739502 19.5060005187988 19.5790004730225 19.6650009155273 19.7130012512207 19.7080001831055 19.7440013885498 19.7510013580322 19.7190017700195 19.6230010986328 19.5430011749268 19.5150012969971 19.5570011138916 19.6360015869141 19.6270008087158 -3.4e+38 -3.4e+38 -3.4e+38 -3.4e+38 -3.4e+38 -3.4e+38 -3.4e+38 -3.4e+38 -3.4e+38 -3.4e+38 -3.4e+38 -3.4e+38 -3.4e+38 -3.4e+38 -3.4e+38 -3.4e+38 -3.4e+38 -3.4e+38 -3.4e+38 -3.4e+38
19.3310012817383 19.314001083374 19.2970008850098 19.2630004882812 19.1640014648438 19.1770000457764 19.2520008087158 19.4110012054443 19.5820007324219 19.5430011749268 19.5390014648438 19.5460014343262 19.5430011749268 19.5380001068115 19.5230007171631 19.5370006561279 19.5230007171631 19.4970016479492 19.4850006103516 19.5130004882812 19.5930004119873 19.6700000762939 19.6980018615723 19.7650012969971 19.7850017547607 19.8090000152588 19.7980003356934 19.7610015869141 19.7310009002686 19.7000007629395 19.7040004730225 19.6570014953613 -3.4e+38 -3.4e+38 -3.4e+38 -3.4e+38 -3.4e+38 -3.4e+38 -3.4e+38 -3.4e+38 -3.4e+38 -3.4e+38 -3.4e+38 -3.4e+38 -3.4e+38 -3.4e+38 -3.4e+38 -3.4e+38 -3.4e+38 -3.4e+38 -3.4e+38 -3.4e+38 -3.4e+38
19.2910003662109 19.2350006103516 19.2270011901855 19.2200012207031 19.1710014343262 19.1670017242432 19.2950000762939 19.4490013122559 19.5160007476807 19.5240001678467 19.5170001983643 19.5610008239746 19.5480003356934 19.5480003356934 19.5700016021729 19.576000213623 19.57200050354 19.576000213623 19.6030006408691 19.5950012207031 19.6120014190674 19.6580009460449 19.7140007019043 19.7890014648438 19.8470001220703 19.8980007171631 19.94700050354 19.8900012969971 19.810001373291 19.7450008392334 -3.4e+38 -3.4e+38 -3.4e+38 -3.4e+38 -3.4e+38 -3.4e+38 -3.4e+38 -3.4e+38 -3.4e+38 -3.4e+38 -3.4e+38 -3.4e+38 -3.4e+38 -3.4e+38 -3.4e+38 -3.4e+38 -3.4e+38 -3.4e+38 -3.4e+38 -3.4e+38 -3.4e+38 -3.4e+38 -3.4e+38
19.2940006256104 19.185001373291 19.1390018463135 19.1319999694824 19.1330013275146 19.1980018615723 19.326000213623 19.4250011444092 19.4780006408691 19.4910011291504 19.5290012359619 19.564001083374 19.57200050354 19.5780010223389 19.6100006103516 19.6270008087158 19.6270008087158 19.7000007629395 19.7730007171631 19.7530002593994 19.7210006713867 19.7390003204346 19.7930011749268 19.8050003051758 19.8320007324219 19.9340000152588 19.9480018615723 19.8480014801025 -3.4e+38 -3.4e+38 -3.4e+38 -3.4e+38 -3.4e+38 -3.4e+38 -3.4e+38 -3.4e+38 -3.4e+38 -3.4e+38 -3.4e+38 -3.4e+38 -3.4e+38 -3.4e+38 -3.4e+38 -3.4e+38 -3.4e+38 -3.4e+38 -3.4e+38 -3.4e+38 -3.4e+38 -3.4e+38 -3.4e+38 -3.4e+38 -3.4e+38
19.226001739502 19.1950016021729 19.1070003509521 19.1150016784668 19.1480007171631 19.193000793457 19.2970008850098 19.3920001983643 19.4580001831055 19.4700012207031 19.5300006866455 19.564001083374 19.601001739502 19.6360015869141 19.6880016326904 19.7290000915527 19.7540016174316 19.8350009918213 19.8620014190674 19.7920017242432 19.8540000915527 19.851001739502 19.826000213623 19.8290004730225 19.8490009307861 19.8650016784668 19.8270015716553 -3.4e+38 -3.4e+38 -3.4e+38 -3.4e+38 -3.4e+38 -3.4e+38 -3.4e+38 -3.4e+38 -3.4e+38 -3.4e+38 -3.4e+38 -3.4e+38 -3.4e+38 -3.4e+38 -3.4e+38 -3.4e+38 -3.4e+38 -3.4e+38 -3.4e+38 -3.4e+38 -3.4e+38 -3.4e+38 -3.4e+38 -3.4e+38 -3.4e+38 -3.4e+38
19.2400016784668 19.2910003662109 19.2640018463135 19.2980003356934 19.310001373291 19.3350009918213 19.3770008087158 19.4280014038086 19.4610004425049 19.4820003509521 19.5350017547607 19.6060009002686 19.6860008239746 19.7590007781982 19.8280010223389 19.8900012969971 19.9280014038086 19.943000793457 19.9140014648438 19.9530010223389 19.9500007629395 19.8910007476807 19.8960018157959 19.9220008850098 19.8010005950928 19.7440013885498 -3.4e+38 -3.4e+38 -3.4e+38 -3.4e+38 -3.4e+38 -3.4e+38 -3.4e+38 -3.4e+38 -3.4e+38 -3.4e+38 -3.4e+38 -3.4e+38 -3.4e+38 -3.4e+38 -3.4e+38 -3.4e+38 -3.4e+38 -3.4e+38 -3.4e+38 -3.4e+38 -3.4e+38 -3.4e+38 -3.4e+38 -3.4e+38 -3.4e+38 -3.4e+38 -3.4e+38
19.2920017242432 19.3600006103516 19.363000869751 19.3660011291504 19.4490013122559 19.4890003204346 19.5120010375977 19.5330009460449 19.5510005950928 19.5860004425049 19.6340007781982 19.7320003509521 19.8030014038086 19.8790016174316 19.9250011444092 19.9650001525879 19.9850006103516 19.9560012817383 19.951000213623 19.9870014190674 19.9520015716553 19.9370002746582 19.9190006256104 19.8160018920898 19.7190017700195 -3.4e+38 -3.4e+38 -3.4e+38 -3.4e+38 -3.4e+38 -3.4e+38 -3.4e+38 -3.4e+38 -3.4e+38 -3.4e+38 -3.4e+38 -3.4e+38 -3.4e+38 -3.4e+38 -3.4e+38 -3.4e+38 -3.4e+38 -3.4e+38 -3.4e+38 -3.4e+38 -3.4e+38 -3.4e+38 -3.4e+38 -3.4e+38 -3.4e+38 -3.4e+38 -3.4e+38 -3.4e+38
