PresentLayers/tmean.asc
NCOLS 292 
NROWS 291 
XLLCORNER -87.6458333327872 
YLLCORNER 24.4791666666667 
CELLSIZE 0.0416666666669039 
NODATA_value -3.4e+38 
[rows 24 to 47 of 291, columns 106 to 158 of 292]
11.0470008850098 10.318000793457 11.5170001983643 11.1820001602173 11.7480001449585 12.5420007705688 12.9350004196167 12.326000213623 11.9590005874634 12.2260007858276 12.0860004425049 12.7490005493164 13.3900003433228 13.2800006866455 13.9040002822876 14.3080005645752 14.6400003433228 14.5490007400513 14.1840009689331 13.7920007705688 13.028000831604 12.452000617981 12.0830001831055 12.6200008392334 14.0200004577637 14.5230007171631 13.8970003128052 13.7250003814697 14.8970003128052 14.8940010070801 14.452000617981 14.6940002441406 14.8970003128052 14.6330003738403 13.456000328064 13.8280010223389 13.4150009155273 13.4080009460449 14.1070003509521 14.9650011062622 15.07200050354 15.1110010147095 15.0630006790161 15.2250003814697 15.3530006408691 15.7190008163452 15.8550004959106 15.8520011901855 15.9270009994507 15.9590005874634 15.8850011825562 15.7990007400513 15.8450012207031
11.5970001220703 10.5880002975464 10.5700006484985 11.0350008010864 11.8540000915527 12.0420007705688 12.621000289917 12.6690006256104 12.8070001602173 12.8800010681152 12.6550006866455 13.4000005722046 13.706000328064 13.7930002212524 13.818000793457 14.0130004882812 14.1830005645752 14.1260004043579 13.8830003738403 13.9270009994507 13.6680002212524 13.0970010757446 13.0170001983643 13.2540006637573 13.1630010604858 13.371000289917 13.8230009078979 15.0540008544922 14.2880010604858 14.6350002288818 15.0230007171631 14.443000793457 14.5650005340576 14.8540010452271 14.9290008544922 14.91100025177 14.9810009002686 14.7510004043579 15.0800008773804 15.0690002441406 15.2200002670288 15.0100011825562 15.0220003128052 15.2010011672974 15.3800010681152 15.7540006637573 15.9400005340576 15.9240007400513 15.7970008850098 15.7500009536743 15.7540006637573 15.8420009613037 15.9280004501343
11.2050008773804 10.8540000915527 11.1550006866455 11.4310007095337 11.4040002822876 12.1980009078979 12.4820003509521 12.0510005950928 12.5950002670288 12.5200004577637 12.2000007629395 13.1520004272461 13.4580001831055 13.1000003814697 13.282000541687 13.701000213623 13.8760004043579 13.903000831604 14.068000793457 13.8870010375977 13.6560010910034 12.6110010147095 13.4330005645752 13.4420003890991 13.7050008773804 14.7580003738403 15.28600025177 15.2190008163452 14.9990005493164 15.3700008392334 15.407000541687 15.3200006484985 15.3390007019043 14.7230005264282 14.9230003356934 15.0990009307861 15.2480010986328 15.3100004196167 15.3250007629395 15.3790006637573 15.4370002746582 15.2910003662109 15.1500005722046 15.3560009002686 15.6150007247925 15.9120006561279 16.0260009765625 15.9820003509521 15.6440010070801 15.7360010147095 15.8260011672974 15.9900007247925 16.0139999389648
11.6260004043579 10.6400003433228 9.97000026702881 11.0570001602173 11.8920001983643 12.1660003662109 11.5580005645752 12.2090005874634 12.3870010375977 12.1990003585815 11.742000579834 12.6770009994507 12.1850004196167 12.3620004653931 13.0860004425049 13.6700010299683 13.9500007629395 13.9180002212524 13.9400005340576 13.7620010375977 12.8570003509521 13.2100009918213 14.2150011062622 13.5550003051758 14.8200006484985 15.2290010452271 15.3840007781982 15.3900003433228 15.4100008010864 15.4870004653931 15.6070003509521 15.6290006637573 15.532000541687 15.2710008621216 15.0390005111694 14.899001121521 15.3110008239746 15.4280004501343 15.4700002670288 15.5360012054443 15.5360012054443 15.5400009155273 15.4720010757446 15.5340003967285 15.7200012207031 16.0040016174316 16.0370006561279 16.0220012664795 15.7890005111694 15.7320003509521 15.9580011367798 15.9870004653931 16.105001449585
11.91100025177 12.3070001602173 11.951000213623 11.57200050354 10.827000617981 11.5820007324219 11.0530004501343 11.8740005493164 11.0310001373291 11.492000579834 11.7180004119873 11.1850004196167 12.0860004425049 12.9480009078979 13.3470010757446 13.6820011138916 13.8890008926392 13.9670009613037 13.8610010147095 13.7590007781982 13.693000793457 13.818000793457 13.7850008010864 14.1470003128052 15.2710008621216 15.4860010147095 15.532000541687 15.4900007247925 15.4350004196167 15.5430011749268 15.5950002670288 15.5990009307861 15.57200050354 15.4810009002686 15.0700006484985 14.9870004653931 15.2480010986328 15.3690004348755 15.4440011978149 15.5260009765625 15.6080007553101 15.6040010452271 15.6840009689331 15.6780004501343 15.8800010681152 16.0349998474121 16.0920009613037 16.1370010375977 16.0869998931885 16.0520000457764 15.952000617981 16.1620006561279 16.2560005187988
13.5790004730225 12.6090002059937 11.8330001831055 11.028000831604 10.6180000305176 10.0100002288818 10.9570007324219 11.2000007629395 10.5420007705688 11.1400003433228 11.66100025177 12.0190010070801 11.992000579834 12.8720006942749 13.4860010147095 13.7600002288818 13.9000005722046 13.8080005645752 13.8410005569458 13.9440002441406 14.1520004272461 14.0880002975464 13.6240005493164 14.4360008239746 15.4680004119873 15.4860010147095 15.4810009002686 15.4660005569458 15.4000005722046 15.4480009078979 15.456000328064 15.5290002822876 15.57200050354 15.5410003662109 15.4090003967285 15.4200010299683 15.4710006713867 15.4670009613037 15.5100011825562 15.6270008087158 15.7390003204346 15.7070007324219 15.7770004272461 15.7980003356934 15.8400011062622 15.9780006408691 16.0470008850098 16.0520000457764 16.2080001831055 16.3210010528564 16.2600002288818 16.3120002746582 16.439001083374
13.8300008773804 13.0800008773804 12.2110004425049 11.8110008239746 11.7130002975464 10.9900007247925 10.3750009536743 10.3770008087158 9.7450008392334 11.0900001525879 12.0310001373291 12.2290010452271 12.5290002822876 13.1710004806519 13.6240005493164 13.7800006866455 13.7110004425049 13.6030006408691 13.9040002822876 14.0050010681152 14.2320003509521 14.3250007629395 14.4890003204346 15.6480007171631 15.6270008087158 15.6190004348755 15.5700006484985 15.5140008926392 15.5060005187988 15.4210004806519 15.4280004501343 15.44700050354 15.532000541687 15.5960006713867 15.5880002975464 15.577000617981 15.6230010986328 15.564001083374 15.581000328064 15.7150011062622 15.7930011749268 15.7170009613037 15.8840007781982 15.992000579834 15.984001159668 15.988000869751 16.1490001678467 16.1820011138916 16.3000011444092 16.3920001983643 16.4940013885498 16.4479999542236 16.556001663208
12.863000869751 13.5140008926392 13.1230010986328 12.4040002822876 11.3030004501343 10.8100004196167 10.8190002441406 10.456000328064 11.03600025177 12.1550006866455 12.7910003662109 13.0440006256104 13.2180004119873 13.4190006256104 13.6250009536743 13.653000831604 13.6760005950928 13.6650009155273 13.9370002746582 14.1820011138916 14.5050010681152 14.5290002822876 15.3530006408691 15.3120002746582 15.0490007400513 15.6650009155273 15.693000793457 15.6480007171631 15.6320009231567 15.5210008621216 15.4260005950928 15.4830007553101 15.5830011367798 15.6240005493164 15.7200012207031 15.6670007705688 15.6660003662109 15.6830005645752 15.6430006027222 15.6940011978149 15.7530012130737 15.7670011520386 15.9280004501343 16.0500011444092 16.056001663208 16.1290016174316 16.2150001525879 16.3050003051758 16.4040012359619 16.4630012512207 16.5650005340576 16.6100006103516 16.6620006561279
12.4270009994507 12.3100004196167 12.9870004653931 12.5410003662109 12.0920009613037 11.6500005722046 11.3150005340576 11.2680006027222 12.0100002288818 12.0790004730225 12.1870002746582 13.2040004730225 13.6360006332397 13.4940004348755 13.5910005569458 13.4450006484985 13.6550006866455 13.7760009765625 13.7160005569458 14.2400007247925 14.6160011291504 14.831000328064 14.9260005950928 15.3860006332397 15.9050006866455 15.939001083374 15.9050006866455 15.7790002822876 15.7390003204346 15.6790008544922 15.7290010452271 15.6760005950928 15.8090009689331 15.689001083374 15.7980003356934 15.7590007781982 15.7720003128052 15.7050008773804 15.6840009689331 15.6270008087158 15.7480010986328 15.778000831604 15.9700012207031 16.0850009918213 16.1430015563965 16.2000007629395 16.2840003967285 16.3860015869141 16.4440002441406 16.5250015258789 16.6290016174316 16.7470016479492 16.7350006103516
11.4150009155273 12.3130006790161 12.1500005722046 11.5780010223389 12.0250005722046 12.0880002975464 11.8150005340576 12.4900007247925 12.6390008926392 12.5540008544922 13.0210008621216 13.532000541687 13.3800010681152 13.1090002059937 13.6590003967285 13.367000579834 13.2700004577637 13.7360010147095 14.2320003509521 14.2580003738403 14.4130010604858 14.6880006790161 14.9850006103516 16.1690006256104 16.2450008392334 16.2100009918213 16.1330013275146 15.9900007247925 15.818000793457 15.6980009078979 15.6920003890991 15.8400011062622 15.9640007019043 15.8480005264282 15.8160009384155 15.7940006256104 15.7810010910034 15.7620010375977 15.746000289917 15.7410011291504 15.8240003585815 15.867000579834 16.0209999084473 16.121000289917 16.19700050354 16.2630004882812 16.3330001831055 16.443000793457 16.5380001068115 16.6560001373291 16.6330013275146 16.7189998626709 16.7520008087158
11.1330003738403 11.6460008621216 11.8010005950928 11.3090009689331 11.3780002593994 11.4600009918213 12.1750001907349 12.7640008926392 12.9800004959106 12.992000579834 13.3370008468628 13.2710008621216 12.7450008392334 12.8620004653931 13.2920007705688 13.4610004425049 13.5700006484985 14.1190004348755 14.4860010147095 14.9760007858276 15.3760004043579 14.581000328064 14.8790006637573 16.326000213623 16.3970012664795 16.3470001220703 16.2310009002686 16.0670013427734 15.9490003585815 15.7900009155273 15.7120008468628 15.7300004959106 15.7620010375977 15.7560005187988 15.7500009536743 15.7950010299683 15.814001083374 15.8070011138916 15.82200050354 15.8120002746582 15.8190011978149 15.8650007247925 16.0430011749268 16.1780014038086 16.2820014953613 16.3700008392334 16.44700050354 16.5150012969971 16.5540008544922 16.6080017089844 16.6560001373291 16.6800003051758 16.7880001068115
11.2880001068115 11.3000001907349 11.5660009384155 11.7700004577637 12.1600008010864 12.1990003585815 12.6350002288818 13.0160007476807 13.3350009918213 13.3060007095337 13.3110008239746 13.1880006790161 12.8410005569458 12.9950008392334 13.2250003814697 14.1730003356934 15.7120008468628 15.6910009384155 16.0840015411377 16.1440010070801 15.8790006637573 15.9110012054443 16.3940010070801 16.4600009918213 16.443000793457 16.4160003662109 16.314001083374 16.1650009155273 16.0160007476807 15.8390007019043 15.689001083374 15.8080005645752 15.8600006103516 15.8490009307861 15.8550004959106 15.8860006332397 15.899001121521 15.8580007553101 15.827000617981 15.7590007781982 15.8040008544922 15.9930009841919 16.0869998931885 16.2230014801025 16.3480014801025 16.4170017242432 16.4630012512207 16.5650005340576 16.5770015716553 16.57200050354 16.5690002441406 16.6230010986328 16.7370014190674
11.1350002288818 11.0270004272461 12.1810007095337 12.1300001144409 11.8550004959106 12.6470003128052 13.4450006484985 14.5890007019043 14.5400009155273 13.238000869751 12.9380006790161 12.9440002441406 13.189001083374 14.4080009460449 15.0300006866455 15.524001121521 16.0209999084473 16.0260009765625 16.2590007781982 16.2580013275146 16.5349998474121 16.5120010375977 16.5 16.5729999542236 16.5780010223389 16.4570007324219 16.3170013427734 16.1920013427734 16.0620002746582 15.9510011672974 15.9270009994507 16.0020008087158 16.0120010375977 15.988000869751 16.0110015869141 16.0209999084473 15.9730005264282 15.907000541687 15.8440008163452 15.7920007705688 15.8160009384155 15.9680004119873 15.9890003204346 16.0930004119873 16.2690010070801 16.4280014038086 16.4860000610352 16.5450000762939 16.5840015411377 16.6070003509521 16.6610012054443 16.6790008544922 16.69700050354
11.451000213623 12.3750009536743 13.0600004196167 12.0840005874634 12.121000289917 13.3060007095337 15.0570011138916 15.4630002975464 14.8880004882812 14.5600004196167 13.9740009307861 13.1340007781982 14.4280004501343 15.6600008010864 15.8410005569458 16.0240001678467 16.1040000915527 16.1990013122559 16.3350009918213 16.4090003967285 16.5729999542236 16.576000213623 16.6430015563965 16.6389999389648 16.6690006256104 16.6620006561279 16.5270004272461 16.363000869751 16.25 16.1590003967285 16.1750011444092 16.2220001220703 16.2310009002686 16.1940002441406 16.1380004882812 16.0900001525879 16.0320014953613 15.9900007247925 15.9780006408691 15.9290008544922 15.7560005187988 15.6610012054443 15.8840007781982 16.181001663208 16.2550010681152 16.3610000610352 16.4870014190674 16.5530014038086 16.5810012817383 16.6100006103516 16.6760005950928 16.6120014190674 16.6990013122559
13.6240005493164 13.4680004119873 13.1180009841919 12.6960010528564 12.9080009460449 14.9490003585815 15.2830009460449 15.5830011367798 15.2250003814697 15.6120004653931 15.4020004272461 15.5690011978149 15.8870010375977 16.0080013275146 16.0500011444092 16.1510009765625 16.3560009002686 16.326000213623 16.2580013275146 16.443000793457 16.5620002746582 16.5920009613037 16.689001083374 16.689001083374 16.693000793457 16.7360000610352 16.701000213623 16.6470012664795 16.5180015563965 16.4330005645752 16.4060001373291 16.4110012054443 16.3870010375977 16.3580017089844 16.2600002288818 16.2049999237061 16.0550003051758 16.0510005950928 15.9900007247925 15.9040002822876 15.9170007705688 15.9250011444092 16.0250015258789 16.246000289917 16.2950000762939 16.3580017089844 16.4450016021729 16.5180015563965 16.556001663208 16.6400012969971 16.7180004119873 16.6870002746582 16.6900005340576
14.1140003204346 14.0870008468628 14.064001083374 13.1660003662109 14.6440010070801 15.2080011367798 15.5660009384155 16.0610008239746 16.1790008544922 15.9280004501343 15.6160011291504 15.7470006942749 15.8380002975464 15.8240003585815 15.8010005950928 16.2119998931885 16.4000015258789 16.2430000305176 16.3280010223389 16.3930015563965 16.5770015716553 16.7049999237061 16.726001739502 16.7400016784668 16.7350006103516 16.7480010986328 16.7410011291504 16.6590003967285 16.6520004272461 16.6790008544922 16.6470012664795 16.5530014038086 16.4860000610352 16.4549999237061 16.3570003509521 16.3360004425049 16.2770004272461 16.1660003662109 16.0820007324219 16.0740013122559 16.0230007171631 16.0430011749268 16.2070007324219 16.2930011749268 16.3110008239746 16.3970012664795 16.4870014190674 16.621000289917 16.6730003356934 16.685001373291 16.689001083374 16.7119998931885 16.8070011138916
14.581000328064 14.8050003051758 14.8110008239746 15.2900009155273 15.6360006332397 15.8020009994507 15.7000007629395 16.2020015716553 16.1520004272461 16.1580009460449 15.9460010528564 16.1110000610352 16.1140003204346 16.0490016937256 15.9760007858276 16.1860008239746 16.355001449585 16.4530010223389 16.4870014190674 16.5250015258789 16.6490001678467 16.8270015716553 16.8700008392334 16.8470001220703 16.8320007324219 16.8050003051758 16.7410011291504 16.6950016021729 16.681001663208 16.7690010070801 16.7750015258789 16.6540012359619 16.5960006713867 16.5620002746582 16.5470008850098 16.443000793457 16.32200050354 16.2830009460449 16.2760009765625 16.1880016326904 16.1920013427734 16.1690006256104 16.193000793457 16.2259998321533 16.3190002441406 16.3570003509521 16.4720001220703 16.609001159668 16.7520008087158 16.7720012664795 16.6870002746582 16.6360015869141 16.7960014343262
15.1340007781982 15.2720003128052 15.4570007324219 15.7610006332397 16.0349998474121 16.0470008850098 16.0510005950928 16.318000793457 16.5500011444092 16.3250007629395 16.1450004577637 16.3500003814697 16.3770008087158 16.2950000762939 16.2520008087158 16.3680000305176 16.4340000152588 16.480001449585 16.5090007781982 16.6780014038086 16.863000869751 16.951000213623 16.9230003356934 16.9040012359619 16.8930015563965 16.8240013122559 16.7900009155273 16.6990013122559 16.6730003356934 16.6280002593994 16.7290000915527 16.7000007629395 16.7049999237061 16.6740016937256 16.621000289917 16.5610008239746 16.4549999237061 16.3660011291504 16.2900009155273 16.314001083374 16.3000011444092 16.3400001525879 16.3120002746582 16.3770008087158 16.4320011138916 16.367000579834 16.4570007324219 16.6720008850098 16.7670001983643 16.7990016937256 16.7440013885498 16.5790004730225 16.7189998626709
15.4260005950928 15.6960010528564 15.7850008010864 16.1040000915527 16.230001449585 16.3560009002686 16.5440006256104 16.6610012054443 16.7060012817383 16.3740005493164 16.2849998474121 16.4400005340576 16.3520011901855 16.3229999542236 16.3439998626709 16.4290008544922 16.4530010223389 16.5380001068115 16.5520000457764 16.6730003356934 16.8850002288818 16.939001083374 16.9200000762939 16.8790016174316 16.8570003509521 16.8500003814697 16.7690010070801 16.6900005340576 16.564001083374 16.5790004730225 16.6220016479492 16.8030014038086 16.8080005645752 16.6670017242432 16.4980010986328 16.44700050354 16.4790000915527 16.484001159668 16.4780006408691 16.4980010986328 16.5410003662109 16.492000579834 16.4130001068115 16.4680004119873 16.3800010681152 16.4290008544922 16.5799999237061 16.7470016479492 16.8110008239746 16.7760009765625 16.7520008087158 16.7180004119873 16.7980003356934
15.7830009460449 15.8150005340576 16.1570014953613 16.2650012969971 16.3540000915527 16.4810009002686 16.6690006256104 16.9200000762939 17.0790004730225 16.6529998779297 16.5480003356934 16.5510005950928 16.3730010986328 16.4099998474121 16.5139999389648 16.5279998779297 16.5080013275146 16.4780006408691 16.4810009002686 16.4770011901855 16.601001739502 16.7220001220703 16.7740001678467 16.7590007781982 16.7620010375977 16.7760009765625 16.7709999084473 16.6490001678467 16.5550003051758 16.5230007171631 16.5780010223389 16.7650012969971 16.730001449585 16.6260013580322 16.5400009155273 16.4560012817383 16.4240016937256 16.5279998779297 16.5349998474121 16.5670013427734 16.6660003662109 16.6220016479492 16.5510005950928 16.4890003204346 16.4790000915527 16.6330013275146 16.7200012207031 16.8000011444092 16.9060001373291 16.8520011901855 16.7830009460449 16.8210010528564 16.9280014038086
16.1909999847412 16.185001373291 16.2920017242432 16.3090000152588 16.4860000610352 16.7560005187988 17.0050010681152 17.1840000152588 17.0980014801025 16.8460006713867 16.9700012207031 16.6480007171631 16.6150016784668 16.5580005645752 16.6840000152588 16.6500015258789 16.6150016784668 16.5890007019043 16.5170001983643 16.3540000915527 16.3480014801025 16.4670009613037 16.5740013122559 16.6500015258789 16.6650009155273 16.6909999847412 16.6599998474121 16.5540008544922 16.5920009613037 16.6110000610352 16.5900001525879 16.6490001678467 16.617000579834 16.488000869751 16.4270000457764 16.3840007781982 16.3480014801025 16.5370006561279 16.6260013580322 16.7270011901855 16.7690010070801 16.8340015411377 16.8150005340576 16.7820014953613 16.7450008392334 16.6790008544922 16.6740016937256 16.6760005950928 16.7160015106201 16.75 16.7750015258789 16.8040008544922 16.9000015258789
16.4380016326904 16.5710010528564 16.4770011901855 16.5850009918213 16.7370014190674 16.8600006103516 17.2230014801025 17.2690010070801 17.4580001831055 17.318000793457 16.9250011444092 16.8700008392334 16.6610012054443 16.6870002746582 16.7400016784668 16.6909999847412 16.6940002441406 16.6710014343262 16.6150016784668 16.5430011749268 16.4890003204346 16.4650001525879 16.4860000610352 16.560001373291 16.5750007629395 16.5939998626709 16.5040016174316 16.4720001220703 16.5120010375977 16.5960006713867 16.6529998779297 16.6350002288818 16.5190010070801 16.3910007476807 16.3200016021729 16.3850002288818 16.4700012207031 16.5910015106201 16.7370014190674 16.9070014953613 17.0170001983643 17.060001373291 17.0450000762939 16.9600009918213 16.8690013885498 16.7550010681152 16.6630001068115 16.5580005645752 16.5740013122559 16.6260013580322 16.7049999237061 16.7900009155273 16.863000869751
16.8819999694824 16.9040012359619 16.7450008392334 16.738000869751 16.9530010223389 17.0390014648438 17.2060012817383 17.5280017852783 17.6080017089844 17.306001663208 17.068000793457 16.818000793457 16.7310009002686 16.7100009918213 16.7610015869141 16.7540016174316 16.7540016174316 16.742000579834 16.7250003814697 16.6529998779297 16.6270008087158 16.5400009155273 16.5010013580322 16.5110015869141 16.5060005187988 16.5150012969971 16.5410003662109 16.5840015411377 16.5480003356934 16.5729999542236 16.6470012664795 16.6420001983643 16.613000869751 16.5490016937256 16.3870010375977 16.4010009765625 16.5430011749268 16.7210006713867 16.8650016784668 17.0279998779297 17.1610012054443 17.2240009307861 17.19700050354 17.0860004425049 16.9540004730225 16.7880001068115 16.6920013427734 16.6510009765625 16.6490001678467 16.6730003356934 16.7090015411377 16.7910003662109 16.863000869751
17.1000003814697 17.0360012054443 16.9420013427734 17.0350017547607 16.8760013580322 17.109001159668 17.4710006713867 17.4040012359619 17.5220012664795 17.2230014801025 16.9330005645752 16.7080001831055 16.5069999694824 16.6599998474121 16.8120002746582 16.8250007629395 16.818000793457 16.8229999542236 16.7490005493164 16.6660003662109 16.6580009460449 16.6120014190674 16.5740013122559 16.6389999389648 16.6030006408691 16.5620002746582 16.6450004577637 16.605001449585 16.6070003509521 16.609001159668 16.6470012664795 16.6610012054443 16.6670017242432 16.6070003509521 16.5480003356934 16.5330009460449 16.6560001373291 16.7709999084473 16.9580001831055 17.1180000305176 17.2770004272461 17.3210010528564 17.2070007324219 17.056001663208 16.9580001831055 16.8470001220703 16.7900009155273 16.7540016174316 16.7740001678467 16.8500003814697 16.9020004272461 16.9860000610352 16.9810009002686
