PresentLayers/tmean.asc
NCOLS 292 
NROWS 291 
XLLCORNER -87.6458333327872 
YLLCORNER 24.4791666666667 
CELLSIZE 0.0416666666669039 
NODATA_value -3.4e+38 
[rows 96 to 119 of 291, columns 53 to 105 of 292]
-3.4e+38 -3.4e+38 -3.4e+38 -3.4e+38 -3.4e+38 -3.4e+38 -3.4e+38 -3.4e+38 -3.4e+38 18.9500007629395 18.9530010223389 18.859001159668 18.7230014801025 18.7710018157959 18.6780014038086 18.8130016326904 18.8540000915527 18.9050006866455 18.9409999847412 18.8680000305176 18.7940006256104 18.7190017700195 18.6830005645752 18.6310005187988 18.8540000915527 19.0210018157959 19.1160011291504 19.1960010528564 19.2700004577637 19.2520008087158 19.1690006256104 19.1319999694824 19.1750011444092 19.2470016479492 19.1600017547607 19.0880012512207 19.113000869751 19.2210006713867 19.3830013275146 19.4480018615723 19.318000793457 19.2120018005371 19.1610012054443 19.1610012054443 19.181001663208 19.230001449585 19.113000869751 19.0350017547607 18.9620018005371 18.9320011138916 18.8850002288818 18.8560009002686 18.8229999542236
-3.4e+38 -3.4e+38 -3.4e+38 -3.4e+38 -3.4e+38 -3.4e+38 -3.4e+38 -3.4e+38 -3.4e+38 -3.4e+38 18.9630012512207 18.984001159668 19.0650005340576 19.1030006408691 18.9950008392334 19.0110015869141 19.0050010681152 19.076000213623 19.0470008850098 19.0540008544922 18.9500007629395 18.8370018005371 18.7910003662109 18.7190017700195 18.859001159668 19.056001663208 19.2110004425049 19.3000011444092 19.3360004425049 19.3170013427734 19.1980018615723 19.185001373291 19.2670001983643 19.3440017700195 19.3340015411377 19.1620006561279 19.238000869751 19.3300018310547 19.5220012664795 19.689001083374 19.8070011138916 19.5740013122559 19.3830013275146 19.2530002593994 19.2310009002686 19.2430000305176 19.1570014953613 19.0659999847412 18.9690017700195 18.9270000457764 18.9130001068115 18.8860015869141 18.8460006713867
-3.4e+38 -3.4e+38 -3.4e+38 -3.4e+38 -3.4e+38 -3.4e+38 -3.4e+38 -3.4e+38 -3.4e+38 -3.4e+38 -3.4e+38 19.1880016326904 19.2290000915527 19.1720008850098 19.0250015258789 19.0260009765625 18.9580001831055 18.9750003814697 18.9220008850098 18.8850002288818 18.9140014648438 18.8800010681152 18.8460006713867 18.8270015716553 18.8310012817383 19.0230007171631 19.2040004730225 19.3350009918213 19.2750015258789 19.2630004882812 19.2240009307861 19.2290000915527 19.3240013122559 19.4050006866455 19.4330005645752 19.2520008087158 19.3240013122559 19.484001159668 19.6470012664795 19.8760013580322 19.9250011444092 19.8230018615723 19.5940017700195 19.3840007781982 19.238000869751 19.1790008544922 19.1600017547607 19.07200050354 19.0060005187988 18.9360008239746 18.9280014038086 18.9250011444092 18.9130001068115
-3.4e+38 -3.4e+38 -3.4e+38 -3.4e+38 -3.4e+38 -3.4e+38 -3.4e+38 -3.4e+38 -3.4e+38 -3.4e+38 -3.4e+38 19.1410007476807 19.0840015411377 19.0010013580322 19.0060005187988 19.0260009765625 18.9930000305176 18.9070014953613 18.8610000610352 18.9060001373291 18.8600006103516 18.7790012359619 18.8940010070801 18.7550010681152 18.8340015411377 18.9360008239746 19.0450000762939 19.1520004272461 19.2100009918213 19.2000007629395 19.1470012664795 19.2110004425049 19.2990016937256 19.3960018157959 19.3450012207031 19.2530002593994 19.3210010528564 19.4810009002686 19.6180000305176 19.7560005187988 19.8380012512207 19.7140007019043 19.5800018310547 19.5050010681152 19.2710018157959 19.1940002441406 19.1700000762939 19.0850009918213 19.0040016174316 18.9460010528564 18.9260005950928 18.9490013122559 18.9360008239746
-3.4e+38 -3.4e+38 -3.4e+38 -3.4e+38 -3.4e+38 -3.4e+38 -3.4e+38 -3.4e+38 -3.4e+38 -3.4e+38 -3.4e+38 18.9990005493164 18.9750003814697 19.0250015258789 19.0240001678467 19.0110015869141 18.9730014801025 18.9160003662109 18.871000289917 18.9230003356934 18.9570007324219 18.7590007781982 18.8360004425049 18.8660011291504 18.8570003509521 18.9850006103516 19.0090007781982 19.0980014801025 19.1360015869141 19.1520004272461 19.1140003204346 19.1700000762939 19.2780017852783 19.3920001983643 19.2660007476807 19.2930011749268 19.310001373291 19.3780002593994 19.4930000305176 19.6180000305176 19.6350002288818 19.5850009918213 19.5570011138916 19.4900016784668 19.4170017242432 19.3420009613037 19.2680015563965 19.0430011749268 18.9830017089844 18.9560012817383 18.9380016326904 18.9630012512207 18.9680004119873
-3.4e+38 -3.4e+38 -3.4e+38 -3.4e+38 -3.4e+38 -3.4e+38 -3.4e+38 -3.4e+38 -3.4e+38 -3.4e+38 -3.4e+38 18.9330005645752 18.939001083374 18.9450016021729 18.9780006408691 18.9460010528564 18.9260005950928 18.8470001220703 18.7860012054443 18.818000793457 18.7930011749268 18.7930011749268 18.8800010681152 18.9590015411377 18.9450016021729 18.8940010070801 18.9640007019043 19.0290012359619 19.1520004272461 19.1880016326904 19.2050018310547 19.2550010681152 19.3440017700195 19.4610004425049 19.32200050354 19.2770004272461 19.2780017852783 19.3410015106201 19.2080001831055 19.1870002746582 19.226001739502 19.2160015106201 19.2690010070801 19.1870002746582 19.2560005187988 19.2210006713867 19.2440013885498 19.0120010375977 18.9730014801025 18.9810009002686 18.9520015716553 18.9650001525879 19.0160007476807
-3.4e+38 -3.4e+38 -3.4e+38 -3.4e+38 -3.4e+38 -3.4e+38 -3.4e+38 -3.4e+38 -3.4e+38 -3.4e+38 18.8170013427734 18.8810005187988 18.9180011749268 18.931001663208 18.9280014038086 18.9120006561279 18.9080009460449 18.8350009918213 18.7730007171631 18.7980003356934 18.8460006713867 18.8159999847412 18.8620014190674 18.9260005950928 18.9560012817383 18.931001663208 18.9980010986328 19.1190013885498 19.0830001831055 19.1220016479492 19.1290016174316 19.3010005950928 19.3350009918213 19.4230003356934 19.2810001373291 19.2390003204346 19.2690010070801 19.3350009918213 19.0200004577637 19.0950012207031 19.19700050354 19.1530017852783 19.2070007324219 19.1740016937256 19.0610008239746 19.0290012359619 19.0740013122559 19.0030002593994 18.9780006408691 19.0080013275146 19.0400009155273 19.0240001678467 19.0630016326904
-3.4e+38 -3.4e+38 -3.4e+38 -3.4e+38 -3.4e+38 -3.4e+38 -3.4e+38 -3.4e+38 -3.4e+38 -3.4e+38 -3.4e+38 -3.4e+38 18.875 18.9230003356934 18.9670009613037 18.9280014038086 18.8680000305176 18.8000011444092 18.806001663208 18.8540000915527 18.8360004425049 18.8080005645752 18.7920017242432 18.8130016326904 18.9140014648438 18.9010009765625 19.0530014038086 19.0950012207031 19.1740016937256 19.1300010681152 19.0990009307861 19.0900001525879 19.2680015563965 19.4409999847412 19.306001663208 19.2820014953613 19.2870006561279 19.3020000457764 19.1000003814697 19.0840015411377 19.2020015716553 19.2480010986328 19.3020000457764 19.2900009155273 19.109001159668 18.9190006256104 18.9020004272461 18.9820003509521 18.9850006103516 19.0659999847412 19.0990009307861 19.1160011291504 19.1530017852783
-3.4e+38 -3.4e+38 -3.4e+38 -3.4e+38 -3.4e+38 -3.4e+38 -3.4e+38 -3.4e+38 -3.4e+38 -3.4e+38 -3.4e+38 -3.4e+38 -3.4e+38 18.9100017547607 18.9380016326904 18.9660015106201 18.9550018310547 18.8940010070801 18.8040008544922 18.8229999542236 18.8420009613037 18.8480014801025 18.82200050354 18.8610000610352 18.8370018005371 18.7930011749268 18.7910003662109 18.8229999542236 18.8480014801025 18.935001373291 19.0659999847412 19.1510009765625 19.2280006408691 19.4520015716553 19.3690013885498 19.3410015106201 19.2190017700195 19.2430000305176 19.2150001525879 19.2030010223389 19.2400016784668 19.2920017242432 19.2520008087158 19.2800006866455 19.1630001068115 19.0800018310547 18.9900016784668 19.0030002593994 19.1080017089844 19.0700016021729 19.1100006103516 19.2070007324219 19.2590007781982
-3.4e+38 -3.4e+38 -3.4e+38 -3.4e+38 -3.4e+38 -3.4e+38 -3.4e+38 -3.4e+38 -3.4e+38 -3.4e+38 -3.4e+38 -3.4e+38 18.9110012054443 18.9460010528564 18.9830017089844 18.9870014190674 18.9650001525879 18.9340000152588 18.9300003051758 18.9270000457764 18.9000015258789 18.875 18.7810001373291 18.7950000762939 18.9110012054443 18.871000289917 18.867000579834 18.82200050354 18.8530006408691 18.8250007629395 18.8650016784668 19.0090007781982 19.1190013885498 19.3870010375977 19.3790016174316 19.2490005493164 19.2880001068115 19.375 19.3030014038086 19.318000793457 19.3310012817383 19.3040008544922 19.2840003967285 19.2569999694824 19.1950016021729 19.1180000305176 19.0980014801025 19.1300010681152 19.1960010528564 19.1730003356934 19.1920013427734 19.2580013275146 19.3070011138916
-3.4e+38 -3.4e+38 -3.4e+38 -3.4e+38 -3.4e+38 -3.4e+38 -3.4e+38 -3.4e+38 -3.4e+38 -3.4e+38 18.7720012664795 18.9500007629395 18.9570007324219 18.9750003814697 19 18.9860000610352 18.9950008392334 18.9790000915527 19.0030002593994 18.9670009613037 18.943000793457 18.8610000610352 18.8780002593994 18.8240013122559 18.8080005645752 18.976001739502 18.8960018157959 18.9030017852783 18.7870006561279 18.7270011901855 18.8280010223389 18.8380012512207 18.9990005493164 19.310001373291 19.4530010223389 19.3410015106201 19.4560012817383 19.4460010528564 19.4360008239746 19.4130001068115 19.3460006713867 19.3410015106201 19.3830013275146 19.3610000610352 19.2660007476807 19.2620010375977 19.2770004272461 19.2860012054443 19.2920017242432 19.2590007781982 19.2610015869141 19.3150005340576 19.3610000610352
-3.4e+38 -3.4e+38 -3.4e+38 -3.4e+38 -3.4e+38 -3.4e+38 -3.4e+38 -3.4e+38 -3.4e+38 18.7560005187988 18.9040012359619 18.9750003814697 18.9740009307861 18.988000869751 19.0010013580322 19.0240001678467 18.9940013885498 19.0150012969971 18.9790000915527 18.996000289917 19.0030002593994 19 19.0740013122559 18.9130001068115 18.8730010986328 18.8850002288818 19.0510005950928 19.0580005645752 18.8830013275146 18.7280006408691 18.742000579834 18.7690010070801 18.9600009918213 19.1740016937256 19.5430011749268 19.4630012512207 19.5050010681152 19.568000793457 19.5920009613037 19.5390014648438 19.4870014190674 19.375 19.3530006408691 19.3830013275146 19.3600006103516 19.3770008087158 19.4110012054443 19.367000579834 19.3890018463135 19.3780002593994 19.3330001831055 19.3360004425049 19.3740005493164
-3.4e+38 -3.4e+38 -3.4e+38 -3.4e+38 -3.4e+38 -3.4e+38 -3.4e+38 -3.4e+38 -3.4e+38 18.9450016021729 18.9790000915527 18.9910011291504 19.0490016937256 19.0710010528564 19.0470008850098 19.0250015258789 18.9950008392334 18.992000579834 19.0040016174316 18.9940013885498 19.0150012969971 19.0050010681152 19.0980014801025 19.0100002288818 19.1300010681152 18.9730014801025 19.0490016937256 19.064001083374 19.0290012359619 18.8450012207031 18.7980003356934 19.0250015258789 19.0890007019043 19.3150005340576 19.6060009002686 19.6560001373291 19.617000579834 19.6620006561279 19.6760005950928 19.6780014038086 19.617000579834 19.4250011444092 19.3070011138916 19.4240016937256 19.3760013580322 19.3950004577637 19.4630012512207 19.4560012817383 19.4320011138916 19.3990001678467 19.3520011901855 19.3490009307861 19.3970012664795
-3.4e+38 -3.4e+38 -3.4e+38 -3.4e+38 -3.4e+38 -3.4e+38 -3.4e+38 -3.4e+38 -3.4e+38 19.2000007629395 19.1540012359619 19.0980014801025 19.0740013122559 19.0370006561279 19.0230007171631 19.0170001983643 18.9810009002686 18.976001739502 18.9520015716553 18.9640007019043 18.9820003509521 19.0430011749268 19.2190017700195 19.201000213623 19.1580009460449 19.0360012054443 19.0900001525879 19.0360012054443 19.1040000915527 19.1180000305176 19.0700016021729 19.2520008087158 19.3840007781982 19.4409999847412 19.6590003967285 19.7940006256104 19.730001449585 19.7560005187988 19.7510013580322 19.7660007476807 19.7900009155273 19.6640014648438 19.4440002441406 19.3850002288818 19.3450012207031 19.4420013427734 19.4740009307861 19.480001449585 19.4570007324219 19.3940010070801 19.351001739502 19.3920001983643 19.4450016021729
-3.4e+38 -3.4e+38 -3.4e+38 -3.4e+38 -3.4e+38 -3.4e+38 -3.4e+38 -3.4e+38 -3.4e+38 19.314001083374 19.2080001831055 19.1070003509521 19.0460014343262 19.0020008087158 18.9700012207031 18.9290008544922 18.9420013427734 18.9700012207031 18.9460010528564 18.9380016326904 18.9550018310547 18.9860000610352 19.2210006713867 19.3070011138916 19.1570014953613 19.1400012969971 19.1670017242432 19.1909999847412 19.2890014648438 19.2980003356934 19.3690013885498 19.3230018615723 19.4100017547607 19.5510005950928 19.6470012664795 19.7900009155273 19.8240013122559 19.8400001525879 19.8870010375977 19.9060001373291 19.9260005950928 19.8250007629395 19.57200050354 19.5500011444092 19.4990005493164 19.4250011444092 19.5260009765625 19.4930000305176 19.492000579834 19.4910011291504 19.4900016784668 19.4409999847412 19.443000793457
-3.4e+38 -3.4e+38 -3.4e+38 -3.4e+38 -3.4e+38 -3.4e+38 -3.4e+38 -3.4e+38 -3.4e+38 19.2790012359619 19.1860008239746 19.117000579834 19.076000213623 19.0180015563965 18.980001449585 18.9830017089844 18.9950008392334 18.9620018005371 18.9370002746582 18.9450016021729 18.9970016479492 19.1390018463135 19.1500015258789 19.2780017852783 19.3870010375977 19.3000011444092 19.2800006866455 19.3690013885498 19.3530006408691 19.4560012817383 19.443000793457 19.375 19.4380016326904 19.5460014343262 19.6000003814697 19.6860008239746 19.8040008544922 19.8850002288818 19.9210014343262 19.9260005950928 19.8430004119873 19.6830005645752 19.613000869751 19.605001449585 19.5940017700195 19.5070018768311 19.5450000762939 19.6240005493164 19.6550006866455 19.6620006561279 19.6590003967285 19.5659999847412 19.5030002593994
-3.4e+38 -3.4e+38 -3.4e+38 -3.4e+38 -3.4e+38 -3.4e+38 -3.4e+38 -3.4e+38 19.3230018615723 19.1750011444092 19.101001739502 19.076000213623 19.0840015411377 19.0470008850098 19.0170001983643 18.992000579834 18.9790000915527 18.9400005340576 18.9550018310547 19.0150012969971 19.0260009765625 19.064001083374 19.121000289917 19.2730007171631 19.4210014343262 19.4870014190674 19.3580017089844 19.4010009765625 19.439001083374 19.5080013275146 19.4930000305176 19.4070014953613 19.4280014038086 19.5220012664795 19.5200004577637 19.5480003356934 19.6830005645752 19.75 19.8490009307861 19.8870010375977 19.8280010223389 19.6680011749268 19.6760005950928 19.5210018157959 19.5410003662109 19.5990009307861 19.6110000610352 19.7240009307861 19.7560005187988 19.7060012817383 19.6600017547607 19.6470012664795 19.5710010528564
-3.4e+38 -3.4e+38 -3.4e+38 -3.4e+38 -3.4e+38 -3.4e+38 -3.4e+38 -3.4e+38 19.2120018005371 19.0670013427734 19.0450000762939 19.0920009613037 19.0960006713867 19.0990009307861 19.0740013122559 19.0350017547607 18.992000579834 18.9930000305176 19.0130004882812 19.117000579834 19.1350002288818 19.1909999847412 19.193000793457 19.1790008544922 19.3280010223389 19.480001449585 19.5300006866455 19.5260009765625 19.5090007781982 19.5440006256104 19.5250015258789 19.4700012207031 19.4040012359619 19.4650001525879 19.4930000305176 19.5220012664795 19.5830001831055 19.621000289917 19.701000213623 19.7590007781982 19.5990009307861 19.5870018005371 19.6000003814697 19.5890007019043 19.5770015716553 19.617000579834 19.7110004425049 19.738000869751 19.7850017547607 19.7290000915527 19.7100009918213 19.6550006866455 19.625
-3.4e+38 -3.4e+38 -3.4e+38 -3.4e+38 -3.4e+38 -3.4e+38 -3.4e+38 19.3130016326904 19.234001159668 19.1570014953613 19.117000579834 19.1180000305176 19.1080017089844 19.0970001220703 19.0780010223389 19.0550003051758 19.0350017547607 19.068000793457 19.1670017242432 19.0910015106201 19.234001159668 19.2620010375977 19.2530002593994 19.2360000610352 19.3360004425049 19.3490009307861 19.439001083374 19.5230007171631 19.5530014038086 19.5520000457764 19.5930004119873 19.5330009460449 19.4530010223389 19.4440002441406 19.488000869751 19.5540008544922 19.5520000457764 19.6190013885498 19.6730003356934 19.6640014648438 19.5270004272461 19.5750007629395 19.5880012512207 19.6610012054443 19.5960006713867 19.6350002288818 19.689001083374 19.7590007781982 19.8050003051758 19.7730007171631 19.7740001678467 19.75 19.730001449585
-3.4e+38 -3.4e+38 -3.4e+38 -3.4e+38 -3.4e+38 -3.4e+38 -3.4e+38 19.2970008850098 19.2560005187988 19.2070007324219 19.193000793457 19.1730003356934 19.1190013885498 19.0700016021729 19.0370006561279 19.0340003967285 19.0770015716553 19.1410007476807 19.1490001678467 19.2270011901855 19.2200012207031 19.2840003967285 19.25 19.3340015411377 19.3830013275146 19.371000289917 19.4950008392334 19.5540008544922 19.6070003509521 19.564001083374 19.5770015716553 19.6000003814697 19.5280017852783 19.4870014190674 19.6030006408691 19.5350017547607 19.5470008850098 19.5850009918213 19.5980014801025 19.5830001831055 19.488000869751 19.5340003967285 19.6120014190674 19.6300010681152 19.6220016479492 19.6330013275146 19.7080001831055 19.82200050354 19.8760013580322 19.9140014648438 19.9090003967285 19.8980007171631 19.8930015563965
-3.4e+38 -3.4e+38 -3.4e+38 -3.4e+38 -3.4e+38 -3.4e+38 -3.4e+38 -3.4e+38 19.3640003204346 19.3330001831055 19.2780017852783 19.2060012817383 19.1770000457764 19.1340007781982 19.0690002441406 19.0700016021729 19.1190013885498 19.1980018615723 19.1750011444092 19.2040004730225 19.326000213623 19.3190002441406 19.3400001525879 19.3819999694824 19.4340000152588 19.4720001220703 19.496000289917 19.601001739502 19.6950016021729 19.6610012054443 19.601001739502 19.6390018463135 19.5740013122559 19.5659999847412 19.6590003967285 19.6340007781982 19.6350002288818 19.6150016784668 19.5850009918213 19.496000289917 19.4270000457764 19.5410003662109 19.6150016784668 19.6350002288818 19.6500015258789 19.6740016937256 19.7320003509521 19.8650016784668 19.9180011749268 19.996000289917 20.0780010223389 20.113000869751 20.1200008392334
-3.4e+38 -3.4e+38 -3.4e+38 -3.4e+38 -3.4e+38 -3.4e+38 -3.4e+38 -3.4e+38 19.431001663208 19.3980007171631 19.3660011291504 19.3050003051758 19.2410011291504 19.2070007324219 19.2170009613037 19.2730007171631 19.2550010681152 19.2870006561279 19.2990016937256 19.3350009918213 19.3610000610352 19.4490013122559 19.3770008087158 19.4320011138916 19.4630012512207 19.5210018157959 19.488000869751 19.6290016174316 19.681001663208 19.734001159668 19.6900005340576 19.6770000457764 19.6220016479492 19.6280002593994 19.6720008850098 19.6990013122559 19.6680011749268 19.6370010375977 19.6380004882812 19.5850009918213 19.5010013580322 19.5870018005371 19.5970001220703 19.6300010681152 19.6990013122559 19.7210006713867 19.7930011749268 19.9080009460449 19.9570007324219 20.0440006256104 20.1830005645752 20.2840003967285 20.2690010070801
-3.4e+38 -3.4e+38 -3.4e+38 -3.4e+38 -3.4e+38 -3.4e+38 -3.4e+38 -3.4e+38 19.5620002746582 19.5120010375977 19.4600009918213 19.4270000457764 19.3560009002686 19.3570003509521 19.3440017700195 19.363000869751 19.4010009765625 19.4180011749268 19.4290008544922 19.4400005340576 19.4720001220703 19.4990005493164 19.4500007629395 19.5040016174316 19.5780010223389 19.5860004425049 19.6150016784668 19.6620006561279 19.7230014801025 19.7630004882812 19.7110004425049 19.6860008239746 19.6530017852783 19.6520004272461 19.7430000305176 19.7140007019043 19.7080001831055 19.7080001831055 19.6770000457764 19.6500015258789 19.5810012817383 19.6280002593994 19.6990013122559 19.6940002441406 19.7120018005371 19.7700004577637 19.859001159668 19.9720001220703 20.0260009765625 20.0810012817383 20.1760005950928 20.2730007171631 20.2680015563965
-3.4e+38 -3.4e+38 -3.4e+38 -3.4e+38 -3.4e+38 -3.4e+38 -3.4e+38 -3.4e+38 -3.4e+38 19.5960006713867 19.568000793457 19.5450000762939 19.488000869751 19.4520015716553 19.4560012817383 19.4530010223389 19.484001159668 19.5340003967285 19.4970016479492 19.484001159668 19.5080013275146 19.556001663208 19.5450000762939 19.6220016479492 19.6610012054443 19.6870002746582 19.7180004119873 19.738000869751 19.7870006561279 19.7920017242432 19.8200016021729 19.7820014953613 19.7580013275146 19.7580013275146 19.7130012512207 19.6900005340576 19.7530002593994 19.75 19.7510013580322 19.6920013427734 19.6420001983643 19.6960010528564 19.7000007629395 19.730001449585 19.7710018157959 19.7760009765625 19.8610000610352 19.9820003509521 20.0250015258789 20.0660018920898 20.1630001068115 20.1770000457764 20.189001083374
