PresentLayers/tmean.asc
NCOLS 292 
NROWS 291 
XLLCORNER -87.6458333327872 
YLLCORNER 24.4791666666667 
CELLSIZE 0.0416666666669039 
NODATA_value -3.4e+38 
[rows 24 to 47 of 291, columns 212 to 264 of 292]
15.9220008850098 15.8930006027222 15.8770008087158 15.859001159668 15.871000289917 15.8850011825562 15.8880004882812 15.9400005340576 16.0220012664795 16.1459999084473 16.2770004272461 16.3390007019043 16.2990016937256 16.2990016937256 16.3450012207031 16.3480014801025 16.2490005493164 16.2569999694824 16.4810009002686 16.6110000610352 16.6420001983643 16.6750011444092 16.7520008087158 16.8330001831055 16.875 16.8120002746582 16.7950000762939 16.8400001525879 16.8870010375977 16.8990001678467 16.9230003356934 16.8730010986328 16.8810005187988 16.9029998779297 16.9270000457764 16.9830017089844 16.988000869751 17.0030002593994 17.0540008544922 17.07200050354 17.0850009918213 17.0110015869141 16.9250011444092 16.9830017089844 17.0550003051758 17.1020011901855 17.1000003814697 17.0960006713867 17.1070003509521 17.0960006713867 17.1280002593994 17.1380004882812 17.1260013580322
16.0090007781982 16.0279998779297 16.0540008544922 16.0220012664795 16.0030002593994 16.0010013580322 16.0050010681152 16.1009998321533 16.2430000305176 16.3800010681152 16.496000289917 16.4990005493164 16.4150009155273 16.3870010375977 16.4220008850098 16.4619998931885 16.3940010070801 16.4120006561279 16.5550003051758 16.560001373291 16.568000793457 16.6700000762939 16.7310009002686 16.7690010070801 16.8439998626709 16.8980007171631 16.8400001525879 16.8730010986328 16.9110012054443 16.935001373291 17.0010013580322 16.9770011901855 16.9370002746582 16.9230003356934 16.9460010528564 16.935001373291 16.9740009307861 17.0100002288818 17.0670013427734 17.0810012817383 17.1420001983643 17.1680011749268 17.1040000915527 17.1300010681152 17.1920013427734 17.2290000915527 17.1990013122559 17.1940002441406 17.2280006408691 17.2370014190674 17.2320003509521 17.1880016326904 17.1630001068115
16.1750011444092 16.1710014343262 16.2119998931885 16.1570014953613 16.1580009460449 16.1150016784668 16.1060009002686 16.2090015411377 16.3540000915527 16.3720016479492 16.5180015563965 16.5160007476807 16.443000793457 16.4340000152588 16.4970016479492 16.5670013427734 16.560001373291 16.560001373291 16.5470008850098 16.5550003051758 16.6150016784668 16.6700000762939 16.7670001983643 16.7970008850098 16.8720016479492 16.9090003967285 16.8819999694824 16.8439998626709 16.9150009155273 16.9740009307861 17.0510005950928 17.0890007019043 17.0180015563965 17.0080013275146 16.9700012207031 17.0150012969971 17.0790004730225 17.1150016784668 17.1380004882812 17.1529998779297 17.1860008239746 17.2170009613037 17.2350006103516 17.3090000152588 17.3520011901855 17.355001449585 17.3050003051758 17.3000011444092 17.3210010528564 17.3380012512207 17.2510013580322 17.2049999237061 17.1750011444092
16.4000015258789 16.4549999237061 16.4420013427734 16.3980007171631 16.3430004119873 16.3280010223389 16.2779998779297 16.318000793457 16.4200000762939 16.4290008544922 16.5010013580322 16.5190010070801 16.4970016479492 16.5250015258789 16.5360012054443 16.5820007324219 16.7090015411377 16.7620010375977 16.7040004730225 16.6070003509521 16.605001449585 16.7080001831055 16.7970008850098 16.8530006408691 16.8410015106201 16.8690013885498 16.9080009460449 16.9210014343262 17 17.1410007476807 17.2200012207031 17.2450008392334 17.1979999542236 17.1550006866455 17.1630001068115 17.1920013427734 17.2180004119873 17.2150001525879 17.2150001525879 17.2240009307861 17.2290000915527 17.2569999694824 17.2550010681152 17.3000011444092 17.363000869751 17.3570003509521 17.314001083374 17.3400001525879 17.3500003814697 17.3030014038086 17.2610015869141 17.2290000915527 17.230001449585
16.6560001373291 16.7970008850098 16.7550010681152 16.621000289917 16.5320014953613 16.4080009460449 16.4080009460449 16.5460014343262 16.5230007171631 16.5220012664795 16.57200050354 16.5860004425049 16.6040000915527 16.6420001983643 16.6780014038086 16.7430000305176 16.7760009765625 16.7830009460449 16.7650012969971 16.7130012512207 16.7530002593994 16.826000213623 16.871000289917 16.8940010070801 16.9300003051758 16.9660015106201 16.9580001831055 16.9570007324219 17.1110000610352 17.3120002746582 17.4740009307861 17.4700012207031 17.4140014648438 17.3200016021729 17.314001083374 17.2970008850098 17.2890014648438 17.2590007781982 17.2910003662109 17.2730007171631 17.2870006561279 17.3290004730225 17.3369998931885 17.351001739502 17.4120006561279 17.3990001678467 17.3870010375977 17.3770008087158 17.3450012207031 17.318000793457 17.3130016326904 17.355001449585 17.3640003204346
16.8650016784668 17.0230007171631 16.9360008239746 16.746000289917 16.6490001678467 16.6260013580322 16.6389999389648 16.621000289917 16.5430011749268 16.5890007019043 16.5950012207031 16.6480007171631 16.7370014190674 16.7900009155273 16.8730010986328 16.9020004272461 16.9400005340576 16.9850006103516 17.0470008850098 17.0160007476807 17.0490016937256 17.0160007476807 17.0050010681152 17.0260009765625 17.0410003662109 17.0200004577637 17.0450000762939 17.1060009002686 17.2280006408691 17.4160003662109 17.5300006866455 17.4970016479492 17.5150012969971 17.4400005340576 17.3950004577637 17.3520011901855 17.3290004730225 17.363000869751 17.351001739502 17.3350009918213 17.3560009002686 17.3860015869141 17.3900012969971 17.3970012664795 17.4420013427734 17.4710006713867 17.4570007324219 17.4520015716553 17.4210014343262 17.3440017700195 17.3970012664795 17.4990005493164 17.5190010070801
16.988000869751 16.9830017089844 16.9300003051758 16.859001159668 16.851001739502 16.8240013122559 16.7779998779297 16.7670001983643 16.6770000457764 16.6750011444092 16.6880016326904 16.6790008544922 16.6140003204346 16.6650009155273 16.7779998779297 16.8159999847412 16.8650016784668 16.8540000915527 17.1190013885498 17.2290000915527 17.2900009155273 17.1570014953613 17.0740013122559 17.0430011749268 17.060001373291 17.0770015716553 17.0939998626709 17.1440010070801 17.1950016021729 17.2910003662109 17.4130001068115 17.4150009155273 17.4590015411377 17.4080009460449 17.3900012969971 17.3880004882812 17.3690013885498 17.3830013275146 17.4050006866455 17.4100017547607 17.4110012054443 17.4690017700195 17.484001159668 17.5040016174316 17.5580005645752 17.5799999237061 17.5690002441406 17.5030002593994 17.443000793457 17.3780002593994 17.3860015869141 17.4549999237061 17.6020011901855
16.8990001678467 16.9320011138916 16.9700012207031 16.9549999237061 16.9460010528564 16.9130001068115 16.9070014953613 16.8930015563965 16.7860012054443 16.7350006103516 16.734001159668 16.6410007476807 16.601001739502 16.6740016937256 16.7450008392334 16.7770004272461 16.9280014038086 16.9460010528564 16.935001373291 16.9740009307861 17.1940002441406 17.2330017089844 17.1180000305176 17.0420017242432 17.0390014648438 17.0580005645752 17.105001449585 17.1290016174316 17.1680011749268 17.2110004425049 17.2590007781982 17.3340015411377 17.3120002746582 17.3010005950928 17.2900009155273 17.3410015106201 17.4210014343262 17.4110012054443 17.4290008544922 17.5060005187988 17.5240001678467 17.5520000457764 17.6180000305176 17.6620006561279 17.6670017242432 17.6410007476807 17.609001159668 17.5450000762939 17.4970016479492 17.4520015716553 17.4040012359619 17.4250011444092 17.5920009613037
17.0400009155273 17.0430011749268 17.0360012054443 16.9660015106201 16.9490013122559 16.9850006103516 16.9850006103516 16.9360008239746 16.867000579834 16.7400016784668 16.6800003051758 16.6730003356934 16.6620006561279 16.69700050354 16.7310009002686 16.810001373291 16.9029998779297 16.9200000762939 16.8889999389648 16.9130001068115 17.0300006866455 17.1020011901855 17.0830001831055 17.0450000762939 17.0310001373291 17.0390014648438 17.0480003356934 17.0690002441406 17.056001663208 17.0960006713867 17.1400012969971 17.1860008239746 17.2020015716553 17.2280006408691 17.2569999694824 17.3050003051758 17.371000289917 17.4230003356934 17.5010013580322 17.6110000610352 17.6990013122559 17.7110004425049 17.734001159668 17.7370014190674 17.7180004119873 17.69700050354 17.6690006256104 17.6000003814697 17.5520000457764 17.5069999694824 17.4630012512207 17.439001083374 17.5250015258789
17.1909999847412 17.2119998931885 17.0770015716553 17.0300006866455 17.0120010375977 17.0130004882812 17.0540008544922 17.0410003662109 17.0240001678467 16.8950004577637 16.8110008239746 16.7670001983643 16.7390003204346 16.7569999694824 16.7980003356934 16.8070011138916 16.826000213623 16.8600006103516 16.8810005187988 16.9180011749268 16.94700050354 17.0020008087158 17.0220012664795 17.0240001678467 17.0150012969971 16.9549999237061 16.9560012817383 16.9490013122559 16.94700050354 16.9490013122559 16.9320011138916 17.0330009460449 17.0939998626709 17.1580009460449 17.2550010681152 17.3229999542236 17.4080009460449 17.4150009155273 17.5050010681152 17.6820011138916 17.7960014343262 17.7970008850098 17.746000289917 17.7610015869141 17.7780017852783 17.7700004577637 17.7480010986328 17.6620006561279 17.5630016326904 17.4980010986328 17.4670009613037 17.4780006408691 17.576000213623
17.3080005645752 17.2920017242432 17.2060012817383 17.1770000457764 17.1220016479492 17.117000579834 17.125 17.1380004882812 17.0810012817383 17.0360012054443 16.9400005340576 16.8520011901855 16.8110008239746 16.8159999847412 16.8400001525879 16.8330001831055 16.8720016479492 16.8650016784668 16.875 16.9180011749268 16.9380016326904 16.9380016326904 16.9820003509521 17.0100002288818 16.9930000305176 16.9580001831055 16.9540004730225 16.9820003509521 16.8950004577637 16.8940010070801 16.9300003051758 17.0410003662109 17.1120014190674 17.2049999237061 17.326000213623 17.3800010681152 17.4420013427734 17.5220012664795 17.6180000305176 17.7310009002686 17.7610015869141 17.7960014343262 17.7840003967285 17.7890014648438 17.7709999084473 17.7610015869141 17.7540016174316 17.6830005645752 17.5530014038086 17.4610004425049 17.4420013427734 17.4970016479492 17.6330013275146
17.2980003356934 17.2870006561279 17.2830009460449 17.2480010986328 17.193000793457 17.2000007629395 17.1920013427734 17.1720008850098 17.1230010986328 17.07200050354 17.0170001983643 16.9180011749268 16.9010009765625 16.9110012054443 16.8540000915527 16.855001449585 16.8860015869141 16.8700008392334 16.867000579834 16.8790016174316 16.9050006866455 16.9000015258789 16.9290008544922 16.9650001525879 16.9740009307861 16.9549999237061 16.9810009002686 16.9850006103516 16.951000213623 16.9500007629395 16.9970016479492 17.0590000152588 17.1900005340576 17.3240013122559 17.3850002288818 17.4560012817383 17.5390014648438 17.6020011901855 17.6640014648438 17.6960010528564 17.6610012054443 17.7220001220703 17.7470016479492 17.7600002288818 17.7280006408691 17.7270011901855 17.7190017700195 17.685001373291 17.5740013122559 17.4720001220703 17.4380016326904 17.492000579834 17.6440010070801
17.2870006561279 17.3250007629395 17.3369998931885 17.310001373291 17.2870006561279 17.2750015258789 17.2830009460449 17.2590007781982 17.1710014343262 17.1560001373291 17.0840015411377 17.0080013275146 16.9260005950928 16.9220008850098 16.9080009460449 16.8870010375977 16.9000015258789 16.9100017547607 16.8450012207031 16.8210010528564 16.8570003509521 16.8439998626709 16.8959999084473 16.9370002746582 16.976001739502 16.996000289917 17.0190010070801 17.0330009460449 17.0310001373291 17.0550003051758 17.0570011138916 17.1770000457764 17.2610015869141 17.3650016784668 17.4479999542236 17.4940013885498 17.5530014038086 17.6440010070801 17.693000793457 17.7020015716553 17.7280006408691 17.738000869751 17.82200050354 17.7980003356934 17.7400016784668 17.7100009918213 17.7220001220703 17.7090015411377 17.6370010375977 17.5430011749268 17.4970016479492 17.5410003662109 17.7020015716553
17.3830013275146 17.3810005187988 17.3980007171631 17.3620014190674 17.2870006561279 17.3070011138916 17.32200050354 17.3090000152588 17.2430000305176 17.2400016784668 17.1690006256104 17.0820007324219 16.9560012817383 16.9500007629395 16.9340000152588 16.9110012054443 16.8990001678467 16.8730010986328 16.8380012512207 16.8439998626709 16.8159999847412 16.8050003051758 16.8090000152588 16.8920001983643 16.9950008392334 17.0250015258789 17.0390014648438 17.0650005340576 17.0780010223389 17.0910015106201 17.117000579834 17.2160015106201 17.2569999694824 17.2930011749268 17.3819999694824 17.496000289917 17.6180000305176 17.6690006256104 17.6700000762939 17.7049999237061 17.7190017700195 17.7230014801025 17.8050003051758 17.8120002746582 17.7330017089844 17.7610015869141 17.7820014953613 17.7639999389648 17.6660003662109 17.5860004425049 17.5400009155273 17.5980014801025 17.7510013580322
17.4370002746582 17.4230003356934 17.4420013427734 17.4170017242432 17.3740005493164 17.3490009307861 17.3680000305176 17.3360004425049 17.2870006561279 17.2800006866455 17.2880001068115 17.2440013885498 17.1000003814697 17.0700016021729 17.0430011749268 16.9700012207031 16.9050006866455 16.8439998626709 16.7760009765625 16.8540000915527 16.8790016174316 16.8870010375977 16.8860015869141 16.9380016326904 17.0430011749268 17.0500011444092 17.0540008544922 17.0890007019043 17.1120014190674 17.0880012512207 17.113000869751 17.1660003662109 17.1909999847412 17.2630004882812 17.3530006408691 17.4650001525879 17.5550003051758 17.6470012664795 17.6610012054443 17.6840000152588 17.7390003204346 17.7390003204346 17.75 17.7850017547607 17.7580013275146 17.7560005187988 17.7900009155273 17.8270015716553 17.7330017089844 17.6450004577637 17.5630016326904 17.5840015411377 17.6530017852783
17.5069999694824 17.5090007781982 17.4980010986328 17.476001739502 17.4080009460449 17.3680000305176 17.359001159668 17.2950000762939 17.2920017242432 17.3210010528564 17.3369998931885 17.3490009307861 17.2430000305176 17.1640014648438 17.101001739502 17.0530014038086 16.9810009002686 16.8970012664795 16.8380012512207 16.8600006103516 16.8850002288818 16.9070014953613 16.9260005950928 17.0310001373291 17.1389999389648 17.1180000305176 17.0810012817383 17.0729999542236 17.0939998626709 17.0850009918213 17.0900001525879 17.1150016784668 17.2080001831055 17.2580013275146 17.3819999694824 17.4619998931885 17.5 17.6120014190674 17.6860008239746 17.7150001525879 17.7440013885498 17.7440013885498 17.7720012664795 17.8280010223389 17.8700008392334 17.8740005493164 17.8730010986328 17.8470001220703 17.8030014038086 17.7400016784668 17.6480007171631 17.5900001525879 17.5810012817383
17.6290016174316 17.5590000152588 17.5100002288818 17.4950008392334 17.4530010223389 17.3770008087158 17.3090000152588 17.318000793457 17.318000793457 17.355001449585 17.3050003051758 17.3200016021729 17.2650012969971 17.2049999237061 17.1780014038086 17.1120014190674 17.0590000152588 17.0050010681152 16.9460010528564 16.9490013122559 16.943000793457 16.9409999847412 16.996000289917 17.076000213623 17.0840015411377 17.1440010070801 17.1280002593994 17.0980014801025 17.0840015411377 17.068000793457 17.1040000915527 17.0990009307861 17.2320003509521 17.3070011138916 17.4150009155273 17.4600009918213 17.5440006256104 17.6000003814697 17.6550006866455 17.6979999542236 17.7600002288818 17.7860012054443 17.8380012512207 17.8819999694824 17.9120006561279 17.9400005340576 17.9590015411377 17.9140014648438 17.8470001220703 17.7880001068115 17.7350006103516 17.6830005645752 17.6650009155273
17.6330013275146 17.5770015716553 17.5310001373291 17.5010013580322 17.4830017089844 17.3840007781982 17.3620014190674 17.3360004425049 17.3270015716553 17.2980003356934 17.2860012054443 17.2900009155273 17.2510013580322 17.242000579834 17.2210006713867 17.1690006256104 17.1350002288818 17.101001739502 17.0630016326904 17.0290012359619 17.0360012054443 17.0710010528564 17.1110000610352 17.1360015869141 17.1420001983643 17.1780014038086 17.1600017547607 17.1529998779297 17.1529998779297 17.1360015869141 17.185001373291 17.1960010528564 17.3229999542236 17.4060001373291 17.4560012817383 17.5130004882812 17.5650005340576 17.5780010223389 17.6650009155273 17.69700050354 17.7610015869141 17.8120002746582 17.8690013885498 17.9060001373291 17.9260005950928 17.9440002441406 17.9440002441406 17.8860015869141 17.8390007019043 17.7860012054443 17.7450008392334 17.7360000610352 17.7450008392334
17.6330013275146 17.5650005340576 17.5270004272461 17.5240001678467 17.5 17.4230003356934 17.4460010528564 17.351001739502 17.3120002746582 17.3110008239746 17.2680015563965 17.2840003967285 17.2840003967285 17.2880001068115 17.2860012054443 17.2660007476807 17.2410011291504 17.1909999847412 17.1450004577637 17.1640014648438 17.1710014343262 17.1750011444092 17.2140007019043 17.2040004730225 17.2390003204346 17.2320003509521 17.2200012207031 17.234001159668 17.2220001220703 17.19700050354 17.2360000610352 17.3680000305176 17.4770011901855 17.5030002593994 17.5390014648438 17.5940017700195 17.5840015411377 17.617000579834 17.6940002441406 17.7230014801025 17.7750015258789 17.8420009613037 17.9100017547607 17.943000793457 17.9070014953613 17.8680000305176 17.8040008544922 17.7690010070801 17.7930011749268 17.7830009460449 17.7639999389648 17.7569999694824 17.7330017089844
17.5980014801025 17.5400009155273 17.5240001678467 17.5260009765625 17.5 17.4450016021729 17.4770011901855 17.4380016326904 17.3650016784668 17.3310012817383 17.3070011138916 17.3050003051758 17.3280010223389 17.3500003814697 17.3500003814697 17.318000793457 17.2810001373291 17.2450008392334 17.2230014801025 17.2480010986328 17.2580013275146 17.2510013580322 17.2790012359619 17.2610015869141 17.2880001068115 17.2660007476807 17.2750015258789 17.2790012359619 17.2770004272461 17.2660007476807 17.3170013427734 17.4370002746582 17.6350002288818 17.6770000457764 17.6570014953613 17.6630001068115 17.6979999542236 17.7310009002686 17.7860012054443 17.8310012817383 17.8640003204346 17.9420013427734 18 17.9900016784668 17.8340015411377 17.685001373291 17.5710010528564 17.5620002746582 17.6600017547607 17.7180004119873 17.7060012817383 17.7370014190674 17.7290000915527
17.601001739502 17.5570011138916 17.556001663208 17.5580005645752 17.568000793457 17.560001373291 17.5420017242432 17.492000579834 17.4640007019043 17.3700008392334 17.3490009307861 17.3889999389648 17.3580017089844 17.3700008392334 17.3640003204346 17.3650016784668 17.3530006408691 17.318000793457 17.306001663208 17.2680015563965 17.2830009460449 17.3200016021729 17.3310012817383 17.3440017700195 17.3400001525879 17.3290004730225 17.3200016021729 17.3080005645752 17.3030014038086 17.3410015106201 17.4570007324219 17.5420017242432 17.7020015716553 17.8040008544922 17.8080005645752 17.8090000152588 17.851001739502 17.9000015258789 17.9530010223389 17.9790000915527 17.9050006866455 17.9790000915527 17.9790000915527 17.9300003051758 17.7720012664795 17.6440010070801 17.5690002441406 17.57200050354 17.6640014648438 17.7530002593994 17.7650012969971 17.8190002441406 17.8480014801025
17.7350006103516 17.7230014801025 17.6420001983643 17.601001739502 17.6840000152588 17.6800003051758 17.6620006561279 17.556001663208 17.5320014953613 17.4650001525879 17.4100017547607 17.44700050354 17.4280014038086 17.4029998779297 17.4170017242432 17.4380016326904 17.4360008239746 17.3970012664795 17.3830013275146 17.3480014801025 17.3340015411377 17.3910007476807 17.4360008239746 17.4320011138916 17.4250011444092 17.3950004577637 17.375 17.371000289917 17.3580017089844 17.4220008850098 17.5260009765625 17.6550006866455 17.8170013427734 17.9160003662109 17.9570007324219 17.9900016784668 18.0190010070801 18.0220012664795 18.0390014648438 17.9910011291504 17.9100017547607 17.8889999389648 17.94700050354 17.9420013427734 17.8290004730225 17.7450008392334 17.6740016937256 17.7110004425049 17.7940006256104 17.8330001831055 17.8560009002686 17.8600006103516 17.8700008392334
17.7450008392334 17.7480010986328 17.726001739502 17.6370010375977 17.6470012664795 17.609001159668 17.6040000915527 17.576000213623 17.5790004730225 17.5590000152588 17.5139999389648 17.4740009307861 17.4700012207031 17.4700012207031 17.4619998931885 17.4990005493164 17.5180015563965 17.480001449585 17.4619998931885 17.4340000152588 17.4330005645752 17.4630012512207 17.4940013885498 17.5130004882812 17.492000579834 17.4790000915527 17.4700012207031 17.4590015411377 17.4580001831055 17.5300006866455 17.6150016784668 17.7350006103516 17.8920001983643 17.9680004119873 17.9820003509521 18.0799999237061 18.0780010223389 18 17.9440002441406 17.8780002593994 17.871000289917 17.9340000152588 17.9680004119873 17.943000793457 -3.4e+38 -3.4e+38 -3.4e+38 -3.4e+38 -3.4e+38 -3.4e+38 -3.4e+38 -3.4e+38 -3.4e+38
17.7140007019043 17.7350006103516 17.726001739502 17.6950016021729 17.6560001373291 17.5510005950928 17.5590000152588 17.5810012817383 17.5900001525879 17.5900001525879 17.5810012817383 17.5820007324219 17.5330009460449 17.4890003204346 17.5170001983643 17.5590000152588 17.6110000610352 17.5880012512207 17.5530014038086 17.5280017852783 17.5250015258789 17.5350017547607 17.568000793457 17.5910015106201 17.5740013122559 17.5350017547607 17.5370006561279 17.5520000457764 17.5890007019043 17.6490001678467 17.7450008392334 17.8740005493164 17.9400005340576 17.943000793457 17.94700050354 18.0340003967285 17.9600009918213 17.8770008087158 17.8270015716553 17.8770008087158 -3.4e+38 -3.4e+38 -3.4e+38 -3.4e+38 -3.4e+38 -3.4e+38 -3.4e+38 -3.4e+38 -3.4e+38 -3.4e+38 -3.4e+38 -3.4e+38 -3.4e+38
