PresentLayers/tmin.asc
NCOLS 292 
NROWS 291 
XLLCORNER -87.6458333327872 
YLLCORNER 24.4791666666667 
CELLSIZE 0.0416666666669039 
NODATA_value -3.4e+38 
[rows 96 to 119 of 291, columns 53 to 105 of 292]
-3.4e+38 -3.4e+38 -3.4e+38 -3.4e+38 -3.4e+38 -3.4e+38 -3.4e+38 -3.4e+38 -3.4e+38 13.157000541687 13.1680002212524 13.1270008087158 13.0540008544922 13.0350008010864 12.8350009918213 12.9580001831055 12.9550008773804 13.0090007781982 13.077000617981 12.9590005874634 12.8890008926392 12.7850008010864 12.7090005874634 12.6430006027222 12.8890008926392 13.0210008621216 13.0870008468628 13.1310005187988 13.1950006484985 13.1470003128052 13.077000617981 13.0740003585815 13.1640005111694 13.282000541687 13.1560010910034 13.0610008239746 13.0920009613037 13.2100009918213 13.3900003433228 13.451000213623 13.2570009231567 13.1640005111694 13.16100025177 13.2000007629395 13.2550010681152 13.3500003814697 13.1120004653931 12.9800004959106 12.8840007781982 12.8570003509521 12.7880010604858 12.7160005569458 12.6340007781982
-3.4e+38 -3.4e+38 -3.4e+38 -3.4e+38 -3.4e+38 -3.4e+38 -3.4e+38 -3.4e+38 -3.4e+38 -3.4e+38 13.1710004806519 13.3360004425049 13.4290008544922 13.4240007400513 13.1960010528564 13.1910009384155 13.1400003433228 13.1900005340576 13.1500005722046 13.1590003967285 13.0650005340576 12.9090003967285 12.831000328064 12.7740001678467 12.9170007705688 13.1250009536743 13.2400007247925 13.2850008010864 13.3290004730225 13.2910003662109 13.1550006866455 13.1630010604858 13.28600025177 13.3900003433228 13.3760004043579 13.1440010070801 13.2210006713867 13.3190002441406 13.5110006332397 13.6660003662109 13.8020009994507 13.5560007095337 13.3860006332397 13.2760009765625 13.28600025177 13.2870006561279 13.1390008926392 13.0120010375977 12.8830003738403 12.8350009918213 12.8060007095337 12.7190008163452 12.6460008621216
-3.4e+38 -3.4e+38 -3.4e+38 -3.4e+38 -3.4e+38 -3.4e+38 -3.4e+38 -3.4e+38 -3.4e+38 -3.4e+38 -3.4e+38 13.4790010452271 13.5200004577637 13.4170007705688 13.2210006713867 13.1360006332397 13.0070009231567 12.9970006942749 12.9490003585815 12.8990001678467 12.9360008239746 12.8940010070801 12.8510007858276 12.8820009231567 12.8920001983643 13.1000003814697 13.2700004577637 13.3500003814697 13.3130006790161 13.2680006027222 13.201000213623 13.2400007247925 13.3740005493164 13.4820003509521 13.5030002593994 13.2340002059937 13.3040008544922 13.4710006713867 13.6430006027222 13.8960008621216 13.951000213623 13.8830003738403 13.649001121521 13.4140005111694 13.2450008392334 13.1630010604858 13.0940008163452 12.9690008163452 12.867000579834 12.8200006484985 12.7970008850098 12.7340002059937 12.69700050354
-3.4e+38 -3.4e+38 -3.4e+38 -3.4e+38 -3.4e+38 -3.4e+38 -3.4e+38 -3.4e+38 -3.4e+38 -3.4e+38 -3.4e+38 13.2240009307861 13.2150001525879 13.1490001678467 13.1040010452271 13.0840005874634 13.0090007781982 12.9150009155273 12.8550004959106 12.8830003738403 12.8100004196167 12.7150001525879 12.8590002059937 12.7360010147095 12.8520002365112 12.988000869751 13.1090002059937 13.1850004196167 13.1640005111694 13.1630010604858 13.1200008392334 13.1940002441406 13.3570003509521 13.4970006942749 13.4000005722046 13.2640008926392 13.3200006484985 13.488000869751 13.6190004348755 13.7850008010864 13.903000831604 13.7770004272461 13.6460008621216 13.5590009689331 13.2640008926392 13.1490001678467 13.0590009689331 12.9210004806519 12.8590002059937 12.7750005722046 12.7710008621216 12.7300004959106 12.7290010452271
-3.4e+38 -3.4e+38 -3.4e+38 -3.4e+38 -3.4e+38 -3.4e+38 -3.4e+38 -3.4e+38 -3.4e+38 -3.4e+38 -3.4e+38 12.8600006103516 12.9970006942749 13.0060005187988 13.0230007171631 13.0190010070801 12.9950008392334 12.9100008010864 12.8060007095337 12.8990001678467 12.9500007629395 12.7130002975464 12.8380002975464 12.8930006027222 12.8430004119873 13.0130004882812 13.0750007629395 13.1460008621216 13.1070003509521 13.1100006103516 13.0970010757446 13.1710004806519 13.3550004959106 13.4890003204346 13.3020009994507 13.3200006484985 13.32200050354 13.3800010681152 13.5070009231567 13.657000541687 13.6750001907349 13.6280002593994 13.6000003814697 13.5220003128052 13.4100008010864 13.3100004196167 13.1620006561279 12.8680009841919 12.8110008239746 12.7540006637573 12.7510004043579 12.7270002365112 12.7170009613037
-3.4e+38 -3.4e+38 -3.4e+38 -3.4e+38 -3.4e+38 -3.4e+38 -3.4e+38 -3.4e+38 -3.4e+38 -3.4e+38 -3.4e+38 12.6330003738403 12.8040008544922 12.8940010070801 12.9130010604858 12.9240007400513 12.9240007400513 12.831000328064 12.7810001373291 12.8020009994507 12.7920007705688 12.8010005950928 12.907000541687 13.0120010375977 12.9890003204346 12.9090003967285 12.9940004348755 13.0590009689331 13.1640005111694 13.202000617981 13.2100009918213 13.2750005722046 13.407000541687 13.5830001831055 13.3950004577637 13.3190002441406 13.3000001907349 13.3570003509521 13.1860008239746 13.153000831604 13.1880006790161 13.1640005111694 13.2150001525879 13.1080007553101 13.1700010299683 13.0820007324219 13.0580005645752 12.831000328064 12.7680006027222 12.7760009765625 12.7610006332397 12.7640008926392 12.7600002288818
-3.4e+38 -3.4e+38 -3.4e+38 -3.4e+38 -3.4e+38 -3.4e+38 -3.4e+38 -3.4e+38 -3.4e+38 -3.4e+38 12.3520002365112 12.5500001907349 12.7120008468628 12.7710008621216 12.8300008773804 12.8370008468628 12.8590002059937 12.7810001373291 12.7830009460449 12.8420009613037 12.8700008392334 12.8510007858276 12.9050006866455 12.9890003204346 13.0330009460449 12.9770002365112 13.0400009155273 13.1550006866455 13.0970010757446 13.1380004882812 13.1630010604858 13.3510007858276 13.4330005645752 13.5490007400513 13.3610010147095 13.2960004806519 13.3090009689331 13.3700008392334 12.9940004348755 13.0670003890991 13.1750001907349 13.1100006103516 13.1500005722046 13.0860004425049 12.9140005111694 12.8190002441406 12.7990007400513 12.7320003509521 12.7450008392334 12.7900009155273 12.8460006713867 12.8640003204346 12.8650007247925
-3.4e+38 -3.4e+38 -3.4e+38 -3.4e+38 -3.4e+38 -3.4e+38 -3.4e+38 -3.4e+38 -3.4e+38 -3.4e+38 -3.4e+38 -3.4e+38 12.5610008239746 12.6990003585815 12.8740005493164 12.8840007781982 12.8130006790161 12.7800006866455 12.8390007019043 12.8990001678467 12.8340005874634 12.8460006713867 12.8350009918213 12.8810005187988 12.9770002365112 12.9550008773804 13.1180009841919 13.1200008392334 13.202000617981 13.1590003967285 13.1440010070801 13.1630010604858 13.3900003433228 13.5740003585815 13.4090003967285 13.3510007858276 13.3390007019043 13.3350009918213 13.0990009307861 13.0750007629395 13.206000328064 13.246000289917 13.2650003433228 13.206000328064 12.9540004730225 12.6770009994507 12.5790004730225 12.6420001983643 12.7090005874634 12.8070001602173 12.9060001373291 12.9840002059937 13.0490007400513
-3.4e+38 -3.4e+38 -3.4e+38 -3.4e+38 -3.4e+38 -3.4e+38 -3.4e+38 -3.4e+38 -3.4e+38 -3.4e+38 -3.4e+38 -3.4e+38 -3.4e+38 12.6910009384155 12.7760009765625 12.8850002288818 12.9550008773804 12.9340009689331 12.8450002670288 12.8680009841919 12.8600006103516 12.8900003433228 12.8940010070801 12.9270009994507 12.8700008392334 12.8330001831055 12.82200050354 12.8280010223389 12.8390007019043 12.9690008163452 13.1290006637573 13.246000289917 13.3590002059937 13.5970010757446 13.4820003509521 13.4250001907349 13.2640008926392 13.28600025177 13.2400007247925 13.2330007553101 13.2610006332397 13.3050003051758 13.2240009307861 13.19700050354 13.0140008926392 12.8570003509521 12.6860008239746 12.6880006790161 12.827000617981 12.8300008773804 12.9550008773804 13.1020002365112 13.2040004730225
-3.4e+38 -3.4e+38 -3.4e+38 -3.4e+38 -3.4e+38 -3.4e+38 -3.4e+38 -3.4e+38 -3.4e+38 -3.4e+38 -3.4e+38 -3.4e+38 12.6740007400513 12.7850008010864 12.8930006027222 12.939001083374 12.9280004501343 12.9900007247925 13.0100002288818 13.0230007171631 12.9750003814697 12.9650001525879 12.8350009918213 12.827000617981 12.951000213623 12.9040002822876 12.9180002212524 12.8780002593994 12.9230003356934 12.9000005722046 12.9290008544922 13.0710010528564 13.2410001754761 13.5260009765625 13.5030002593994 13.3370008468628 13.3430004119873 13.4300003051758 13.3470010757446 13.3490009307861 13.3540010452271 13.3170003890991 13.2740001678467 13.2110004425049 13.081000328064 12.9500007629395 12.8840007781982 12.8900003433228 12.9300003051758 12.9550008773804 13.0090007781982 13.1750001907349 13.3400011062622
-3.4e+38 -3.4e+38 -3.4e+38 -3.4e+38 -3.4e+38 -3.4e+38 -3.4e+38 -3.4e+38 -3.4e+38 -3.4e+38 12.3430004119873 12.7500009536743 12.7430009841919 12.7720003128052 12.8250007629395 12.8430004119873 12.8940010070801 12.9400005340576 13.0090007781982 13.0290002822876 13.0290002822876 12.9440002441406 12.9490003585815 12.8700008392334 12.8370008468628 13.0240001678467 12.956000328064 13.0000009536743 12.9040002822876 12.8900003433228 12.9630002975464 12.9640007019043 13.1240005493164 13.4490003585815 13.5800008773804 13.4340009689331 13.5350008010864 13.5230007171631 13.4990005493164 13.4800004959106 13.3960008621216 13.3770008087158 13.4050006866455 13.3570003509521 13.2270002365112 13.1950006484985 13.1730003356934 13.1430006027222 13.0710010528564 13.0250005722046 13.1180009841919 13.2190008163452 13.3640003204346
-3.4e+38 -3.4e+38 -3.4e+38 -3.4e+38 -3.4e+38 -3.4e+38 -3.4e+38 -3.4e+38 -3.4e+38 12.2200002670288 12.5560007095337 12.7100009918213 12.7050008773804 12.7300004959106 12.7270002365112 12.8200006484985 12.7710008621216 12.8650007247925 12.9120006561279 12.988000869751 13.0100002288818 13.064001083374 13.1980009078979 12.9940004348755 12.9340009689331 12.9650001525879 13.1500005722046 13.19700050354 13.032000541687 12.9340009689331 12.9540004730225 12.9180002212524 13.1070003509521 13.32200050354 13.7050008773804 13.5920009613037 13.6190004348755 13.6650009155273 13.6800003051758 13.6320009231567 13.568000793457 13.4290008544922 13.4170007705688 13.4400005340576 13.3950004577637 13.3750009536743 13.3570003509521 13.2910003662109 13.2830009460449 13.1910009384155 13.1690006256104 13.2200002670288 13.327000617981
-3.4e+38 -3.4e+38 -3.4e+38 -3.4e+38 -3.4e+38 -3.4e+38 -3.4e+38 -3.4e+38 -3.4e+38 12.4390001296997 12.5850009918213 12.6730003356934 12.8810005187988 12.9270009994507 12.7970008850098 12.7940006256104 12.7560005187988 12.7930002212524 12.8920001983643 12.9160003662109 12.9830007553101 13.0190010070801 13.1500005722046 13.1110010147095 13.2710008621216 13.1000003814697 13.1940002441406 13.2100009918213 13.189001083374 13.0450010299683 13.0090007781982 13.2160005569458 13.3000001907349 13.5220003128052 13.8170003890991 13.8330001831055 13.7530002593994 13.7920007705688 13.7940006256104 13.7950010299683 13.7130002975464 13.5220003128052 13.41100025177 13.5150003433228 13.4540004730225 13.4640007019043 13.4810009002686 13.4410009384155 13.3680009841919 13.2390003204346 13.1780004501343 13.1900005340576 13.3060007095337
-3.4e+38 -3.4e+38 -3.4e+38 -3.4e+38 -3.4e+38 -3.4e+38 -3.4e+38 -3.4e+38 -3.4e+38 12.7680006027222 12.8720006942749 12.8780002593994 12.9260005950928 12.8170003890991 12.7240009307861 12.7250003814697 12.6900005340576 12.701000213623 12.7070007324219 12.8050003051758 12.8870010375977 12.9890003204346 13.2840003967285 13.326000213623 13.3000001907349 13.1760005950928 13.2350006103516 13.1870002746582 13.278000831604 13.326000213623 13.3010005950928 13.488000869751 13.6380004882812 13.6950006484985 13.9150009155273 14.0200004577637 13.8930006027222 13.9000005722046 13.8750009536743 13.9020004272461 13.9340009689331 13.7990007400513 13.57200050354 13.5220003128052 13.4820003509521 13.5870008468628 13.5850009918213 13.5310010910034 13.4530010223389 13.2470006942749 13.1480007171631 13.2180004119873 13.3640003204346
-3.4e+38 -3.4e+38 -3.4e+38 -3.4e+38 -3.4e+38 -3.4e+38 -3.4e+38 -3.4e+38 -3.4e+38 12.9300003051758 13.0290002822876 12.9350004196167 12.8470010757446 12.6870002746582 12.6050004959106 12.5550003051758 12.5830001831055 12.6310005187988 12.6670007705688 12.7550010681152 12.8580007553101 12.9740009307861 13.2850008010864 13.4190006256104 13.2840003967285 13.2840003967285 13.3150005340576 13.3520002365112 13.4490003585815 13.4860010147095 13.5870008468628 13.5590009689331 13.6630010604858 13.8120002746582 13.9140005111694 14.0430002212524 14.0400009155273 14.0130004882812 14.0310010910034 14.0410003662109 14.0690002441406 13.9840002059937 13.7240009307861 13.7050008773804 13.66100025177 13.5800008773804 13.6760005950928 13.6160001754761 13.4990005493164 13.4170007705688 13.3530006408691 13.2110004425049 13.2050008773804
-3.4e+38 -3.4e+38 -3.4e+38 -3.4e+38 -3.4e+38 -3.4e+38 -3.4e+38 -3.4e+38 -3.4e+38 13.0440006256104 13.1150007247925 12.9590005874634 12.8240003585815 12.7170009613037 12.6200008392334 12.6040010452271 12.6330003738403 12.6340007781982 12.6700010299683 12.7590007781982 12.8820009231567 13.1020002365112 13.1740007400513 13.3720006942749 13.5100002288818 13.4380006790161 13.4490003585815 13.5440006256104 13.5240001678467 13.6540002822876 13.6560010910034 13.5950002670288 13.6720008850098 13.8170003890991 13.8780002593994 13.9700002670288 14.081000328064 14.1090002059937 14.1050004959106 14.0950002670288 14.0090007781982 13.8570003509521 13.7980003356934 13.7940006256104 13.7720003128052 13.6780004501343 13.7400007247925 13.8410005569458 13.8150005340576 13.6960010528564 13.6640005111694 13.4190006256104 13.2510004043579
-3.4e+38 -3.4e+38 -3.4e+38 -3.4e+38 -3.4e+38 -3.4e+38 -3.4e+38 -3.4e+38 13.0380010604858 13.0840005874634 13.0780010223389 12.9180002212524 12.9230003356934 12.7770004272461 12.6670007705688 12.6400003433228 12.6320009231567 12.6290006637573 12.6890001296997 12.8240003585815 12.9060001373291 13.0120010375977 13.1200008392334 13.3470010757446 13.5450010299683 13.6280002593994 13.5300006866455 13.5940008163452 13.6480007171631 13.7250003814697 13.7140007019043 13.6360006332397 13.6840009689331 13.8240003585815 13.8380002975464 13.8690004348755 14.0170001983643 14.0370006561279 14.0850009918213 14.0990009307861 14.0430002212524 13.9120006561279 13.8950004577637 13.7540006637573 13.774001121521 13.8130006790161 13.831000328064 14.0000009536743 13.9620008468628 13.7560005187988 13.6090002059937 13.6350002288818 13.4450006484985
-3.4e+38 -3.4e+38 -3.4e+38 -3.4e+38 -3.4e+38 -3.4e+38 -3.4e+38 -3.4e+38 12.9480009078979 13.0120010375977 12.9540004730225 12.9200010299683 12.8640003204346 12.7650003433228 12.7190008163452 12.6550006866455 12.6560001373291 12.6850004196167 12.7540006637573 12.952000617981 13.03600025177 13.1760005950928 13.2430009841919 13.2480010986328 13.4490003585815 13.6480007171631 13.7090005874634 13.7170009613037 13.738000869751 13.78600025177 13.7690010070801 13.7220010757446 13.6810007095337 13.782000541687 13.8480005264282 13.9080009460449 13.9650011062622 13.9730005264282 13.9950008392334 14.0190010070801 13.8740005493164 13.8900003433228 13.8820009231567 13.8790006637573 13.8870010375977 13.9790010452271 14.0200004577637 14.032000541687 14.1070003509521 13.8250007629395 13.6700010299683 13.5700006484985 13.5190010070801
-3.4e+38 -3.4e+38 -3.4e+38 -3.4e+38 -3.4e+38 -3.4e+38 -3.4e+38 12.9570007324219 13.0470008850098 13.0540008544922 12.9200010299683 12.8290004730225 12.7800006866455 12.7350006103516 12.6820001602173 12.6500005722046 12.6700010299683 12.7600002288818 12.9250001907349 12.9080009460449 13.16100025177 13.2920007705688 13.327000617981 13.3060007095337 13.439001083374 13.4800004959106 13.6090002059937 13.7170009613037 13.7730007171631 13.7990007400513 13.8540010452271 13.7960004806519 13.7360010147095 13.7710008621216 13.8650007247925 13.9600009918213 13.951000213623 14.0010004043579 14.0200004577637 13.9720010757446 13.8570003509521 13.9220008850098 13.9700002670288 13.9980010986328 13.9990005493164 13.9860010147095 13.9800004959106 14.0460004806519 14.1200008392334 13.9780006408691 13.8720006942749 13.6910009384155 13.5690002441406
-3.4e+38 -3.4e+38 -3.4e+38 -3.4e+38 -3.4e+38 -3.4e+38 -3.4e+38 12.9150009155273 12.9890003204346 12.9610004425049 12.8820009231567 12.8350009918213 12.7490005493164 12.6090002059937 12.5180006027222 12.5380010604858 12.6290006637573 12.8080005645752 12.8900003433228 13.0530004501343 13.1450004577637 13.3050003051758 13.2980003356934 13.3960008621216 13.4730005264282 13.4850006103516 13.6280002593994 13.7160005569458 13.7970008850098 13.8200006484985 13.8440008163452 13.8580007553101 13.7940006256104 13.7900009155273 13.9550008773804 13.9370002746582 13.9550008773804 13.9710006713867 13.9540004730225 13.9440002441406 13.8860006332397 13.9250001907349 14.0170001983643 14.0290002822876 14.0110006332397 14.0300006866455 14.0200004577637 14.0780010223389 14.2000007629395 14.2570009231567 14.0380010604858 13.9550008773804 13.9300003051758
-3.4e+38 -3.4e+38 -3.4e+38 -3.4e+38 -3.4e+38 -3.4e+38 -3.4e+38 -3.4e+38 13.1310005187988 13.1070003509521 13.0690002441406 12.9720010757446 12.8590002059937 12.7430009841919 12.6050004959106 12.5500001907349 12.6790008544922 12.8610010147095 12.943000793457 13.0780010223389 13.2890005111694 13.3390007019043 13.3660001754761 13.4380006790161 13.5090007781982 13.5700006484985 13.6230010986328 13.7650003433228 13.9060010910034 13.9260005950928 13.8810005187988 13.9120006561279 13.8330001831055 13.867000579834 14.0040006637573 14.0180006027222 14.0300006866455 14.0050010681152 13.9720010757446 13.9330005645752 13.91100025177 13.9800004959106 14.0520009994507 14.0450010299683 13.9940004348755 13.9890003204346 14.0430002212524 14.117000579834 14.2050008773804 14.3600006103516 14.4830007553101 14.4940004348755 14.4460010528564
-3.4e+38 -3.4e+38 -3.4e+38 -3.4e+38 -3.4e+38 -3.4e+38 -3.4e+38 -3.4e+38 13.2950010299683 13.2750005722046 13.2840003967285 13.1500005722046 12.9840002059937 12.8790006637573 12.8570003509521 12.8650007247925 12.9040002822876 13.0230007171631 13.1100006103516 13.246000289917 13.331000328064 13.4590005874634 13.4100008010864 13.4710006713867 13.5250005722046 13.6180009841919 13.6070003509521 13.7990007400513 13.899001121521 13.9950008392334 13.9650011062622 13.9550008773804 13.9150009155273 13.9490003585815 14.028000831604 14.0740003585815 14.064001083374 14.0340003967285 14.0510005950928 14.0450010299683 14.0040006637573 14.1070003509521 14.1320009231567 14.1400003433228 14.1030006408691 14.0930004119873 14.0920009613037 14.1500005722046 14.2850008010864 14.3340005874634 14.6070003509521 14.6660003662109 14.6080007553101
-3.4e+38 -3.4e+38 -3.4e+38 -3.4e+38 -3.4e+38 -3.4e+38 -3.4e+38 -3.4e+38 13.5510005950928 13.5100002288818 13.4660005569458 13.3450002670288 13.1840009689331 13.1190004348755 13.0850009918213 13.0880002975464 13.1400003433228 13.2490005493164 13.318000793457 13.3880004882812 13.4500007629395 13.5020008087158 13.452000617981 13.5310010910034 13.657000541687 13.7040004730225 13.7750005722046 13.8550004959106 13.9290008544922 14.0140008926392 13.9900007247925 14.0020008087158 13.9980010986328 14.0090007781982 14.1160011291504 14.0860004425049 14.1000003814697 14.1150007247925 14.0880002975464 14.1280002593994 14.1390008926392 14.1740007400513 14.1850004196167 14.2090005874634 14.2390003204346 14.2590007781982 14.2900009155273 14.2850008010864 14.3330011367798 14.4320011138916 14.5750007629395 14.6000003814697 14.5460004806519
-3.4e+38 -3.4e+38 -3.4e+38 -3.4e+38 -3.4e+38 -3.4e+38 -3.4e+38 -3.4e+38 -3.4e+38 13.6400003433228 13.6250009536743 13.5870008468628 13.4250001907349 13.3330001831055 13.2990007400513 13.3000001907349 13.3350009918213 13.4170007705688 13.4440002441406 13.5020008087158 13.5410003662109 13.6300010681152 13.5950002670288 13.6730003356934 13.7550010681152 13.8120002746582 13.8580007553101 13.9090003967285 13.9790010452271 14.0310010910034 14.0630006790161 14.0550003051758 14.081000328064 14.1350002288818 14.0900011062622 14.0510005950928 14.1460008621216 14.2160005569458 14.2700004577637 14.2650003433228 14.2110004425049 14.2150011062622 14.2050008773804 14.2270002365112 14.2660007476807 14.2680006027222 14.3100004196167 14.3620004653931 14.3440008163452 14.4290008544922 14.564001083374 14.5550003051758 14.5440006256104
