PresentLayers/tmin.asc
NCOLS 292 
NROWS 291 
XLLCORNER -87.6458333327872 
YLLCORNER 24.4791666666667 
CELLSIZE 0.0416666666669039 
NODATA_value -3.4e+38 
[rows 72 to 95 of 291, columns 53 to 105 of 292]
-3.4e+38 -3.4e+38 -3.4e+38 10.3870000839233 10.6640005111694 10.6230001449585 10.7920007705688 10.8120002746582 10.7200002670288 11.0070009231567 11.5570001602173 11.4990005493164 11.8750009536743 11.8540000915527 11.4050006866455 11.1400003433228 11.2660007476807 11.4000005722046 11.6470003128052 11.8460006713867 11.996000289917 12.1390008926392 11.9660005569458 12.2210006713867 12.1310005187988 11.8060007095337 11.7590007781982 11.568000793457 11.4450006484985 11.3250007629395 11.4820003509521 11.496000289917 11.4130001068115 11.5400009155273 11.7770004272461 11.8720006942749 11.7880001068115 11.9120006561279 11.9490003585815 11.9250001907349 11.9240007400513 11.8730001449585 11.7840003967285 11.6960000991821 11.6690006256104 11.7030010223389 11.6830005645752 11.6230001449585 11.6600008010864 11.7940006256104 11.8580007553101 11.8070001602173 11.8190002441406
-3.4e+38 -3.4e+38 -3.4e+38 10.7400007247925 10.6650009155273 10.6590003967285 10.7960004806519 10.8490009307861 10.8080005645752 11.1580009460449 11.7350006103516 11.5170001983643 11.6220006942749 11.4040002822876 11.1300001144409 11.1900005340576 11.4250001907349 11.746000289917 11.9660005569458 12.0910005569458 12.0650005340576 12.0000009536743 11.8140001296997 11.9370002746582 11.8990001678467 11.4600009918213 11.6000003814697 11.4680004119873 11.3190002441406 11.1350002288818 10.952000617981 11.2190008163452 11.3890008926392 11.5450000762939 11.6620006561279 11.7180004119873 11.746000289917 11.6910009384155 11.7500009536743 11.7810001373291 11.8560009002686 11.7810001373291 11.7030010223389 11.6660003662109 11.6260004043579 11.7320003509521 11.8150005340576 11.7800006866455 11.8170003890991 11.9050006866455 11.8150005340576 11.7590007781982 11.7600002288818
-3.4e+38 -3.4e+38 -3.4e+38 10.8540000915527 10.8060007095337 10.6940002441406 10.8650007247925 10.8980007171631 10.9040002822876 11.3480005264282 11.6860008239746 11.6680002212524 11.4890003204346 11.4690008163452 11.4300003051758 11.3050003051758 11.3870000839233 11.8070001602173 12.1490001678467 11.7640008926392 11.9540004730225 11.7650003433228 11.8470001220703 11.5800008773804 11.3800001144409 11.3960008621216 11.7300004959106 11.4100008010864 11.1720008850098 11.1950006484985 11.2560005187988 11.2840003967285 11.3040008544922 11.3420009613037 11.4090003967285 11.4910001754761 11.5200004577637 11.5610008239746 11.6350002288818 11.6710004806519 11.6740007400513 11.6730003356934 11.6650009155273 11.6700010299683 11.7240009307861 11.7370004653931 11.8210000991821 11.7750005722046 11.778000831604 11.7890005111694 11.7980003356934 11.7510004043579 11.6900005340576
-3.4e+38 -3.4e+38 -3.4e+38 10.5650005340576 10.4800004959106 10.4540004730225 10.8210000991821 10.9950008392334 11.4130001068115 11.6540002822876 11.3770008087158 11.3720006942749 11.4350004196167 11.577000617981 11.6880006790161 11.5970001220703 11.657000541687 11.8040008544922 11.8980007171631 11.6890001296997 11.8250007629395 11.8360004425049 11.4630002975464 11.6990003585815 11.5150003433228 11.4550008773804 11.8450002670288 11.8500003814697 11.7100009918213 11.4240007400513 11.4350004196167 11.4250001907349 11.3020009994507 11.2890005111694 11.367000579834 11.4140005111694 11.4360008239746 11.4750003814697 11.5440006256104 11.621000289917 11.5980005264282 11.5920009613037 11.532000541687 11.4850006103516 11.6240005493164 11.7580003738403 11.7120008468628 11.7920007705688 11.7540006637573 11.7810001373291 11.7800006866455 11.8010005950928 11.7560005187988
-3.4e+38 -3.4e+38 -3.4e+38 10.3340005874634 10.2890005111694 10.7130002975464 10.8970003128052 10.863000869751 11.2140007019043 11.3490009307861 11.3920001983643 11.4660005569458 11.5050001144409 11.6030006408691 11.7670001983643 11.8540000915527 11.8870010375977 11.8250007629395 11.6960000991821 11.4890003204346 11.4580001831055 11.7480001449585 11.3410005569458 11.6200008392334 11.5560007095337 11.5700006484985 11.867000579834 12.0530004501343 11.9720001220703 11.9190006256104 11.7890005111694 11.5800008773804 11.4190006256104 11.4060001373291 11.4270009994507 11.4240007400513 11.4300003051758 11.4910001754761 11.5620002746582 11.5710000991821 11.4910001754761 11.5000009536743 11.4690008163452 11.4650001525879 11.5210008621216 11.6800003051758 11.7190008163452 11.7940006256104 11.7900009155273 11.7330007553101 11.7870006561279 11.8240003585815 11.7990007400513
-3.4e+38 -3.4e+38 -3.4e+38 -3.4e+38 10.403000831604 10.8090009689331 10.9890003204346 11.1640005111694 11.4170007705688 11.5630006790161 11.5460004806519 11.5350008010864 11.581000328064 11.6710004806519 11.8020009994507 12.0120010375977 11.9890003204346 11.7790002822876 11.7540006637573 11.4720001220703 11.2130002975464 11.3200006484985 11.2430009841919 11.5450000762939 11.6030006408691 11.6240005493164 11.7400007247925 11.8740005493164 11.6690006256104 12.0570001602173 11.9000005722046 11.8200006484985 11.6140003204346 11.4790000915527 11.4050006866455 11.41100025177 11.4330005645752 11.5460004806519 11.6490001678467 11.5150003433228 11.4340009689331 11.4130001068115 11.41100025177 11.4300003051758 11.41100025177 11.4690008163452 11.6870002746582 11.7240009307861 11.7680006027222 11.7260007858276 11.7520008087158 11.7660007476807 11.8110008239746
-3.4e+38 -3.4e+38 -3.4e+38 -3.4e+38 10.6240005493164 10.9250001907349 11.076000213623 11.4500007629395 11.5410003662109 11.4890003204346 11.5460004806519 11.613000869751 11.6830005645752 11.6950006484985 11.8830003738403 12.1550006866455 12.1080007553101 11.7800006866455 11.7080001831055 11.6900005340576 11.4500007629395 11.2350006103516 11.3520002365112 11.5890007019043 11.4840002059937 11.5350008010864 11.9020004272461 12.0350008010864 11.7790002822876 11.8850002288818 11.8760004043579 11.8060007095337 11.7290000915527 11.6780004501343 11.6000003814697 11.5940008163452 11.5220003128052 11.6780004501343 11.6510009765625 11.5260009765625 11.4460000991821 11.3950004577637 11.3790006637573 11.4200000762939 11.4580001831055 11.5180006027222 11.5660009384155 11.706000328064 11.7170009613037 11.7310009002686 11.7620000839233 11.8450002670288 11.863000869751
-3.4e+38 -3.4e+38 -3.4e+38 -3.4e+38 10.782000541687 11.0860004425049 11.3520002365112 11.4340009689331 11.6100006103516 11.4570007324219 11.5640001296997 11.6510009765625 11.7440004348755 11.7530002593994 11.8450002670288 12.0200004577637 12.0640001296997 11.7900009155273 11.7530002593994 11.8240003585815 11.9340009689331 11.5990009307861 11.3760004043579 11.6880006790161 11.4360008239746 11.6650009155273 11.7840003967285 12.0350008010864 11.9490003585815 12.0440006256104 11.9690008163452 11.7800006866455 11.6740007400513 11.778000831604 11.701000213623 11.6060009002686 11.6100006103516 11.6940002441406 11.6690006256104 11.5790004730225 11.5190010070801 11.4490003585815 11.3590002059937 11.4050006866455 11.5210008621216 11.6380004882812 11.6860008239746 11.6740007400513 11.7930002212524 11.7430009841919 11.8600006103516 11.8910007476807 12.077000617981
-3.4e+38 -3.4e+38 -3.4e+38 -3.4e+38 10.8480005264282 11.028000831604 11.1520004272461 11.4820003509521 11.4830007553101 11.5610008239746 11.6150007247925 11.6920003890991 11.7880001068115 11.8340005874634 11.8210000991821 11.8190002441406 11.8790006637573 11.8330001831055 11.7570009231567 11.7220001220703 11.8250007629395 11.581000328064 11.326000213623 11.6000003814697 11.5400009155273 11.7790002822876 11.8920001983643 12.1310005187988 12.1830005645752 12.1490001678467 12.0400009155273 11.8730001449585 11.7640008926392 11.7580003738403 11.6440010070801 11.5670003890991 11.6680002212524 11.7440004348755 11.8110008239746 11.7180004119873 11.5090007781982 11.4590005874634 11.4480009078979 11.5200004577637 11.5860004425049 11.6440010070801 11.7610006332397 11.7660007476807 11.8860006332397 11.9120006561279 12.0400009155273 12.1540002822876 12.2600002288818
-3.4e+38 -3.4e+38 -3.4e+38 -3.4e+38 10.8850002288818 10.9700002670288 11.206000328064 11.4300003051758 11.7370004653931 11.8160009384155 11.8060007095337 11.742000579834 11.7320003509521 11.7810001373291 11.8110008239746 11.7350006103516 11.7570009231567 11.9420003890991 11.8740005493164 11.7540006637573 11.7440004348755 11.7990007400513 11.4350004196167 11.5190010070801 11.7220001220703 12.0190010070801 12.2440004348755 12.1060009002686 12.0640001296997 12.1540002822876 12.0620002746582 11.9550008773804 11.8390007019043 11.7300004959106 11.7200002670288 11.7270002365112 11.8550004959106 11.8870010375977 11.8940010070801 11.7410001754761 11.5940008163452 11.5530004501343 11.4740009307861 11.6060009002686 11.7090005874634 11.6580009460449 11.7560005187988 11.8900003433228 11.9850006103516 12.1100006103516 12.1790008544922 12.3600006103516 12.41100025177
-3.4e+38 -3.4e+38 -3.4e+38 -3.4e+38 -3.4e+38 11.1580009460449 11.3350009918213 11.4950008392334 11.7510004043579 11.8590002059937 11.8470001220703 11.9410009384155 11.8750009536743 11.78600025177 11.8110008239746 11.7900009155273 11.8240003585815 11.8680009841919 11.94700050354 11.9220008850098 11.8210000991821 11.8750009536743 11.8130006790161 11.9060001373291 12.0250005722046 12.1480007171631 12.077000617981 12.0940008163452 12.0930004119873 12.0640001296997 12.0340003967285 11.9220008850098 11.8740005493164 11.8140001296997 11.6390008926392 11.8190002441406 11.8960008621216 11.8840007781982 11.9750003814697 11.8490009307861 11.7470006942749 11.7160005569458 11.6660003662109 11.6630001068115 11.7600002288818 11.9440002441406 12.0610008239746 12.1850004196167 12.1350002288818 12.2110004425049 12.3090009689331 12.3140001296997 12.4780006408691
-3.4e+38 -3.4e+38 -3.4e+38 -3.4e+38 -3.4e+38 11.3690004348755 11.5310001373291 11.7900009155273 11.9570007324219 11.9800004959106 12.0040006637573 11.9290008544922 11.8920001983643 11.8450002670288 11.8910007476807 11.7960004806519 11.8240003585815 11.8920001983643 11.9720001220703 12.0180006027222 12.0160007476807 11.9740009307861 11.9740009307861 11.9840002059937 11.9990005493164 12.0510005950928 12.0700006484985 12.1320009231567 12.068000793457 12.1250009536743 12.0880002975464 11.9300003051758 11.8750009536743 11.8090009689331 11.8380002975464 11.9280004501343 11.8910007476807 11.9870004653931 11.9900007247925 12.0250005722046 11.9660005569458 12.0000009536743 11.8800001144409 11.7130002975464 11.8410005569458 12.07200050354 12.1360006332397 12.0670003890991 12.0700006484985 12.0530004501343 11.9990005493164 12.1040010452271 12.2300004959106
-3.4e+38 -3.4e+38 -3.4e+38 -3.4e+38 -3.4e+38 11.6900005340576 11.8950004577637 12.028000831604 12.0800008773804 12.1400003433228 12.1050004959106 12.0480003356934 11.8950004577637 11.8760004043579 11.9400005340576 11.8510007858276 11.8640003204346 11.8850002288818 11.9610004425049 12.0270004272461 12.0020008087158 12.0160007476807 12.0150003433228 12.0610008239746 12.0450010299683 12.1030006408691 12.2340002059937 12.2720003128052 12.2400007247925 12.3080005645752 12.1910009384155 12.1450004577637 12.0940008163452 12.0340003967285 12.0180006027222 11.9270009994507 11.9290008544922 12.0550003051758 12.1150007247925 12.2980003356934 12.3160009384155 12.2240009307861 12.0920009613037 11.9310007095337 11.8990001678467 11.8980007171631 12.03600025177 11.9730005264282 11.9550008773804 12.0140008926392 11.9670009613037 12.0110006332397 11.9840002059937
-3.4e+38 -3.4e+38 -3.4e+38 -3.4e+38 -3.4e+38 11.9140005111694 12.1320009231567 12.2630004882812 12.3200006484985 12.2590007781982 12.0490007400513 11.9230003356934 11.7550001144409 11.6410007476807 11.7840003967285 11.8080005645752 11.8140001296997 11.8840007781982 11.9400005340576 11.9710006713867 11.9050006866455 11.8900003433228 11.9550008773804 12.0880002975464 12.1870002746582 12.3000001907349 12.4440002441406 12.5290002822876 12.5130004882812 12.5530004501343 12.5070009231567 12.3530006408691 12.3300008773804 12.2030010223389 12.0750007629395 12.0070009231567 11.9940004348755 12.0900001525879 12.4020004272461 12.4540004730225 12.5380010604858 12.4720001220703 12.3060007095337 12.081000328064 12.0100002288818 11.9590005874634 11.8970003128052 11.8910007476807 12.0460004806519 12.0800008773804 11.9550008773804 11.951000213623 11.9550008773804
-3.4e+38 -3.4e+38 -3.4e+38 -3.4e+38 -3.4e+38 12.0730009078979 12.202000617981 12.2720003128052 12.6440010070801 12.5890007019043 12.3850002288818 12.0570001602173 11.7490005493164 11.8690004348755 11.8350009918213 11.8480005264282 11.82200050354 11.952000617981 11.9650001525879 11.9390001296997 11.9380006790161 11.8800001144409 11.9840002059937 12.0740003585815 12.2830009460449 12.5300006866455 12.6820001602173 12.7100009918213 12.7710008621216 12.8460006713867 12.6800003051758 12.6540002822876 12.5040006637573 12.2390003204346 12.1310005187988 12.1510009765625 12.1410007476807 12.2130002975464 12.4120006561279 12.4820003509521 12.6200008392334 12.4820003509521 12.2730007171631 12.3700008392334 12.2790002822876 12.0890007019043 12.1020002365112 12.1090002059937 11.9990005493164 11.9090003967285 11.9620008468628 12.0210008621216 12.0330009460449
-3.4e+38 -3.4e+38 -3.4e+38 -3.4e+38 -3.4e+38 -3.4e+38 12.2470006942749 12.4690008163452 12.581000328064 12.4900007247925 12.202000617981 11.8950004577637 11.9750003814697 11.9050006866455 11.8510007858276 11.8120002746582 11.7160005569458 11.7400007247925 11.8700008392334 11.9440002441406 11.9570007324219 11.9600009918213 12.0580005645752 12.1650009155273 12.4230003356934 12.5970001220703 12.7390003204346 12.8900003433228 13.0080003738403 12.9200010299683 12.9090003967285 12.8410005569458 12.6490001678467 12.403000831604 12.2620010375977 12.2980003356934 12.4240007400513 12.3560009002686 12.3400001525879 12.327000617981 12.5200004577637 12.6390008926392 12.2590007781982 12.4370002746582 12.3080005645752 12.1590003967285 12.0270004272461 12.1150007247925 12.1310005187988 12.1290006637573 12.157000541687 12.1980009078979 12.1260004043579
-3.4e+38 -3.4e+38 -3.4e+38 -3.4e+38 -3.4e+38 -3.4e+38 12.2660007476807 12.4820003509521 12.3390007019043 12.4610004425049 12.1800003051758 12.0050001144409 11.8620004653931 11.8820009231567 12.0350008010864 12.0350008010864 11.778000831604 11.7430009841919 11.8490009307861 11.8340005874634 11.7620000839233 12.0950002670288 12.1300001144409 12.2830009460449 12.4650001525879 12.6490001678467 12.7990007400513 12.9260005950928 13.0040006637573 13.0750007629395 13.0480003356934 12.9120006561279 12.7190008163452 12.5500001907349 12.5460004806519 12.5610008239746 12.57200050354 12.5710010528564 12.3870010375977 12.4230003356934 12.4840002059937 12.6590003967285 12.5670003890991 12.5480003356934 12.44700050354 12.2530002593994 12.1800003051758 12.2590007781982 12.2300004959106 12.2080001831055 12.1810007095337 12.1480007171631 12.1760005950928
-3.4e+38 -3.4e+38 -3.4e+38 -3.4e+38 -3.4e+38 -3.4e+38 12.3580007553101 12.3410005569458 12.4290008544922 12.2230005264282 12.1090002059937 11.8600006103516 11.8390007019043 11.653000831604 11.7890005111694 11.7290000915527 11.4650001525879 11.2140007019043 11.4300003051758 11.8690004348755 12.0400009155273 12.0020008087158 12.0990009307861 12.3280010223389 12.4910001754761 12.6980009078979 12.7960004806519 12.9160003662109 13.0440006256104 13.0240001678467 12.9990005493164 12.9210004806519 12.7210006713867 12.69700050354 12.7730007171631 12.6650009155273 12.6260004043579 12.6270008087158 12.6790008544922 12.6310005187988 12.5790004730225 12.4450006484985 12.6990003585815 12.6340007781982 12.57200050354 12.3780002593994 12.3400001525879 12.3700008392334 12.3080005645752 12.3300008773804 12.318000793457 12.1920003890991 12.076000213623
-3.4e+38 -3.4e+38 -3.4e+38 -3.4e+38 -3.4e+38 -3.4e+38 -3.4e+38 12.3910007476807 12.403000831604 12.3820009231567 12.2800006866455 12.0130004882812 11.9200010299683 11.7770004272461 11.6560001373291 11.6060009002686 11.5660009384155 11.5590009689331 11.6880006790161 11.8280010223389 12.0010004043579 12.3170003890991 12.5120010375977 12.7590007781982 12.8240003585815 12.7450008392334 12.7100009918213 12.9120006561279 12.9420003890991 12.9040002822876 12.943000793457 12.956000328064 12.8130006790161 12.6700010299683 12.6750001907349 12.7690010070801 12.8450002670288 12.7900009155273 12.8820009231567 12.8330001831055 12.6300010681152 12.5870008468628 12.5390005111694 12.8740005493164 12.8440008163452 12.6040010452271 12.4580001831055 12.4660005569458 12.4540004730225 12.4800004959106 12.4440002441406 12.371000289917 12.3130006790161
-3.4e+38 -3.4e+38 -3.4e+38 -3.4e+38 -3.4e+38 -3.4e+38 -3.4e+38 12.6070003509521 12.5160007476807 12.4170007705688 12.4200010299683 12.3330001831055 12.2220001220703 12.0230007171631 12.1000003814697 12.1490001678467 12.0660009384155 11.9570007324219 12.0120010375977 12.2270002365112 12.2360010147095 12.4590005874634 12.6880006790161 12.8570003509521 13.0740003585815 13.1050004959106 12.9140005111694 12.8490009307861 12.8380002975464 12.8510007858276 12.9090003967285 12.9160003662109 12.814001083374 12.7050008773804 12.6670007705688 12.7480001449585 12.7170009613037 12.8740005493164 12.7890005111694 12.7510004043579 12.7690010070801 12.6700010299683 12.7760009765625 12.9950008392334 12.9750003814697 12.7530002593994 12.5790004730225 12.4600009918213 12.5390005111694 12.443000793457 12.4190006256104 12.2250003814697 12.1050004959106
-3.4e+38 -3.4e+38 -3.4e+38 -3.4e+38 -3.4e+38 -3.4e+38 -3.4e+38 -3.4e+38 12.6190004348755 12.5790004730225 12.3240003585815 12.1810007095337 12.3820009231567 12.4540004730225 12.3470001220703 12.3440008163452 12.1880006790161 12.1190004348755 12.0880002975464 12.3030004501343 12.3550004959106 12.5990009307861 12.7760009765625 12.7600002288818 12.8040008544922 12.9640007019043 12.9090003967285 12.7530002593994 12.7270002365112 12.7690010070801 12.91100025177 12.8440008163452 12.7980003356934 12.7130002975464 12.6420001983643 12.6870002746582 12.7620010375977 12.8360004425049 12.9810009002686 12.9150009155273 12.7050008773804 12.6440010070801 12.702000617981 12.8620004653931 13.0140008926392 12.7440004348755 12.5630006790161 12.5400009155273 12.6750001907349 12.613000869751 12.4940004348755 12.4790010452271 12.2650003433228
-3.4e+38 -3.4e+38 -3.4e+38 -3.4e+38 -3.4e+38 -3.4e+38 -3.4e+38 -3.4e+38 12.6280002593994 12.5370006561279 12.7170009613037 12.7680006027222 12.7540006637573 12.7290010452271 12.6240005493164 12.5730009078979 12.5310001373291 12.3400001525879 12.2450008392334 12.44700050354 12.4580001831055 12.3720006942749 12.5450010299683 12.5790004730225 12.8690004348755 12.9380006790161 12.8780002593994 12.69700050354 12.6900005340576 12.903000831604 12.8590002059937 12.7950010299683 12.7720003128052 12.8590002059937 12.9120006561279 12.6960010528564 12.826000213623 12.9590005874634 12.9340009689331 12.9170007705688 12.8800010681152 12.7760009765625 12.6590003967285 12.7850008010864 13.077000617981 12.9400005340576 12.6840009689331 12.8070001602173 12.8090009689331 12.7590007781982 12.6960010528564 12.5460004806519 12.5150003433228
-3.4e+38 -3.4e+38 -3.4e+38 -3.4e+38 -3.4e+38 -3.4e+38 -3.4e+38 -3.4e+38 12.8790006637573 12.8730001449585 12.7790002822876 12.7090005874634 12.778000831604 12.657000541687 12.6320009231567 12.5780010223389 12.443000793457 12.2760009765625 12.32200050354 12.3610010147095 12.2790002822876 12.2190008163452 12.3550004959106 12.5150003433228 12.6100006103516 12.8480005264282 12.7760009765625 12.7590007781982 12.8840007781982 12.9140005111694 12.8950004577637 12.8850002288818 12.9280004501343 13.0050010681152 13.0460004806519 12.9890003204346 12.8930006027222 12.8500003814697 12.8840007781982 12.9500007629395 12.7470006942749 12.7510004043579 13.0010004043579 13.0160007476807 13.1950006484985 13.1730003356934 12.8660001754761 12.863000869751 12.7960004806519 12.7900009155273 12.7700004577637 12.7340002059937 12.6190004348755
-3.4e+38 -3.4e+38 -3.4e+38 -3.4e+38 -3.4e+38 -3.4e+38 -3.4e+38 -3.4e+38 -3.4e+38 12.8750009536743 13.0630006790161 12.907000541687 12.9250001907349 12.782000541687 12.6060009002686 12.5570001602173 12.5340003967285 12.5990009307861 12.6860008239746 12.6010007858276 12.5080003738403 12.4310007095337 12.4720001220703 12.57200050354 12.8120002746582 12.9790010452271 13.0040006637573 12.8990001678467 13.0200004577637 13.0100002288818 13.0040006637573 12.9440002441406 13.0740003585815 13.1780004501343 13.0100002288818 12.9480009078979 13.07200050354 13.0940008163452 13.0790004730225 13.0750007629395 12.9540004730225 12.9170007705688 13.0030002593994 12.9170007705688 13.1660003662109 13.3050003051758 13.0660009384155 12.9750003814697 12.8900003433228 12.8290004730225 12.7910003662109 12.7180004119873 12.5640001296997
