PresentLayers/tmin.asc
NCOLS 292 
NROWS 291 
XLLCORNER -87.6458333327872 
YLLCORNER 24.4791666666667 
CELLSIZE 0.0416666666669039 
NODATA_value -3.4e+38 
[rows 72 to 95 of 291, columns 106 to 158 of 292]
11.7490005493164 11.613000869751 11.5660009384155 11.6190004348755 11.693000793457 11.6440010070801 11.5800008773804 11.5130004882812 11.5040006637573 11.5380001068115 11.4580001831055 11.4250001907349 11.4790000915527 11.621000289917 11.9150009155273 12.0210008621216 12.0620002746582 12.0840005874634 11.8990001678467 11.7510004043579 11.6280002593994 11.5490007400513 11.6780004501343 11.9150009155273 12.1250009536743 12.3000001907349 12.488000869751 12.6080007553101 12.7400007247925 12.6220006942749 12.4410009384155 12.5340003967285 12.4400005340576 12.2450008392334 12.1380004882812 11.8420009613037 11.6430006027222 11.7950010299683 11.9540004730225 12.0670003890991 12.2290010452271 12.2920007705688 12.2120008468628 12.206000328064 12.3800001144409 12.5190010070801 12.4910001754761 12.4550008773804 12.5120010375977 12.6960010528564 12.8300008773804 12.9220008850098 12.9230003356934
11.7440004348755 11.6580009460449 11.6050004959106 11.6190004348755 11.6810007095337 11.706000328064 11.7570009231567 11.6390008926392 11.6750001907349 11.69700050354 11.7090005874634 11.7210006713867 11.8110008239746 11.9500007629395 11.9840002059937 12.0210008621216 12.1900005340576 12.2760009765625 11.9900007247925 11.7750005722046 11.6670007705688 11.5960006713867 11.6560001373291 11.9540004730225 12.206000328064 12.4980001449585 12.8230009078979 12.9830007553101 13.0270004272461 12.9000005722046 12.8200006484985 12.7620010375977 12.5460004806519 12.3850002288818 12.1440010070801 11.9750003814697 11.8050003051758 11.8380002975464 11.9330005645752 12.1840009689331 12.3050003051758 12.4060001373291 12.528000831604 12.5970001220703 12.4240007400513 12.6050004959106 12.6080007553101 12.6520004272461 12.6180009841919 12.6050004959106 12.6140003204346 12.7610006332397 12.746000289917
11.6640005111694 11.6050004959106 11.6290006637573 11.6260004043579 11.6250009536743 11.6350002288818 11.6410007476807 11.6780004501343 11.5990009307861 11.6840009689331 11.7270002365112 11.8130006790161 11.8830003738403 11.8200006484985 11.827000617981 11.9530010223389 12.0780010223389 12.16100025177 11.988000869751 11.7890005111694 11.7480001449585 11.7310009002686 11.863000869751 12.0780010223389 12.3350009918213 12.7130002975464 13.1420001983643 13.3460006713867 13.3910007476807 13.1580009460449 13.0550003051758 12.8020009994507 12.5410003662109 12.4180002212524 12.2740001678467 12.1000003814697 12.0380001068115 12.0950002670288 12.16100025177 12.3140001296997 12.3400001525879 12.3980007171631 12.4710006713867 12.5570001602173 12.7220010757446 12.7090005874634 12.6750001907349 12.7590007781982 12.7140007019043 12.7110004425049 12.7450008392334 12.7550010681152 12.7750005722046
11.6890001296997 11.6520004272461 11.6340007781982 11.6440010070801 11.6660003662109 11.6690006256104 11.6730003356934 11.6550006866455 11.6650009155273 11.6990003585815 11.7440004348755 11.7070007324219 11.6450004577637 11.6080007553101 11.6000003814697 11.7170009613037 11.8650007247925 11.9190006256104 11.8810005187988 11.867000579834 11.8300008773804 11.8900003433228 12.0140008926392 12.1290006637573 12.5300006866455 12.8850002288818 13.2560005187988 13.5440006256104 13.6020002365112 13.1700010299683 12.8830003738403 12.6810007095337 12.5310001373291 12.4390001296997 12.3920001983643 12.2940006256104 12.2340002059937 12.2920007705688 12.3840007781982 12.492000579834 12.4360008239746 12.5070009231567 12.5180006027222 12.5540008544922 12.5970001220703 12.7120008468628 12.8020009994507 12.8780002593994 12.7910003662109 12.7350006103516 12.8030004501343 12.8080005645752 12.8050003051758
11.7350006103516 11.7280006408691 11.7140007019043 11.6980009078979 11.6790008544922 11.6160001754761 11.6190004348755 11.6690006256104 11.6630001068115 11.6790008544922 11.6810007095337 11.6220006942749 11.5550003051758 11.4750003814697 11.3920001983643 11.4870004653931 11.6150007247925 11.7730007171631 11.8540000915527 11.9530010223389 12.0140008926392 12.0460004806519 12.1920003890991 12.3330001831055 12.5580005645752 12.831000328064 13.1040010452271 13.0820007324219 13.1690006256104 12.7180004119873 12.5610008239746 12.5290002822876 12.4890003204346 12.4500007629395 12.4490003585815 12.4630002975464 12.4060001373291 12.4810009002686 12.5910005569458 12.5900001525879 12.5440006256104 12.5660009384155 12.5550003051758 12.5640001296997 12.6320009231567 12.6510009765625 12.6760005950928 12.7660007476807 12.8500003814697 12.9090003967285 12.8660001754761 12.8500003814697 12.9170007705688
11.7950010299683 11.7840003967285 11.7350006103516 11.7230005264282 11.7280006408691 11.6350002288818 11.6540002822876 11.6560001373291 11.6700010299683 11.6680002212524 11.6780004501343 11.6510009765625 11.6010007858276 11.4850006103516 11.4610004425049 11.528000831604 11.6120004653931 11.7700004577637 11.8620004653931 12.0040006637573 12.0820007324219 12.19700050354 12.2990007400513 12.4690008163452 12.6390008926392 12.6560001373291 12.6750001907349 12.8540010452271 12.7120008468628 12.4410009384155 12.2660007476807 12.3330001831055 12.4640007019043 12.4870004653931 12.5180006027222 12.5030002593994 12.4820003509521 12.568000793457 12.7290010452271 12.6720008850098 12.6550006866455 12.6380004882812 12.7150001525879 12.6990003585815 12.6400003433228 12.6160001754761 12.6480007171631 12.7430009841919 12.7750005722046 12.8800010681152 12.9730005264282 13.0540008544922 13.1350002288818
11.8730001449585 11.8910007476807 11.8650007247925 11.8060007095337 11.7560005187988 11.701000213623 11.6860008239746 11.6880006790161 11.7280006408691 11.706000328064 11.6380004882812 11.7180004119873 11.7510004043579 11.6630001068115 11.6680002212524 11.6430006027222 11.6920003890991 11.8360004425049 11.952000617981 12.0510005950928 12.1500005722046 12.2250003814697 12.3530006408691 12.456000328064 12.6890001296997 12.7520008087158 12.6540002822876 12.6430006027222 12.5900001525879 12.3850002288818 12.2470006942749 12.28600025177 12.363000869751 12.4630002975464 12.5500001907349 12.5790004730225 12.617000579834 12.702000617981 12.7700004577637 12.7360010147095 12.6660003662109 12.6640005111694 12.814001083374 12.8460006713867 12.7990007400513 12.7300004959106 12.6690006256104 12.6550006866455 12.7440004348755 12.7660007476807 12.8970003128052 12.9660005569458 13.1800003051758
12.0750007629395 12.0420007705688 11.9050006866455 11.8540000915527 11.7950010299683 11.7440004348755 11.701000213623 11.6940002441406 11.7090005874634 11.7430009841919 11.6980009078979 11.6830005645752 11.8020009994507 11.8160009384155 11.9240007400513 11.7670001983643 11.8300008773804 11.8890008926392 12.0020008087158 12.0960006713867 12.1540002822876 12.2570009231567 12.3370008468628 12.4540004730225 12.6320009231567 12.6240005493164 12.6810007095337 12.6950006484985 12.5390005111694 12.4390001296997 12.4530010223389 12.4230003356934 12.3300008773804 12.3990001678467 12.5250005722046 12.6200008392334 12.6870002746582 12.746000289917 12.7580003738403 12.7200002670288 12.7110004425049 12.8110008239746 12.8800010681152 13.0120010375977 13.0900001525879 12.8600006103516 12.7790002822876 12.5390005111694 12.6550006866455 12.7960004806519 12.9140005111694 13.0550003051758 13.189001083374
12.1980009078979 12.0730009078979 11.9100008010864 11.8460006713867 11.8320007324219 11.8170003890991 11.7150001525879 11.69700050354 11.7050008773804 11.7730007171631 11.8130006790161 11.8340005874634 11.7850008010864 11.9010009765625 12.0000009536743 11.9240007400513 11.9250001907349 11.9640007019043 12.0390005111694 12.1580009460449 12.2350006103516 12.2190008163452 12.3160009384155 12.3170003890991 12.4320001602173 12.5440006256104 12.4620008468628 12.4550008773804 12.4760007858276 12.4500007629395 12.3960008621216 12.3900003433228 12.3740005493164 12.2290010452271 12.3500003814697 12.4280004501343 12.576000213623 12.7370004653931 12.7930002212524 12.7790002822876 12.7120008468628 12.8760004043579 12.939001083374 13.1080007553101 13.1060009002686 12.8810005187988 12.6810007095337 12.5310001373291 12.5970001220703 12.7560005187988 12.9280004501343 13.0560007095337 13.1270008087158
12.363000869751 12.157000541687 11.9370002746582 11.8550004959106 11.8610010147095 11.8250007629395 11.7710008621216 11.7360010147095 11.7410001754761 11.7700004577637 11.7810001373291 11.8830003738403 11.8440008163452 11.9340009689331 12.03600025177 12.0270004272461 12.0000009536743 12.0800008773804 12.1190004348755 12.1710004806519 12.1990003585815 12.2080001831055 12.2840003967285 12.3360004425049 12.2800006866455 12.3000001907349 12.3760004043579 12.3900003433228 12.3470001220703 12.3590002059937 12.4530010223389 12.3530006408691 12.4640007019043 12.4060001373291 12.1720008850098 12.282000541687 12.4800004959106 12.613000869751 12.6380004882812 12.7480001449585 12.7300004959106 12.8920001983643 12.8410005569458 12.8280010223389 12.9490003585815 12.8760004043579 12.6650009155273 12.6710004806519 12.6980009078979 12.6940002441406 12.8770008087158 12.992000579834 13.0340003967285
12.4190006256104 12.2550001144409 12.0740003585815 11.9660005569458 11.9410009384155 11.9100008010864 11.9250001907349 11.8560009002686 11.8360004425049 11.8650007247925 11.8650007247925 11.8620004653931 11.903000831604 11.9640007019043 12.0300006866455 12.1200008392334 12.1640005111694 12.1630001068115 12.2150001525879 12.1870002746582 12.2150001525879 12.2210006713867 12.2250003814697 12.2280006408691 12.2950010299683 12.242000579834 12.2250003814697 12.1680002212524 12.1400003433228 12.2540006637573 12.3660001754761 12.4690008163452 12.5220003128052 12.4600009918213 12.4870004653931 12.1520004272461 12.2870006561279 12.5050010681152 12.5470008850098 12.6310005187988 12.69700050354 12.8370008468628 12.9280004501343 12.7890005111694 12.7370004653931 12.778000831604 12.9180002212524 12.8690004348755 12.8680009841919 12.871000289917 12.8960008621216 12.9860010147095 13.0090007781982
12.2000007629395 12.0820007324219 12.0300006866455 11.9660005569458 11.9390001296997 11.9530010223389 11.9450006484985 11.9570007324219 12.0030002593994 11.9890003204346 11.9420003890991 11.9170007705688 11.9490003585815 12.0990009307861 12.0510005950928 12.1270008087158 12.2250003814697 12.2350006103516 12.2160005569458 12.2490005493164 12.2210006713867 12.2440004348755 12.3150005340576 12.3680009841919 12.3810005187988 12.2680006027222 12.2130002975464 12.1580009460449 12.1290006637573 12.153000831604 12.2050008773804 12.4810009002686 12.5710010528564 12.5580005645752 12.3380002975464 12.2980003356934 12.2910003662109 12.4330005645752 12.6340007781982 12.8240003585815 12.7340002059937 12.7270002365112 12.9950008392334 12.8490009307861 12.8480005264282 12.8120002746582 12.8590002059937 12.8840007781982 12.9750003814697 12.9500007629395 12.9570007324219 12.9910001754761 13.0560007095337
12.0570001602173 11.9610004425049 11.9450006484985 11.9140005111694 11.91100025177 11.9160003662109 11.9790010452271 12.0180006027222 12.0700006484985 12.0550003051758 12.0380001068115 11.9890003204346 11.9610004425049 12.0210008621216 12.0890007019043 11.9620008468628 12.1730003356934 12.2500009536743 12.2650003433228 12.2930002212524 12.2830009460449 12.2570009231567 12.2770004272461 12.3210010528564 12.3290004730225 12.3040008544922 12.2540006637573 12.2340002059937 12.1490001678467 12.1320009231567 12.3110008239746 12.2720003128052 12.326000213623 12.5210008621216 12.577000617981 12.5250005722046 12.6080007553101 12.7110004425049 12.9440002441406 13.1160001754761 13.0270004272461 13.0370006561279 13.0010004043579 12.9050006866455 12.9290008544922 12.7850008010864 12.8750009536743 12.9590005874634 13.0380010604858 13.0930004119873 13.1080007553101 13.0490007400513 13.0690002441406
12.0290002822876 11.9700002670288 11.9390001296997 11.8940010070801 11.9450006484985 11.9200010299683 11.9480009078979 12.032000541687 12.0870008468628 12.1230001449585 12.1040010452271 11.9980001449585 12.0030002593994 12.0150003433228 12.1050004959106 12.1100006103516 12.0890007019043 12.2130002975464 12.2360010147095 12.2280006408691 12.238000869751 12.2890005111694 12.4250001907349 12.4290008544922 12.3510007858276 12.4590005874634 12.4970006942749 12.2690010070801 12.2770004272461 12.3330001831055 12.3290004730225 12.443000793457 12.6250009536743 12.5340003967285 12.5510005950928 12.6150007247925 12.653000831604 12.8000001907349 12.8910007476807 13.0600004196167 13.1740007400513 13.1600008010864 12.8820009231567 12.742000579834 12.7600002288818 12.8620004653931 13.0230007171631 13.1240005493164 13.1730003356934 13.1300010681152 13.1820001602173 13.238000869751 13.157000541687
11.992000579834 11.9680004119873 12.0210008621216 12.0370006561279 12.0490007400513 12.0430002212524 12.0930004119873 12.1010007858276 12.0910005569458 12.1080007553101 12.0350008010864 11.9710006713867 12.0210008621216 12.0780010223389 12.0960006713867 12.1420001983643 12.1140003204346 12.2090005874634 12.2110004425049 12.2080001831055 12.2050008773804 12.3340005874634 12.4490003585815 12.5480003356934 12.5250005722046 12.4790010452271 12.4350004196167 12.2880001068115 12.3850002288818 12.4370002746582 12.6290006637573 12.8200006484985 12.7500009536743 12.6750001907349 12.6630010604858 12.8150005340576 12.8550004959106 12.8580007553101 12.8280010223389 12.9200010299683 13.0410003662109 13.2440004348755 12.9230003356934 12.8400001525879 12.7870006561279 12.9490003585815 13.2000007629395 13.3350009918213 13.314001083374 13.2640008926392 13.2670001983643 13.2490005493164 13.2700004577637
12.0020008087158 11.9050006866455 11.7740001678467 11.8480005264282 12.0180006027222 12.1310005187988 12.278000831604 12.1770009994507 12.0960006713867 12.0600004196167 11.9860010147095 12.0440006256104 12.0610008239746 12.0850009918213 12.1010007858276 12.1590003967285 12.1460008621216 12.077000617981 12.1590003967285 12.2660007476807 12.3360004425049 12.4700002670288 12.5900001525879 12.693000793457 12.7560005187988 12.6140003204346 12.4680004119873 12.3760004043579 12.4080009460449 12.5240001678467 12.7330007553101 12.6470003128052 12.6070003509521 12.6950006484985 12.7210006713867 12.7490005493164 12.903000831604 13.0980005264282 12.9820003509521 13.0820007324219 13.1990003585815 13.3760004043579 13.2480010986328 12.9950008392334 12.9140005111694 13.0910005569458 13.3000001907349 13.3600006103516 13.3660001754761 13.4120006561279 13.4420003890991 13.4040002822876 13.3840007781982
12.0710000991821 12.0050001144409 11.9010009765625 11.7200002670288 11.8410005569458 12.0540008544922 12.2290010452271 12.2630004882812 12.113000869751 12.0060005187988 11.9650001525879 12.0170001983643 12.0300006866455 12.0530004501343 12.0930004119873 12.1400003433228 12.1950006484985 12.2320003509521 12.2750005722046 12.3780002593994 12.4650001525879 12.6250009536743 12.7050008773804 12.8350009918213 12.8290004730225 12.7970008850098 12.8560009002686 12.7540006637573 12.693000793457 12.6950006484985 12.701000213623 12.6890001296997 12.6710004806519 12.7230005264282 12.8550004959106 12.9300003051758 12.9380006790161 13.1050004959106 13.2400007247925 13.2470006942749 13.3300008773804 13.4190006256104 13.3400011062622 13.1840009689331 13.0990009307861 13.2070007324219 13.2960004806519 13.4340009689331 13.451000213623 13.4890003204346 13.4750003814697 13.4380006790161 13.4340009689331
12.0400009155273 12.0540008544922 12.1300001144409 11.9760007858276 11.7940006256104 11.9400005340576 12.1500005722046 12.2610006332397 12.2440004348755 12.1350002288818 12.0700006484985 12.0270004272461 12.0710000991821 12.1110010147095 12.1620006561279 12.2210006713867 12.2340002059937 12.3170003890991 12.4180002212524 12.4550008773804 12.5500001907349 12.6640005111694 12.7180004119873 12.8930006027222 12.9150009155273 12.8810005187988 12.8370008468628 12.8300008773804 12.8320007324219 12.8750009536743 12.8460006713867 12.8360004425049 12.7350006103516 12.7440004348755 12.7650003433228 12.9830007553101 13.0880002975464 13.1490001678467 13.3110008239746 13.3150005340576 13.3480005264282 13.4000005722046 13.4250001907349 13.326000213623 13.2600002288818 13.2340002059937 13.3020009994507 13.3940010070801 13.4870004653931 13.528000831604 13.4530010223389 13.4200010299683 13.314001083374
12.1640005111694 12.1030006408691 11.8860006332397 11.8460006713867 11.9610004425049 11.9010009765625 12.07200050354 12.2480001449585 12.2290010452271 12.2400007247925 12.1850004196167 12.1540002822876 12.1460008621216 12.1650009155273 12.2030010223389 12.1880006790161 12.1850004196167 12.3500003814697 12.5310001373291 12.6280002593994 12.7150001525879 12.8010005950928 12.8730001449585 12.9420003890991 12.9550008773804 12.9640007019043 12.9590005874634 12.9350004196167 12.8790006637573 12.9060001373291 12.9690008163452 12.8840007781982 12.8110008239746 12.9200010299683 12.8970003128052 12.8700008392334 13.1090002059937 13.2530002593994 13.2640008926392 13.3340005874634 13.3920001983643 13.3530006408691 13.4490003585815 13.4690008163452 13.3400011062622 13.2520008087158 13.282000541687 13.3530006408691 13.4350004196167 13.4970006942749 13.5110006332397 13.4530010223389 13.3810005187988
12.0160007476807 12.0570001602173 12.1550006866455 12.1040010452271 12.1520004272461 12.0500001907349 12.0130004882812 12.282000541687 12.2870006561279 12.2730007171631 12.2710008621216 12.2070007324219 12.1720008850098 12.113000869751 12.0430002212524 12.1990003585815 12.2500009536743 12.2400007247925 12.4040002822876 12.6700010299683 12.827000617981 12.9300003051758 13.0710010528564 13.1250009536743 13.1310005187988 13.1320009231567 13.1240005493164 13.0710010528564 13.0340003967285 13.0510005950928 13.0550003051758 12.956000328064 12.8770008087158 13.0300006866455 12.9650001525879 12.9140005111694 13.0220003128052 13.1420001983643 13.2720003128052 13.2550010681152 13.2690010070801 13.3450002670288 13.488000869751 13.5480003356934 13.4620008468628 13.3090009689331 13.3250007629395 13.403000831604 13.4790010452271 13.4550008773804 13.3740005493164 13.3640003204346 13.3580007553101
12.1700010299683 12.1350002288818 11.9780006408691 12.1190004348755 12.1510009765625 12.1220006942749 11.9850006103516 12.278000831604 12.3440008163452 12.3600006103516 12.3530006408691 12.3560009002686 12.3610010147095 12.2260007858276 12.1160001754761 12.1630001068115 12.2540006637573 12.2840003967285 12.3030004501343 12.5070009231567 12.7450008392334 12.9350004196167 12.9650001525879 13.0600004196167 13.1250009536743 13.121000289917 13.1440010070801 13.0530004501343 12.996000289917 13.0620002746582 13.1940002441406 13.201000213623 13.0090007781982 13.1480007171631 13.0570001602173 12.9120006561279 13.0260009765625 13.0970010757446 13.2520008087158 13.4540004730225 13.4490003585815 13.4580001831055 13.5180006027222 13.5850009918213 13.5300006866455 13.4550008773804 13.4160003662109 13.4150009155273 13.4260005950928 13.3960008621216 13.3490009307861 13.2890005111694 13.189001083374
12.488000869751 12.3450002670288 12.1380004882812 12.1860008239746 12.0380001068115 12.0230007171631 11.9700002670288 12.2440004348755 12.3540010452271 12.4040002822876 12.4220008850098 12.4420003890991 12.4000005722046 12.278000831604 12.1380004882812 12.1220006942749 12.1990003585815 12.3490009307861 12.5080003738403 12.6300010681152 12.7050008773804 12.9180002212524 12.8920001983643 12.9910001754761 12.9980001449585 13.0060005187988 12.9780006408691 12.9810009002686 13.1180009841919 13.1640005111694 13.2530002593994 13.2610006332397 13.2640008926392 13.19700050354 13.07200050354 13.0240001678467 13.0590009689331 13.2530002593994 13.2960004806519 13.3950004577637 13.4290008544922 13.4580001831055 13.5940008163452 13.6820011138916 13.6440010070801 13.528000831604 13.451000213623 13.4080009460449 13.3910007476807 13.3720006942749 13.3590002059937 13.2850008010864 13.1360006332397
12.4930009841919 12.4120006561279 12.3510007858276 12.2850008010864 12.1540002822876 12.1360006332397 12.0750007629395 12.1730003356934 12.3250007629395 12.403000831604 12.4280004501343 12.4240007400513 12.4670009613037 12.4350004196167 12.3100004196167 12.2490005493164 12.2250003814697 12.4750003814697 12.7650003433228 12.9240007400513 12.8940010070801 13.076000213623 13.1140003204346 13.0200004577637 13.0290002822876 12.8980007171631 12.907000541687 12.8900003433228 12.9460010528564 13.1310005187988 13.0850009918213 13.1680002212524 13.2930002212524 13.3190002441406 13.2180004119873 13.1090002059937 13.2040004730225 13.3530006408691 13.5120010375977 13.5380010604858 13.5070009231567 13.6540002822876 13.6960010528564 13.7480010986328 13.649001121521 13.6380004882812 13.5600004196167 13.4290008544922 13.3620004653931 13.3550004959106 13.3430004119873 13.282000541687 13.1590003967285
12.4990005493164 12.452000617981 12.3520002365112 12.3040008544922 12.2490005493164 12.1240005493164 12.1700010299683 12.1810007095337 12.3510007858276 12.3860006332397 12.4840002059937 12.5090007781982 12.4700002670288 12.5290002822876 12.5160007476807 12.456000328064 12.4210004806519 12.6840009689331 13.0250005722046 13.2100009918213 13.1500005722046 13.2050008773804 13.2300004959106 13.2150001525879 13.0850009918213 12.9870004653931 13.0300006866455 13.0110006332397 12.91100025177 12.9140005111694 12.9460010528564 13.076000213623 13.1580009460449 13.2760009765625 13.4010009765625 13.2890005111694 13.2880010604858 13.3210010528564 13.5620002746582 13.6650009155273 13.7560005187988 13.7080001831055 13.5910005569458 13.6860008239746 13.6810007095337 13.5920009613037 13.5250005722046 13.4890003204346 13.4550008773804 13.4120006561279 13.3130006790161 13.2550010681152 13.2170009613037
