PresentLayers/tmin.asc
NCOLS 292 
NROWS 291 
XLLCORNER -87.6458333327872 
YLLCORNER 24.4791666666667 
CELLSIZE 0.0416666666669039 
NODATA_value -3.4e+38 
[rows 144 to 167 of 291, columns 53 to 105 of 292]
14.2590007781982 14.3470010757446 14.4450006484985 14.6440010070801 14.7600002288818 14.867000579834 14.9760007858276 14.7560005187988 14.8110008239746 14.8890008926392 14.8820009231567 14.8720006942749 14.8440008163452 14.8170003890991 14.7030010223389 14.6190004348755 14.5830011367798 14.5970010757446 14.5990009307861 14.6440010070801 14.6470003128052 14.6790008544922 14.7700004577637 14.8810005187988 14.9140005111694 14.9190006256104 14.9360008239746 14.8540010452271 14.9040002822876 14.8860006332397 14.859001159668 14.8150005340576 14.8000011444092 14.9090003967285 14.702000617981 14.7330007553101 14.7250003814697 14.8330011367798 14.8200006484985 14.9050006866455 14.8550004959106 14.8200006484985 14.8490009307861 14.8760004043579 15.0100011825562 15.1000003814697 15.1550006866455 15.234001159668 15.3440008163452 15.3810005187988 15.4200010299683 15.4450006484985 15.4290008544922
14.2210006713867 14.2650003433228 14.4800004959106 14.6540002822876 14.7990007400513 14.8910007476807 14.9270009994507 14.746000289917 14.7790002822876 14.8100004196167 14.7960004806519 14.742000579834 14.7050008773804 14.7470006942749 14.7220010757446 14.7010011672974 14.7160005569458 14.7200002670288 14.7160005569458 14.7410011291504 14.778000831604 14.7980003356934 14.8460006713867 14.9630002975464 14.9740009307861 14.9670009613037 14.8660011291504 14.9210004806519 14.871000289917 14.8080005645752 14.8100004196167 14.8820009231567 14.8690004348755 14.8490009307861 14.8800010681152 14.734001159668 14.7730007171631 15.0130004882812 14.827000617981 14.8480005264282 14.859001159668 14.8530006408691 14.8870010375977 14.9790010452271 15.0980005264282 15.19700050354 15.2650003433228 15.4010009765625 15.4330005645752 15.4740009307861 15.4580011367798 15.4120006561279 15.5210008621216
14.2390003204346 14.3040008544922 14.3940010070801 14.5210008621216 14.6250009536743 14.7500009536743 14.7760009765625 14.7540006637573 14.7640008926392 14.7650003433228 14.774001121521 14.7450008392334 14.7330007553101 14.7750005722046 14.8120002746582 14.7440004348755 14.7360010147095 14.7530002593994 14.746000289917 14.7830009460449 14.8300008773804 14.7640008926392 14.8760004043579 15.0050010681152 14.9850006103516 15.0290002822876 15.0140008926392 14.9760007858276 14.9570007324219 14.9490003585815 14.8840007781982 14.8650007247925 14.8870010375977 14.9600009918213 14.8930006027222 14.8940010070801 14.9340009689331 14.9820003509521 14.8640003204346 14.8150005340576 14.9190006256104 15.0150003433228 15.0150003433228 15.0990009307861 15.193000793457 15.2770004272461 15.3890008926392 15.4620008468628 15.4650011062622 15.4530010223389 15.4700002670288 15.5260009765625 15.528000831604
14.3480005264282 14.3960008621216 14.4440002441406 14.5510005950928 14.7250003814697 14.7550010681152 14.8030004501343 14.7560005187988 14.7650003433228 14.7790002822876 14.7960004806519 14.7990007400513 14.7980003356934 14.8240003585815 14.8210010528564 14.7920007705688 14.7700004577637 14.7580003738403 14.7720003128052 14.8120002746582 14.8390007019043 14.8510007858276 14.9340009689331 15.0690002441406 15.1380004882812 15.1730003356934 15.1250009536743 15.1360006332397 15.0700006484985 14.9860010147095 14.9450006484985 14.8820009231567 14.8730010986328 15.0130004882812 14.9510011672974 14.9010009765625 14.9570007324219 14.9240007400513 14.8820009231567 14.9100008010864 14.9760007858276 15.0800008773804 15.1720008850098 15.2120008468628 15.2470006942749 15.3400011062622 15.3870010375977 15.4450006484985 15.4580011367798 15.5070009231567 15.5020008087158 15.492000579834 15.5190010070801
14.4550008773804 14.4940004348755 14.492000579834 14.6990003585815 14.706000328064 14.7450008392334 14.8090009689331 14.7640008926392 14.7770004272461 14.7660007476807 14.7700004577637 14.8210010528564 14.8350009918213 14.8340005874634 14.8100004196167 14.8060007095337 14.774001121521 14.7630004882812 14.7630004882812 14.7690010070801 14.8260011672974 14.9210004806519 15.0160007476807 15.1810007095337 15.2800006866455 15.3900003433228 15.3090009689331 15.2500009536743 15.2410011291504 15.1000003814697 14.9930009841919 14.8400011062622 14.9490003585815 15.0960006713867 15.068000793457 14.9890003204346 14.9610004425049 14.9480009078979 14.9540004730225 15.0110006332397 15.0850009918213 15.149001121521 15.2270011901855 15.2830009460449 15.3110008239746 15.3240003585815 15.3900003433228 15.4240007400513 15.5020008087158 15.5500011444092 15.5220003128052 15.4780006408691 15.4910011291504
14.5450010299683 14.5630006790161 14.6150007247925 14.6710004806519 14.7510004043579 14.7990007400513 14.8340005874634 14.782000541687 14.7770004272461 14.7530002593994 14.7680006027222 14.8260011672974 14.8450002670288 14.8170003890991 14.8030004501343 14.7930011749268 14.7470006942749 14.7030010223389 14.6910009384155 14.7850008010864 14.831000328064 14.9170007705688 15.0120010375977 15.1290006637573 15.2540006637573 15.4040002822876 15.3720006942749 15.2850008010864 15.1990003585815 15.1060009002686 14.9990005493164 14.9510011672974 15.0630006790161 15.1590003967285 15.16100025177 15.0910005569458 15.0490007400513 15.0410003662109 15.0560007095337 15.0980005264282 15.1500005722046 15.2250003814697 15.3010005950928 15.3120002746582 15.2880010604858 15.3070011138916 15.3550004959106 15.4510011672974 15.5090007781982 15.4980010986328 15.4740009307861 15.4600009918213 15.4600009918213
14.7110004425049 14.7120008468628 14.7970008850098 14.8250007629395 14.7850008010864 14.8160009384155 14.7990007400513 14.7980003356934 14.8070011138916 14.7760009765625 14.778000831604 14.8090009689331 14.82200050354 14.8240003585815 14.8320007324219 14.778000831604 14.7100009918213 14.6780004501343 14.6940002441406 14.7080011367798 14.7760009765625 14.871000289917 14.9050006866455 14.9450006484985 15.0520009994507 15.2440004348755 15.274001121521 15.2280006408691 15.1620006561279 15.0510005950928 14.956000328064 14.9380006790161 15.0960006713867 15.2010011672974 15.2310009002686 15.2300004959106 15.189001083374 15.1650009155273 15.1950006484985 15.2400007247925 15.2590007781982 15.3080005645752 15.3870010375977 15.3800010681152 15.3390007019043 15.3600006103516 15.3550004959106 15.3830003738403 15.3910007476807 15.3520011901855 15.3470010757446 15.359001159668 15.439001083374
14.8690004348755 14.8560009002686 14.8820009231567 14.8350009918213 14.8490009307861 14.8540010452271 14.8410005569458 14.8260011672974 14.8290004730225 14.8100004196167 14.7990007400513 14.8240003585815 14.8160009384155 14.8370008468628 14.782000541687 14.7350006103516 14.6220006942749 14.5940008163452 14.6000003814697 14.5960006713867 14.6700010299683 14.7890005111694 14.8060007095337 14.7900009155273 14.8500003814697 15.0800008773804 15.1540002822876 15.1320009231567 15.1030006408691 15.0730009078979 15.0570011138916 15.0600004196167 15.1080007553101 15.1670007705688 15.2870006561279 15.3090009689331 15.2570009231567 15.2440004348755 15.2850008010864 15.3240003585815 15.3490009307861 15.371000289917 15.4500007629395 15.4200010299683 15.3550004959106 15.3490009307861 15.3370008468628 15.3430004119873 15.3690004348755 15.3190011978149 15.2730007171631 15.2940006256104 15.4350004196167
14.9950008392334 14.9050006866455 14.8060007095337 14.7870006561279 14.859001159668 14.9240007400513 14.9810009002686 14.9290008544922 14.8550004959106 14.8400011062622 14.7840003967285 14.7900009155273 14.7840003967285 14.7900009155273 14.7490005493164 14.657000541687 14.4900007247925 14.4800004959106 14.5470008850098 14.528000831604 14.4930009841919 14.6450004577637 14.7470006942749 14.8200006484985 14.8890008926392 15.0040006637573 15.0840005874634 15.1050004959106 15.149001121521 15.1690006256104 15.1260004043579 15.0930004119873 15.0970010757446 15.1080007553101 15.2320003509521 15.2840003967285 15.3280010223389 15.3280010223389 15.3510007858276 15.3800010681152 15.4140005111694 15.4630002975464 15.5200004577637 15.4700002670288 15.3850011825562 15.3450002670288 15.3540010452271 15.3570003509521 15.3540010452271 15.3210010528564 15.2710008621216 15.3390007019043 15.4610004425049
15.0820007324219 14.9140005111694 14.8640003204346 14.8460006713867 14.8950004577637 14.996000289917 15.0790004730225 15.0070009231567 14.9290008544922 14.8240003585815 14.827000617981 14.7950010299683 14.7550010681152 14.7400007247925 14.6920003890991 14.5920009613037 14.4760007858276 14.4750003814697 14.5140008926392 14.5450010299683 14.4700002670288 14.5790004730225 14.7210006713867 14.8360004425049 14.939001083374 15.0000009536743 15.1080007553101 15.2040004730225 15.3230009078979 15.3700008392334 15.3100004196167 15.2970008850098 15.3060007095337 15.3050003051758 15.3160009384155 15.3160009384155 15.3380002975464 15.4350004196167 15.4330005645752 15.439001083374 15.5010004043579 15.5500011444092 15.5590009689331 15.5450010299683 15.4740009307861 15.4150009155273 15.3690004348755 15.3460006713867 15.3620004653931 15.3320007324219 15.3090009689331 15.3510007858276 15.3930006027222
15.3260011672974 15.0940008163452 14.9400005340576 14.9130010604858 14.9870004653931 15.0440006256104 15.1000003814697 15.0880002975464 14.9810009002686 14.8840007781982 14.8200006484985 14.7810010910034 14.706000328064 14.7320003509521 14.734001159668 14.6320009231567 14.4910011291504 14.4860010147095 14.5190010070801 14.5650005340576 14.5670003890991 14.6420011520386 14.7550010681152 14.8870010375977 15.0190010070801 15.1680011749268 15.3690004348755 15.5450010299683 15.6510009765625 15.6710004806519 15.5910005569458 15.5650005340576 15.5730009078979 15.5890007019043 15.5780010223389 15.5210008621216 15.5020008087158 15.5310010910034 15.5590009689331 15.5410003662109 15.5570011138916 15.5610008239746 15.5950002670288 15.6180009841919 15.5570011138916 15.4650011062622 15.367000579834 15.3490009307861 15.4290008544922 15.3900003433228 15.3550004959106 15.3660011291504 15.3410005569458
15.6550006866455 15.3750009536743 15.1300010681152 15.0270004272461 14.9980010986328 15.0440006256104 15.1050004959106 15.0960006713867 15.0310010910034 14.9290008544922 14.827000617981 14.7620010375977 14.7350006103516 14.7100009918213 14.6860008239746 14.6200008392334 14.5050010681152 14.4940004348755 14.5300006866455 14.5900011062622 14.6670007705688 14.7680006027222 14.9060010910034 15.0920009613037 15.3290004730225 15.5790004730225 15.7840003967285 15.939001083374 16.0160007476807 16.0130004882812 15.9250011444092 15.863000869751 15.8640003204346 15.8820009231567 15.8600006103516 15.7660007476807 15.7480010986328 15.7650003433228 15.7350006103516 15.6960010528564 15.6610012054443 15.6810007095337 15.7200012207031 15.6860008239746 15.6230010986328 15.5750007629395 15.4650011062622 15.4370002746582 15.4250011444092 15.3650007247925 15.3100004196167 15.3680009841919 15.2870006561279
16.0230007171631 15.738000869751 15.4420003890991 15.1830005645752 15.0960006713867 15.0490007400513 15.1140003204346 15.1300010681152 15.0390005111694 14.9300003051758 14.8810005187988 14.7880010604858 14.7640008926392 14.7440004348755 14.7000007629395 14.6540002822876 14.5900011062622 14.6330003738403 14.6300010681152 14.6830005645752 14.814001083374 14.9850006103516 15.2040004730225 15.4890003204346 15.7690010070801 16.0670013427734 16.3050003051758 16.3570003509521 16.3850002288818 -3.4e+38 16.2690010070801 -3.4e+38 -3.4e+38 -3.4e+38 -3.4e+38 16.0990009307861 15.9940004348755 15.992000579834 15.9750003814697 15.9270009994507 15.8430004119873 15.7550010681152 15.7910003662109 15.7180004119873 15.6960010528564 15.6540002822876 15.5670003890991 15.4640007019043 15.3910007476807 15.3260011672974 15.3620004653931 15.3400011062622 15.2730007171631
16.3210010528564 16.1020011901855 15.7830009460449 15.4500007629395 15.2320003509521 15.1350011825562 15.1370010375977 15.1150007247925 15.0500011444092 14.9440002441406 14.8960008621216 14.9040002822876 14.8850011825562 14.8360004425049 14.8110008239746 14.7810010910034 14.7660007476807 14.818000793457 14.8640003204346 14.9310007095337 15.1110010147095 15.3160009384155 15.6230010986328 15.943000793457 16.2520008087158 16.4759998321533 16.6550006866455 -3.4e+38 -3.4e+38 -3.4e+38 -3.4e+38 -3.4e+38 -3.4e+38 -3.4e+38 -3.4e+38 -3.4e+38 16.3640003204346 16.3110008239746 16.2020015716553 16.1310005187988 16.0690002441406 15.9590005874634 15.9140005111694 15.7560005187988 15.6920003890991 15.6440010070801 15.5740003585815 15.4740009307861 15.3870010375977 15.3520011901855 15.3700008392334 15.314001083374 15.3230009078979
16.6160011291504 16.451000213623 16.109001159668 15.7890005111694 15.4980010986328 15.2680006027222 15.1350011825562 15.0850009918213 15.0760011672974 15.0030002593994 15.0170011520386 15.0370006561279 15.0610008239746 15.032000541687 15.0350008010864 15.0260009765625 15.0220003128052 15.0930004119873 15.1700010299683 15.3040008544922 15.4770011901855 15.7240009307861 16.0100002288818 16.3200016021729 16.5729999542236 16.7520008087158 -3.4e+38 -3.4e+38 -3.4e+38 -3.4e+38 -3.4e+38 -3.4e+38 -3.4e+38 -3.4e+38 -3.4e+38 -3.4e+38 -3.4e+38 -3.4e+38 16.5890007019043 16.4670009613037 16.3120002746582 16.2230014801025 16.1459999084473 15.9250011444092 15.7250003814697 15.6460008621216 15.568000793457 15.4720010757446 15.4100008010864 15.3910007476807 15.4090003967285 15.3510007858276 15.3170003890991
16.7720012664795 16.69700050354 16.4619998931885 16.1220016479492 15.8290004730225 15.5340003967285 15.2470006942749 15.1190004348755 15.1250009536743 15.1540002822876 15.2090005874634 15.2320003509521 15.3130006790161 15.3330011367798 15.3450002670288 15.3430004119873 15.3360004425049 15.4090003967285 15.5150003433228 15.6540002822876 15.8640003204346 16.1640014648438 16.4090003967285 16.6270008087158 16.8250007629395 16.9670009613037 -3.4e+38 -3.4e+38 -3.4e+38 -3.4e+38 -3.4e+38 -3.4e+38 -3.4e+38 -3.4e+38 -3.4e+38 -3.4e+38 -3.4e+38 -3.4e+38 -3.4e+38 -3.4e+38 16.69700050354 16.5360012054443 16.4280014038086 16.1960010528564 15.8780012130737 15.7200012207031 15.5930004119873 15.5670003890991 15.5220003128052 15.4950008392334 15.4850006103516 15.4440011978149 15.4400005340576
-3.4e+38 16.8390007019043 16.7960014343262 16.4970016479492 16.1389999389648 15.8380002975464 15.5190010070801 15.2880010604858 15.3320007324219 15.4120006561279 15.5200004577637 15.5870008468628 15.6660003662109 15.7040004730225 15.6990003585815 15.6610012054443 15.6710004806519 15.7290010452271 15.8490009307861 16.0690002441406 16.2680015563965 16.4600009918213 -3.4e+38 -3.4e+38 17.1200008392334 17.2840003967285 -3.4e+38 -3.4e+38 -3.4e+38 -3.4e+38 -3.4e+38 -3.4e+38 -3.4e+38 -3.4e+38 -3.4e+38 -3.4e+38 -3.4e+38 -3.4e+38 -3.4e+38 -3.4e+38 -3.4e+38 -3.4e+38 16.7400016784668 16.496000289917 16.1669998168945 15.8860006332397 15.7200012207031 15.6410007476807 15.5990009307861 15.5650005340576 15.5360012054443 15.5110006332397 15.5090007781982
-3.4e+38 17.0939998626709 17.0130004882812 16.9029998779297 16.5270004272461 16.193000793457 15.8560009002686 15.6420011520386 15.7190008163452 15.8000011444092 15.9120006561279 15.9810009002686 16.0930004119873 16.1140003204346 16.0950012207031 16.064001083374 16.068000793457 16.1400012969971 16.2540016174316 16.4090003967285 16.5069999694824 -3.4e+38 -3.4e+38 -3.4e+38 -3.4e+38 -3.4e+38 -3.4e+38 -3.4e+38 -3.4e+38 -3.4e+38 -3.4e+38 -3.4e+38 -3.4e+38 -3.4e+38 -3.4e+38 -3.4e+38 -3.4e+38 -3.4e+38 -3.4e+38 -3.4e+38 -3.4e+38 -3.4e+38 -3.4e+38 16.818000793457 16.5200004577637 16.193000793457 15.9300003051758 15.7540006637573 15.6950006484985 15.6220006942749 15.5580005645752 15.5100011825562 15.5590009689331
-3.4e+38 17.4250011444092 17.2750015258789 17.2490005493164 16.9150009155273 16.5480003356934 16.2350006103516 16.0540008544922 16.1420001983643 16.230001449585 16.3460006713867 16.4479999542236 16.5610008239746 16.5590000152588 16.5540008544922 16.5410003662109 16.5520000457764 16.605001449585 16.6290016174316 16.6310005187988 16.7490005493164 -3.4e+38 -3.4e+38 -3.4e+38 -3.4e+38 -3.4e+38 -3.4e+38 -3.4e+38 -3.4e+38 -3.4e+38 -3.4e+38 -3.4e+38 -3.4e+38 -3.4e+38 -3.4e+38 -3.4e+38 -3.4e+38 -3.4e+38 -3.4e+38 -3.4e+38 -3.4e+38 -3.4e+38 -3.4e+38 -3.4e+38 16.8280010223389 16.4680004119873 16.1610012054443 15.8850011825562 15.7530012130737 15.6590003967285 15.6260004043579 15.6070003509521 15.617000579834
-3.4e+38 17.7800006866455 17.5710010528564 17.5799999237061 17.3390007019043 16.9650001525879 16.6400012969971 16.4820003509521 16.5920009613037 16.6720008850098 16.806001663208 16.9260005950928 17.0490016937256 17.0190010070801 17.0530014038086 17.0090007781982 16.9820003509521 16.9180011749268 16.8430004119873 16.9460010528564 -3.4e+38 -3.4e+38 -3.4e+38 -3.4e+38 -3.4e+38 -3.4e+38 -3.4e+38 -3.4e+38 -3.4e+38 -3.4e+38 -3.4e+38 -3.4e+38 -3.4e+38 -3.4e+38 -3.4e+38 -3.4e+38 -3.4e+38 -3.4e+38 -3.4e+38 -3.4e+38 -3.4e+38 -3.4e+38 -3.4e+38 -3.4e+38 17.0810012817383 16.7540016174316 16.3790016174316 16.0500011444092 15.8330011367798 15.7030010223389 15.6560010910034 15.6340007781982 15.6370010375977
-3.4e+38 18.125 17.8740005493164 17.8800010681152 17.7130012512207 17.3720016479492 17.0670013427734 16.9530010223389 17.0490016937256 17.1240005493164 17.2350006103516 17.3620014190674 17.484001159668 17.4750003814697 17.5010013580322 17.375 17.2190017700195 17.2150001525879 -3.4e+38 -3.4e+38 -3.4e+38 -3.4e+38 -3.4e+38 -3.4e+38 -3.4e+38 -3.4e+38 -3.4e+38 -3.4e+38 -3.4e+38 -3.4e+38 -3.4e+38 -3.4e+38 -3.4e+38 -3.4e+38 -3.4e+38 -3.4e+38 -3.4e+38 -3.4e+38 -3.4e+38 -3.4e+38 -3.4e+38 -3.4e+38 -3.4e+38 -3.4e+38 -3.4e+38 17.0400009155273 16.685001373291 16.3190002441406 16.0400009155273 15.814001083374 15.7300004959106 15.6720008850098 15.6540002822876
-3.4e+38 18.5260009765625 18.1450004577637 17.984001159668 17.9740009307861 17.7510013580322 17.4990005493164 17.4100017547607 17.5090007781982 17.5710010528564 17.6790008544922 17.7370014190674 17.8190002441406 17.8200016021729 17.7900009155273 17.6710014343262 -3.4e+38 -3.4e+38 -3.4e+38 -3.4e+38 -3.4e+38 -3.4e+38 -3.4e+38 -3.4e+38 -3.4e+38 -3.4e+38 -3.4e+38 -3.4e+38 -3.4e+38 -3.4e+38 -3.4e+38 -3.4e+38 -3.4e+38 -3.4e+38 -3.4e+38 -3.4e+38 -3.4e+38 -3.4e+38 -3.4e+38 -3.4e+38 -3.4e+38 -3.4e+38 -3.4e+38 -3.4e+38 -3.4e+38 -3.4e+38 16.9610004425049 16.6190013885498 16.2620010375977 15.9820003509521 15.8210010528564 15.7210006713867 15.6700010299683
-3.4e+38 -3.4e+38 -3.4e+38 -3.4e+38 -3.4e+38 17.9700012207031 17.7920017242432 17.7780017852783 17.8660011291504 17.8990001678467 17.9990005493164 18.064001083374 18.1440010070801 18.1580009460449 -3.4e+38 -3.4e+38 -3.4e+38 -3.4e+38 -3.4e+38 -3.4e+38 -3.4e+38 -3.4e+38 -3.4e+38 -3.4e+38 -3.4e+38 -3.4e+38 -3.4e+38 -3.4e+38 -3.4e+38 -3.4e+38 -3.4e+38 -3.4e+38 -3.4e+38 -3.4e+38 -3.4e+38 -3.4e+38 -3.4e+38 -3.4e+38 -3.4e+38 -3.4e+38 -3.4e+38 -3.4e+38 -3.4e+38 -3.4e+38 -3.4e+38 -3.4e+38 -3.4e+38 -3.4e+38 -3.4e+38 16.234001159668 15.9850006103516 15.8060007095337 15.7140007019043
-3.4e+38 -3.4e+38 -3.4e+38 -3.4e+38 -3.4e+38 -3.4e+38 -3.4e+38 -3.4e+38 18.189001083374 18.1950016021729 18.2940006256104 18.4130001068115 -3.4e+38 -3.4e+38 -3.4e+38 -3.4e+38 -3.4e+38 -3.4e+38 -3.4e+38 -3.4e+38 -3.4e+38 -3.4e+38 -3.4e+38 -3.4e+38 -3.4e+38 -3.4e+38 -3.4e+38 -3.4e+38 -3.4e+38 -3.4e+38 -3.4e+38 -3.4e+38 -3.4e+38 -3.4e+38 -3.4e+38 -3.4e+38 -3.4e+38 -3.4e+38 -3.4e+38 -3.4e+38 -3.4e+38 -3.4e+38 -3.4e+38 -3.4e+38 -3.4e+38 -3.4e+38 -3.4e+38 -3.4e+38 -3.4e+38 16.4610004425049 16.1740016937256 15.9440011978149 15.8130006790161
