PresentLayers/vpdmax.asc
NCOLS 292 
NROWS 291 
XLLCORNER -87.6458333327872 
YLLCORNER 24.4791666666667 
CELLSIZE 0.0416666666669039 
NODATA_value -3.4e+38 
[rows 72 to 95 of 291, columns 106 to 158 of 292]
16.310001373291 16.2490005493164 16.2390003204346 16.1620006561279 16.4780006408691 16.7330017089844 16.8080005645752 16.8439998626709 16.9440002441406 16.9980010986328 16.9380016326904 17.0380001068115 17.3430004119873 17.435001373291 17.4790000915527 17.8610000610352 18.2600002288818 18.2320003509521 18.0570011138916 17.6100006103516 17.6600017547607 17.7210006713867 18.0830001831055 18.2620010375977 18.44700050354 18.609001159668 18.6290016174316 18.6060009002686 18.605001449585 18.3580017089844 18.0230007171631 18.0670013427734 18.3950004577637 18.2970008850098 18.4409999847412 18.4420013427734 18.4630012512207 18.6440010070801 18.7400016784668 18.568000793457 18.4000015258789 18.3330001831055 18.1330013275146 17.9400005340576 17.9080009460449 17.7950000762939 17.7569999694824 17.7709999084473 17.7569999694824 17.7910003662109 17.806001663208 17.7920017242432 17.7900009155273
16.4170017242432 16.363000869751 16.4409999847412 16.3620014190674 16.5620002746582 16.689001083374 16.8420009613037 16.9290008544922 16.7940006256104 16.7820014953613 16.7020015716553 16.9810009002686 17.0300006866455 17 17.4619998931885 17.8159999847412 18.238000869751 18.3200016021729 18.0520000457764 17.617000579834 17.6400012969971 17.6670017242432 17.8430004119873 17.9340000152588 18.189001083374 18.1400012969971 18.105001449585 18.5270004272461 18.988000869751 18.935001373291 18.2850017547607 18.2360000610352 18.5090007781982 18.4240016937256 18.4240016937256 18.3420009613037 18.2320003509521 18.4500007629395 18.6650009155273 18.6480007171631 18.4750003814697 18.2720012664795 18.230001449585 18.0310001373291 17.935001373291 17.7930011749268 17.7450008392334 17.6770000457764 17.7250003814697 18.0170001983643 18.109001159668 17.9200000762939 17.9230003356934
16.5520000457764 16.6730003356934 16.6190013885498 16.6330013275146 16.5310001373291 16.5890007019043 16.6990013122559 16.7849998474121 16.9530010223389 16.7650012969971 16.6680011749268 16.8480014801025 16.6420001983643 16.7820014953613 17.1680011749268 17.2720012664795 17.8560009002686 17.9060001373291 17.8330001831055 17.4600009918213 17.5700016021729 17.6940002441406 17.4530010223389 17.730001449585 17.9910011291504 17.8150005340576 17.8760013580322 18.6389999389648 19.4360008239746 19.5770015716553 18.7610015869141 18.7050018310547 18.7140007019043 18.4150009155273 18.4640007019043 18.4280014038086 18.4100017547607 18.5300006866455 18.6590003967285 18.5750007629395 18.3870010375977 18.1990013122559 18.1790008544922 18.1300010681152 17.9100017547607 17.7140007019043 17.726001739502 17.6620006561279 17.7160015106201 17.8400001525879 17.871000289917 18.0610008239746 18.0530014038086
16.7569999694824 16.730001449585 16.6070003509521 16.7890014648438 16.6420001983643 16.492000579834 16.601001739502 16.7779998779297 17.0200004577637 16.9340000152588 16.4600009918213 16.5349998474121 16.3850002288818 16.4409999847412 16.480001449585 16.806001663208 17.2160015106201 17.4190006256104 17.484001159668 17.3450012207031 17.6310005187988 17.4930000305176 17.4580001831055 17.8299999237061 17.5990009307861 17.5360012054443 17.8700008392334 18.5290012359619 19.2950000762939 19.6840000152588 19.3120002746582 18.8500003814697 18.3930015563965 18.3730010986328 18.57200050354 18.5729999542236 18.5510005950928 18.6110000610352 18.6630001068115 18.57200050354 18.3390007019043 18.1570014953613 18.1120014190674 18.0340003967285 17.9549999237061 17.689001083374 17.6150016784668 17.5430011749268 17.6319999694824 17.8580017089844 17.8299999237061 17.9590015411377 17.9590015411377
16.8570003509521 16.8889999389648 16.8400001525879 16.9190006256104 16.9400005340576 16.859001159668 16.855001449585 16.8390007019043 16.8190002441406 17.0200004577637 16.689001083374 16.5340003967285 16.5300006866455 16.3190002441406 16.3010005950928 16.7760009765625 17.1220016479492 17.3490009307861 17.3990001678467 16.9970016479492 17.1240005493164 16.9750003814697 17.0659999847412 17.4040012359619 17.431001663208 17.4730014801025 17.6440010070801 18.4240016937256 18.4700012207031 19.07200050354 18.8650016784668 18.7540016174316 18.5400009155273 18.5280017852783 18.5870018005371 18.6440010070801 18.6410007476807 18.6780014038086 18.726001739502 18.556001663208 18.3320007324219 18.1450004577637 18.0150012969971 17.9450016021729 17.7810001373291 17.6060009002686 17.5060005187988 17.5630016326904 17.5750007629395 17.6950016021729 17.851001739502 17.8740005493164 17.8640003204346
17.113000869751 17.314001083374 17.1900005340576 17.3240013122559 17.359001159668 17.1510009765625 16.8980007171631 16.6120014190674 16.7280006408691 16.8940010070801 16.943000793457 16.7540016174316 16.4479999542236 16.6060009002686 16.314001083374 16.3830013275146 16.8690013885498 17.2049999237061 17.4040012359619 17.1990013122559 17.3940010070801 16.9910011291504 17.0450000762939 17.3120002746582 17.2170009613037 17.564001083374 18.0340003967285 17.7090015411377 17.9680004119873 18.2730007171631 18.6150016784668 18.7080001831055 18.7990016937256 18.609001159668 18.6660003662109 18.5920009613037 18.6530017852783 18.7630004882812 18.7490005493164 18.6180000305176 18.4210014343262 18.1950016021729 17.9980010986328 17.7900009155273 17.5270004272461 17.3040008544922 17.4250011444092 17.6160011291504 17.8610000610352 17.8350009918213 17.8090000152588 17.7750015258789 17.8010005950928
16.9110012054443 17.3889999389648 17.5080013275146 17.5400009155273 17.3340015411377 17.2410011291504 16.9000015258789 16.7910003662109 16.851001739502 17.0100002288818 17.1660003662109 16.9650001525879 16.6300010681152 16.7240009307861 16.5860004425049 16.4460010528564 16.564001083374 16.9830017089844 17.1900005340576 17.4710006713867 17.4250011444092 16.9400005340576 17.1730003356934 17.4029998779297 17.0690002441406 17.2110004425049 17.7750015258789 17.9170017242432 17.9490013122559 18.2490005493164 18.6300010681152 18.6979999542236 18.6820011138916 18.6550006866455 18.6680011749268 18.6520004272461 18.6690006256104 18.7250003814697 18.7040004730225 18.5370006561279 18.3850002288818 18.1920013427734 17.9740009307861 17.7870006561279 17.5180015563965 17.2760009765625 17.6360015869141 18.0300006866455 17.9650001525879 18.0200004577637 17.9260005950928 17.9340000152588 17.8690013885498
17.4990005493164 17.5610008239746 17.1780014038086 17.3080005645752 17.181001663208 16.9060001373291 16.8810005187988 16.875 16.8690013885498 16.9560012817383 17.2170009613037 17.0279998779297 16.6040000915527 16.5120010375977 16.746000289917 16.5440006256104 16.6280002593994 16.5400009155273 16.814001083374 17.0220012664795 17.1160011291504 17.2440013885498 17.4280014038086 17.3240013122559 16.9500007629395 17.2290000915527 17.492000579834 17.7210006713867 18.0540008544922 18.2560005187988 18.2450008392334 18.3740005493164 18.6580009460449 18.69700050354 18.7390003204346 18.7530002593994 18.8270015716553 18.7240009307861 18.605001449585 18.5050010681152 18.3720016479492 18.2049999237061 18.1400012969971 18.1770000457764 17.9890003204346 17.8110008239746 18.0550003051758 18.4890003204346 18.3560009002686 18.0530014038086 17.818000793457 17.7930011749268 17.7880001068115
17.1420001983643 17.0820007324219 16.730001449585 16.9050006866455 16.9490013122559 17.0860004425049 16.9650001525879 16.8390007019043 17.0320014953613 16.9750003814697 17.0780010223389 17.2940006256104 16.8920001983643 16.6760005950928 16.8040008544922 17.0570011138916 16.8740005493164 16.6100006103516 16.6319999694824 16.8369998931885 16.9990005493164 17.3650016784668 17.3440017700195 17.69700050354 17.4619998931885 17.3450012207031 17.9900016784668 18.1150016784668 18.109001159668 18.185001373291 18.3460006713867 18.3520011901855 18.4530010223389 18.7390003204346 18.6880016326904 18.7240009307861 18.7970008850098 18.6319999694824 18.5440006256104 18.480001449585 18.44700050354 18.1920013427734 18.2550010681152 18.2049999237061 18.1230010986328 17.996000289917 18.2940006256104 18.8810005187988 18.6000003814697 18.1830005645752 17.8390007019043 17.6750011444092 17.7000007629395
17.0040016174316 16.8340015411377 16.44700050354 16.3840007781982 16.9210014343262 17.0939998626709 17.2700004577637 17.0380001068115 16.8420009613037 16.9560012817383 17.3120002746582 17.3570003509521 17.0100002288818 17.0050010681152 17.0150012969971 17.1790008544922 17.0100002288818 16.9280014038086 16.9619998931885 17.064001083374 17.1450004577637 17.2900009155273 17.226001739502 17.4250011444092 17.7940006256104 17.7950000762939 17.8540000915527 17.9830017089844 18.1080017089844 18.1440010070801 18.0740013122559 18.2970008850098 18.3250007629395 18.4560012817383 18.8020000457764 18.859001159668 18.7590007781982 18.6540012359619 18.6590003967285 18.5050010681152 18.4380016326904 18.3700008392334 18.375 18.3130016326904 18.1110000610352 18.076000213623 18.4360008239746 18.625 18.5700016021729 18.3770008087158 17.988000869751 17.7630004882812 17.681001663208
16.9740009307861 16.8780002593994 16.6840000152588 16.7090015411377 17.0020008087158 17.3800010681152 17.6140003204346 17.1100006103516 16.8120002746582 16.9610004425049 17.2990016937256 17.5850009918213 17.6820011138916 17.3800010681152 16.9140014648438 17.3150005340576 16.9650001525879 17.1540012359619 17.076000213623 17.3400001525879 17.314001083374 17.3650016784668 17.4250011444092 17.492000579834 17.5150012969971 17.7569999694824 18.0659999847412 18.2200012207031 18.2350006103516 18.0139999389648 17.9250011444092 17.9340000152588 18.0960006713867 18.2890014648438 18.3390007019043 18.9420013427734 18.9060001373291 18.6760005950928 18.5780010223389 18.4479999542236 18.4680004119873 18.3930015563965 18.1950016021729 18.2230014801025 18.1640014648438 18.1060009002686 18.1290016174316 18.3920001983643 18.3470001220703 18.1680011749268 17.9940013885498 17.8290004730225 17.7480010986328
17.4530010223389 17.0480003356934 16.855001449585 16.9860000610352 16.7550010681152 17.3900012969971 17.8780002593994 17.3480014801025 17.2830009460449 17.0030002593994 16.9540004730225 17.1790008544922 17.5990009307861 17.7900009155273 17.1000003814697 17.3910007476807 17.1420001983643 17.3620014190674 17.4020004272461 17.3520011901855 17.4700012207031 17.3450012207031 17.1319999694824 17.0270004272461 17.242000579834 17.5520000457764 17.7090015411377 17.855001449585 18.0400009155273 18.0530014038086 18.0440006256104 17.8420009613037 17.9580001831055 18.0780010223389 18.4910011291504 18.6430015563965 18.8200016021729 18.7390003204346 18.556001663208 18.3280010223389 18.4590015411377 18.4220008850098 18.1120014190674 18.1280002593994 18.0770015716553 18.0490016937256 18.0350017547607 18.109001159668 18.1600017547607 18.07200050354 18.0470008850098 17.9250011444092 17.8810005187988
17.7770004272461 17.2140007019043 17.4280014038086 17.4120006561279 17.2800006866455 17.7020015716553 18.1950016021729 17.3530006408691 17.4600009918213 17.2650012969971 17.0250015258789 17.1410007476807 17.1950016021729 17.4300003051758 17.7230014801025 17.3940010070801 17.6110000610352 17.3410015106201 17.5069999694824 17.3959999084473 17.4120006561279 17.4420013427734 17.3380012512207 17.2360000610352 17.3240013122559 17.5950012207031 17.7450008392334 17.7740001678467 17.8170013427734 17.935001373291 17.8280010223389 18.0750007629395 18.2470016479492 18.1100006103516 18.1470012664795 18.2800006866455 18.3170013427734 18.3420009613037 18.2220001220703 18.0580005645752 18.1400012969971 18.0500011444092 18.0010013580322 17.9790000915527 18 17.9000015258789 17.8000011444092 17.7680015563965 17.7610015869141 17.9300003051758 17.9540004730225 17.9640007019043 17.931001663208
18.0630016326904 17.8500003814697 17.855001449585 18.0390014648438 17.5080013275146 17.7440013885498 18.0840015411377 17.7280006408691 17.7060012817383 17.32200050354 17.0830001831055 17.1940002441406 17.2850017547607 17.3760013580322 17.7350006103516 17.7760009765625 17.5690002441406 17.5420017242432 17.6160011291504 17.2040004730225 17.2000007629395 17.3940010070801 17.2590007781982 17.2730007171631 17.6040000915527 17.6650009155273 17.6450004577637 17.9270000457764 17.7670001983643 17.7140007019043 17.8090000152588 17.818000793457 17.6490001678467 18.0880012512207 18.2700004577637 18.1650009155273 18.1600017547607 18.076000213623 18.0570011138916 17.9360008239746 17.826000213623 17.7750015258789 17.9170017242432 17.939001083374 17.855001449585 17.6490001678467 17.3690013885498 17.3870010375977 17.5250015258789 17.689001083374 17.8450012207031 17.9340000152588 17.9190006256104
18.0870018005371 18.6490001678467 18.7040004730225 18.3150005340576 17.9670009613037 17.8040008544922 18.2700004577637 17.94700050354 17.4600009918213 17.3340015411377 17.1400012969971 17.1610012054443 17.2330017089844 17.4950008392334 17.6120014190674 17.7590007781982 17.8420009613037 17.875 17.6190013885498 17.371000289917 17.1230010986328 17.3110008239746 17.4090003967285 17.2820014953613 17.4780006408691 17.8350009918213 17.8830013275146 18.0390014648438 17.8200016021729 17.7480010986328 17.3540000915527 17.1040000915527 17.4870014190674 17.7980003356934 18.1120014190674 17.9940013885498 17.9000015258789 17.9440002441406 17.9360008239746 17.9140014648438 17.8250007629395 17.564001083374 17.701000213623 17.806001663208 17.6400012969971 17.4150009155273 17.1280002593994 17.0869998931885 17.3159999847412 17.5190010070801 17.6630001068115 17.8030014038086 17.9090003967285
18.4150009155273 18.4890003204346 18.8500003814697 18.7760009765625 18.3570003509521 17.7900009155273 17.9380016326904 17.5110015869141 17.3210010528564 17.2070007324219 17.1490001678467 17.3460006713867 17.4320011138916 17.5869998931885 17.7090015411377 17.9300003051758 17.8770008087158 17.6490001678467 17.5990009307861 17.3410015106201 17.6180000305176 17.3810005187988 17.371000289917 17.1540012359619 17.1470012664795 17.5240001678467 18.0310001373291 18.2550010681152 18.3190002441406 18.0799999237061 17.6360015869141 17.5890007019043 17.951000213623 17.9590015411377 17.9240016937256 17.7980003356934 17.701000213623 17.818000793457 17.7250003814697 17.7590007781982 17.7639999389648 17.6319999694824 17.6490001678467 17.7130012512207 17.5010013580322 17.3850002288818 17.2130012512207 17.1780014038086 17.2880001068115 17.4040012359619 17.5130004882812 17.6510009765625 17.7130012512207
18.4100017547607 18.4230003356934 18.5090007781982 18.9270000457764 18.7890014648438 18.2430000305176 18.2049999237061 17.4170017242432 17.064001083374 16.9660015106201 17.0100002288818 17.101001739502 17.2530002593994 17.3480014801025 17.6080017089844 17.7560005187988 17.806001663208 17.9290008544922 17.7000007629395 17.6070003509521 17.496000289917 17.5940017700195 17.2670001983643 17.1350002288818 17.2980003356934 17.3730010986328 17.3650016784668 17.8090000152588 18.4000015258789 18.2890014648438 18.0130004882812 17.9670009613037 17.8840007781982 17.7370014190674 17.6470012664795 17.609001159668 17.601001739502 17.5740013122559 17.5980014801025 17.576000213623 17.6180000305176 17.6570014953613 17.7170009613037 17.6690006256104 17.484001159668 17.3330001831055 17.2490005493164 17.2240009307861 17.2080001831055 17.25 17.3390007019043 17.4360008239746 17.5520000457764
18.6040000915527 18.5 18.2440013885498 18.4330005645752 18.8460006713867 18.7550010681152 18.1600017547607 17.6540012359619 17.3770008087158 17.0920009613037 17.2030010223389 17.0570011138916 17.4540004730225 17.6020011901855 17.7430000305176 17.9300003051758 17.931001663208 17.996000289917 18.0570011138916 17.7940006256104 17.6940002441406 17.5799999237061 17.375 17.3200016021729 17.3910007476807 17.4580001831055 17.5659999847412 17.8320007324219 18.1280002593994 18.2490005493164 18.1040000915527 17.9340000152588 17.7790012359619 17.6750011444092 17.4260005950928 17.3580017089844 17.4240016937256 17.3190002441406 17.3570003509521 17.4290008544922 17.4490013122559 17.6140003204346 17.6720008850098 17.6000003814697 17.3400001525879 17.2330017089844 17.1240005493164 17.0050010681152 17.0100002288818 17.0840015411377 17.1550006866455 17.2650012969971 17.3740005493164
18.3480014801025 18.3880004882812 18.6680011749268 18.5440006256104 18.3800010681152 18.9060001373291 18.4370002746582 17.5920009613037 17.4090003967285 17.3040008544922 17.3780002593994 17.4790000915527 17.5850009918213 17.8870010375977 18.1180000305176 18.1710014343262 18.0490016937256 18.0139999389648 18.056001663208 17.8200016021729 17.685001373291 17.6700000762939 17.5410003662109 17.3490009307861 17.4120006561279 17.5470008850098 17.6100006103516 17.8730010986328 18.0440006256104 18.0410003662109 17.9910011291504 17.7569999694824 17.5370006561279 17.443000793457 17.2620010375977 16.9660015106201 17.0320014953613 17.0820007324219 17.1120014190674 17.2890014648438 17.3190002441406 17.4440002441406 17.5100002288818 17.4130001068115 17.2049999237061 17.0650005340576 16.851001739502 16.8090000152588 16.8480014801025 16.8810005187988 16.9050006866455 17.0380001068115 17.2400016784668
18.7440013885498 18.5230007171631 18.2060012817383 18.0440006256104 17.951000213623 18.4010009765625 18.8500003814697 17.7440013885498 17.5890007019043 17.484001159668 17.560001373291 17.730001449585 17.8430004119873 17.8959999084473 18.1740016937256 18.5530014038086 18.4850006103516 18.2100009918213 18.0740013122559 17.859001159668 17.6780014038086 17.5820007324219 17.4450016021729 17.3990001678467 17.3990001678467 17.4140014648438 17.5440006256104 17.7150001525879 17.8520011901855 17.8280010223389 17.6979999542236 17.5570011138916 17.3920001983643 17.1430015563965 17.0020008087158 16.7490005493164 16.7080001831055 16.8280010223389 16.7770004272461 16.8490009307861 16.9860000610352 17.1140003204346 17.2000007629395 17.2470016479492 17.1360015869141 16.9290008544922 16.6540012359619 16.5110015869141 16.5300006866455 16.5260009765625 16.564001083374 16.8889999389648 17.2310009002686
18.5530014038086 18.4790000915527 18.6990013122559 18.2770004272461 18.0330009460449 18.1540012359619 18.8790016174316 17.9140014648438 17.939001083374 17.5710010528564 17.6280002593994 17.8210010528564 18.1160011291504 18.1360015869141 18.2670001983643 18.476001739502 18.6450004577637 18.4250011444092 18.1690006256104 17.8500003814697 17.7220001220703 17.6640014648438 17.4520015716553 17.375 17.234001159668 17.2320003509521 17.2639999389648 17.3950004577637 17.3860015869141 17.355001449585 17.2970008850098 17.1520004272461 17.0460014343262 16.8470001220703 16.7680015563965 16.6100006103516 16.4820003509521 16.4260005950928 16.4400005340576 16.5460014343262 16.7070007324219 16.8020000457764 16.9100017547607 16.9170017242432 16.7709999084473 16.6100006103516 16.3760013580322 16.234001159668 16.1580009460449 16.1940002441406 16.3450012207031 16.7440013885498 17.1940002441406
17.9120006561279 18.1270008087158 18.4530010223389 18.2400016784668 18.4330005645752 18.5200004577637 18.8229999542236 18.2740001678467 17.8390007019043 17.7970008850098 17.7060012817383 17.9640007019043 18.1440010070801 18.3620014190674 18.310001373291 18.3770008087158 18.476001739502 18.5060005187988 18.351001739502 18.0420017242432 17.7680015563965 17.6730003356934 17.5220012664795 17.4190006256104 17.2290000915527 17.2400016784668 17.2119998931885 17.1820011138916 17.1430015563965 17.1200008392334 17.0139999389648 16.8070011138916 16.6319999694824 16.5160007476807 16.5040016174316 16.4180011749268 16.318000793457 16.2730007171631 16.310001373291 16.3600006103516 16.5139999389648 16.5830001831055 16.621000289917 16.5160007476807 16.44700050354 16.2690010070801 16.0349998474121 15.8160009384155 15.6410007476807 15.7430009841919 16.07200050354 16.4700012207031 17.0040016174316
17.9200000762939 18.0220012664795 17.9670009613037 17.9240016937256 18.1710014343262 18.1240005493164 18.5900001525879 18.5650005340576 17.931001663208 18.0200004577637 17.7930011749268 17.8000011444092 18.1770000457764 18.4240016937256 18.4420013427734 18.3380012512207 18.2770004272461 18.4520015716553 18.3760013580322 18.1360015869141 17.8600006103516 17.7940006256104 17.7280006408691 17.5050010681152 17.4860000610352 17.4120006561279 17.2040004730225 17.1550006866455 17.0590000152588 16.9650001525879 16.8880004882812 16.6900005340576 16.355001449585 16.2030010223389 16.19700050354 16.1599998474121 16.1290016174316 16.1550006866455 16.2630004882812 16.2920017242432 16.4140014648438 16.4660015106201 16.4200000762939 16.4280014038086 16.3490009307861 16.1150016784668 15.7390003204346 15.3760004043579 15.1370010375977 15.3020009994507 15.7080011367798 16.2230014801025 16.8010005950928
17.8889999389648 17.7639999389648 17.8270015716553 17.7890014648438 17.7790012359619 18.1160011291504 18.1290016174316 18.5890007019043 18.1230010986328 18.1909999847412 17.9540004730225 17.851001739502 17.875 18.2490005493164 18.4340000152588 18.4240016937256 18.2510013580322 18.2800006866455 18.2580013275146 18.2490005493164 18.0010013580322 17.8920001983643 17.8000011444092 17.6600017547607 17.5729999542236 17.3940010070801 17.238000869751 17.105001449585 17.0470008850098 16.9720001220703 16.8950004577637 16.6270008087158 16.2930011749268 16.0100002288818 15.8190011978149 15.8940010070801 15.9080009460449 15.996000289917 16.1230010986328 16.193000793457 16.2040004730225 16.25 16.3480014801025 16.2840003967285 16.2430000305176 16.1160011291504 15.8020009994507 15.3890008926392 15.1390008926392 15.2470006942749 15.6810007095337 16.1640014648438 16.5869998931885
