PresentLayers/vpdmax.asc
NCOLS 292 
NROWS 291 
XLLCORNER -87.6458333327872 
YLLCORNER 24.4791666666667 
CELLSIZE 0.0416666666669039 
NODATA_value -3.4e+38 
[rows 48 to 71 of 291, columns 159 to 211 of 292]
18.1440010070801 18.1880016326904 17.7750015258789 18.0220012664795 17.8480014801025 17.5780010223389 17.4260005950928 16.875 17.1820011138916 17.6960010528564 18.117000579834 18 18.0130004882812 18.1560001373291 18.238000869751 18.4980010986328 18.4300003051758 18.4490013122559 18.3690013885498 18.4790000915527 18.6000003814697 18.5220012664795 18.4780006408691 18.4540004730225 18.3360004425049 18.113000869751 18.0040016174316 17.9200000762939 18 18.1040000915527 18.3870010375977 18.4320011138916 18.230001449585 18.076000213623 18.0590000152588 17.9160003662109 17.7190017700195 17.6470012664795 17.5750007629395 17.5590000152588 17.4810009002686 17.4570007324219 17.4170017242432 17.3920001983643 17.2639999389648 17.1730003356934 17.189001083374 16.9970016479492 16.7070007324219 16.5840015411377 16.5209999084473 16.5160007476807 16.3790016174316
18.0130004882812 17.8740005493164 18.064001083374 18.6180000305176 18.484001159668 18.0960006713867 17.7090015411377 17.7990016937256 17.7900009155273 18.076000213623 18.0960006713867 18.2680015563965 18.1500015258789 18.2390003204346 18.4450016021729 18.5260009765625 18.4820003509521 18.3690013885498 18.3540000915527 18.4590015411377 18.484001159668 18.3360004425049 18.3760013580322 18.3200016021729 18.1800003051758 18.0690002441406 18.0069999694824 17.9330005645752 17.9270000457764 18 18.0020008087158 17.992000579834 17.8790016174316 17.7170009613037 17.7100009918213 17.7760009765625 17.7590007781982 17.6140003204346 17.5380001068115 17.4690017700195 17.3980007171631 17.3740005493164 17.2450008392334 17.1520004272461 17.1240005493164 17.0139999389648 16.9140014648438 16.8110008239746 16.6610012054443 16.5050010681152 16.4790000915527 16.4479999542236 16.2709999084473
19.0950012207031 18.7430000305176 18.7530002593994 18.826000213623 18.3580017089844 18.2740001678467 18.3980007171631 18.3840007781982 18.0260009765625 18.1840000152588 18.3540000915527 18.4450016021729 18.3850002288818 18.3730010986328 18.4200000762939 18.5139999389648 18.6140003204346 18.4730014801025 18.5280017852783 18.6040000915527 18.685001373291 18.5980014801025 18.564001083374 18.4000015258789 18.2060012817383 18.0729999542236 18.0290012359619 17.9370002746582 17.9540004730225 17.9090003967285 17.7560005187988 17.7800006866455 17.7890014648438 17.7090015411377 17.6680011749268 17.7180004119873 17.5690002441406 17.4040012359619 17.371000289917 17.2860012054443 17.1420001983643 17.1319999694824 17.0799999237061 16.9660015106201 16.9240016937256 16.8889999389648 16.7639999389648 16.6500015258789 16.5420017242432 16.4549999237061 16.439001083374 16.355001449585 16.0939998626709
18.6500015258789 18.9550018310547 19.0360012054443 18.9660015106201 18.7510013580322 18.6510009765625 18.7510013580322 18.5940017700195 18.5450000762939 18.5530014038086 18.4500007629395 18.484001159668 18.3860015869141 18.3570003509521 18.32200050354 18.3370018005371 18.4690017700195 18.5020008087158 18.6900005340576 18.8450012207031 19.0110015869141 19.0320014953613 18.8340015411377 18.57200050354 18.3090000152588 18.0670013427734 18.0510005950928 18.0450000762939 17.9400005340576 17.8410015106201 17.7220001220703 17.8090000152588 17.8210010528564 17.6350002288818 17.5700016021729 17.5510005950928 17.4160003662109 17.3390007019043 17.2530002593994 17.1790008544922 17.0069999694824 16.935001373291 16.9060001373291 16.8040008544922 16.7210006713867 16.6240005493164 16.5190010070801 16.4080009460449 16.4340000152588 16.4000015258789 16.2920017242432 16.0869998931885 15.8550004959106
18.7170009613037 18.4900016784668 18.6490001678467 18.94700050354 18.9300003051758 18.855001449585 18.8250007629395 18.867000579834 18.863000869751 18.6860008239746 18.5230007171631 18.3840007781982 18.2850017547607 18.3450012207031 18.3450012207031 18.3560009002686 18.4260005950928 18.480001449585 18.6960010528564 18.9970016479492 19.1660003662109 19.1990013122559 19.0260009765625 18.6790008544922 18.4250011444092 18.1389999389648 18.1040000915527 18.0590000152588 17.9450016021729 17.7950000762939 17.621000289917 17.6770000457764 17.7490005493164 17.6150016784668 17.4600009918213 17.4540004730225 17.3840007781982 17.2890014648438 17.1470012664795 17.0080013275146 16.8870010375977 16.8270015716553 16.8080005645752 16.6240005493164 16.57200050354 16.44700050354 16.25 16.1680011749268 16.2290000915527 16.1380004882812 15.9990005493164 15.9040002822876 15.7220010757446
18.4100017547607 18.6070003509521 18.7780017852783 18.7690010070801 18.8030014038086 18.9530010223389 19.0940017700195 19.0950012207031 18.9640007019043 18.6640014648438 18.4680004119873 18.3020000457764 18.2480010986328 18.314001083374 18.2860012054443 18.4200000762939 18.4490013122559 18.4690017700195 18.556001663208 18.8500003814697 19.0200004577637 19.1000003814697 18.867000579834 18.6389999389648 18.3990001678467 18.226001739502 18.0980014801025 18.0300006866455 17.9320011138916 17.6900005340576 17.480001449585 17.6459999084473 17.7230014801025 17.7060012817383 17.4870014190674 17.4360008239746 17.3500003814697 17.2750015258789 17.1520004272461 16.9860000610352 16.855001449585 16.734001159668 16.6350002288818 16.4940013885498 16.4180011749268 16.1909999847412 16.1160011291504 15.988000869751 15.9850006103516 15.8810005187988 15.8090009689331 15.7990007400513 15.6400003433228
18.2740001678467 18.355001449585 18.189001083374 18.3920001983643 18.7140007019043 18.9020004272461 19.1450004577637 19.1750011444092 18.859001159668 18.4280014038086 18.2350006103516 18.1470012664795 18.2150001525879 18.2280006408691 18.2250003814697 18.2880001068115 18.3990001678467 18.4530010223389 18.480001449585 18.5830001831055 18.6680011749268 18.7870006561279 18.6909999847412 18.5460014343262 18.3680000305176 18.3030014038086 18.1800003051758 18.0200004577637 17.826000213623 17.5450000762939 17.076000213623 17.3920001983643 17.7070007324219 17.7100009918213 17.7049999237061 17.6310005187988 17.5020008087158 17.3340015411377 17.2250003814697 17.0080013275146 16.8889999389648 16.7810001373291 16.5510005950928 16.3170013427734 16.1730003356934 16.0139999389648 15.8580007553101 15.7400007247925 15.7040004730225 15.5540008544922 15.7140007019043 15.6470003128052 15.5230007171631
18.1070003509521 18.0380001068115 18.3930015563965 18.564001083374 18.75 18.7180004119873 18.6350002288818 18.5200004577637 18.4549999237061 18.1650009155273 17.9340000152588 18.0250015258789 18.1780014038086 18.2080001831055 18.2180004119873 18.2620010375977 18.2680015563965 18.2590007781982 18.2820014953613 18.2690010070801 18.32200050354 18.4300003051758 18.4549999237061 18.3350009918213 18.3560009002686 18.2740001678467 18.2000007629395 18.0840015411377 17.9700012207031 17.5980014801025 17.2450008392334 17.3580017089844 17.7880001068115 17.9400005340576 17.871000289917 17.9500007629395 17.8860015869141 17.5869998931885 17.2980003356934 17.0390014648438 16.9180011749268 16.6400012969971 16.3390007019043 16.2779998779297 15.9380006790161 15.8780012130737 15.6300010681152 15.5740003585815 15.4450006484985 15.4040002822876 15.4350004196167 15.3610010147095 15.1980009078979
18.5440006256104 18.3270015716553 18.6040000915527 18.7410011291504 18.7890014648438 18.5480003356934 18.4440002441406 18.3130016326904 18.2440013885498 18.1230010986328 17.9710006713867 18.0090007781982 18.1389999389648 18.1670017242432 18.1500015258789 18.1580009460449 18.113000869751 18.0910015106201 18.1040000915527 18.1240005493164 18.0910015106201 18.1530017852783 18.1620006561279 18.1450004577637 18.1330013275146 18.1370010375977 18.0200004577637 17.9740009307861 17.9620018005371 17.8580017089844 17.8770008087158 17.8240013122559 18.0910015106201 18.2639999389648 18.2180004119873 18.125 18.0670013427734 17.871000289917 17.5500011444092 17.2080001831055 16.8050003051758 16.4810009002686 16.2820014953613 16.0440006256104 15.7100009918213 15.702000617981 15.5210008621216 15.3780002593994 15.3470010757446 15.3300008773804 15.2830009460449 15.1400003433228 15.0080003738403
18.326000213623 18.5300006866455 18.806001663208 18.9040012359619 18.7600002288818 18.5550003051758 18.3410015106201 18.1870002746582 18.1740016937256 18.1389999389648 18.0850009918213 18.1070003509521 18.1580009460449 18.068000793457 17.9330005645752 17.9409999847412 18.0320014953613 17.9400005340576 17.9150009155273 17.8900012969971 17.8850002288818 17.9790000915527 18.0630016326904 18.0810012817383 17.9950008392334 17.931001663208 17.8900012969971 17.814001083374 17.75 17.7090015411377 17.7390003204346 17.859001159668 17.9970016479492 17.8580017089844 18.0100002288818 18.2390003204346 18.1450004577637 17.9050006866455 17.6880016326904 17.2560005187988 16.9370002746582 16.6000003814697 16.0270004272461 15.6770009994507 15.6540002822876 15.5660009384155 15.4040002822876 15.2510004043579 15.1460008621216 15.1240005493164 15.1150007247925 14.9440002441406 14.8250007629395
18.7140007019043 18.681001663208 18.8390007019043 18.9200000762939 18.7540016174316 18.6200008392334 18.4290008544922 18.1540012359619 18.0830001831055 18.060001373291 18.0750007629395 18.1080017089844 18.0200004577637 18.0050010681152 17.875 17.8880004882812 17.8650016784668 17.810001373291 17.7700004577637 17.7330017089844 17.7650012969971 17.8930015563965 17.8830013275146 17.8790016174316 17.859001159668 17.8250007629395 17.7470016479492 17.7660007476807 17.6780014038086 17.7320003509521 17.8640003204346 17.9580001831055 17.9700012207031 17.7940006256104 17.7030010223389 17.9990005493164 17.9630012512207 17.8500003814697 17.617000579834 17.3490009307861 17.0040016174316 16.7450008392334 16.1690006256104 15.9340009689331 15.6680011749268 15.5140008926392 15.443000793457 15.3000011444092 15.2090005874634 15.1810007095337 15.1020011901855 14.9730005264282 14.8640003204346
19.0630016326904 19.0260009765625 19.0170001983643 18.9250011444092 18.726001739502 18.6740016937256 18.4830017089844 18.32200050354 18.2350006103516 18.2049999237061 18.1550006866455 18.0160007476807 17.9450016021729 17.9380016326904 17.6920013427734 17.7700004577637 17.9040012359619 17.9070014953613 17.814001083374 17.689001083374 17.7110004425049 17.9250011444092 17.6790008544922 17.6690006256104 17.6510009765625 17.6470012664795 17.6860008239746 17.6920013427734 17.7140007019043 17.6560001373291 17.7020015716553 17.8080005645752 17.8030014038086 17.6580009460449 17.8470001220703 17.7950000762939 17.8770008087158 17.8070011138916 17.6580009460449 17.3760013580322 17.0440006256104 16.5880012512207 16.2940006256104 15.956000328064 15.6650009155273 15.4970006942749 15.3810005187988 15.3440008163452 15.3410005569458 15.2720003128052 15.1650009155273 14.9780006408691 14.899001121521
19.3380012512207 19.2110004425049 19.0270004272461 18.814001083374 18.6380004882812 18.5220012664795 18.3190002441406 18.2700004577637 18.3030014038086 18.2780017852783 18.1650009155273 18.0990009307861 17.9549999237061 17.7090015411377 17.6840000152588 18.0430011749268 18.1350002288818 18.0950012207031 17.9980010986328 17.8940010070801 17.8530006408691 17.8720016479492 17.8010005950928 17.5710010528564 17.5440006256104 17.6180000305176 17.6370010375977 17.6940002441406 17.5750007629395 17.5770015716553 17.5869998931885 17.5830001831055 17.617000579834 17.5910015106201 17.4400005340576 17.7370014190674 17.7800006866455 17.7620010375977 17.6200008392334 17.3920001983643 17.0300006866455 16.6150016784668 16.2750015258789 15.9750003814697 15.7250003814697 15.4980010986328 15.3850011825562 15.3190011978149 15.3030004501343 15.2870006561279 15.1650009155273 15.0600004196167 14.9130010604858
19.4850006103516 19.5040016174316 19.1980018615723 18.6950016021729 18.451000213623 18.2250003814697 18.1190013885498 18.0050010681152 18.2470016479492 18.2810001373291 18.3010005950928 18.2530002593994 17.9680004119873 17.6290016174316 17.8819999694824 18.3880004882812 18.2800006866455 18.1490001678467 17.9830017089844 17.8130016326904 17.7950000762939 17.8690013885498 17.7680015563965 17.6230010986328 17.6319999694824 17.564001083374 17.5950012207031 17.6319999694824 17.6550006866455 17.6100006103516 17.5270004272461 17.2900009155273 17.1740016937256 17.1940002441406 17.1610012054443 17.2990016937256 17.617000579834 17.5930004119873 17.3240013122559 17.1630001068115 16.9250011444092 16.6060009002686 16.2200012207031 15.8530006408691 15.5750007629395 15.3450002670288 15.2540006637573 15.1370010375977 15.2250003814697 15.2230005264282 15.1290006637573 15.0250005722046 14.9100008010864
19.621000289917 19.4160003662109 19.1410007476807 18.5980014801025 18.32200050354 18.0500011444092 17.9790000915527 18.0690002441406 18.1190013885498 18.3010005950928 18.4100017547607 18.1550006866455 17.6470012664795 17.8130016326904 18.1459999084473 18.1480007171631 18.0670013427734 17.9260005950928 17.9560012817383 17.8120002746582 17.9150009155273 17.8940010070801 17.7540016174316 17.6380004882812 17.5620002746582 17.4810009002686 17.5690002441406 17.5850009918213 17.625 17.4590015411377 17.3130016326904 17.2990016937256 17.0279998779297 16.8560009002686 16.9870014190674 17.0200004577637 17.3490009307861 17.310001373291 17.0729999542236 16.984001159668 16.7750015258789 16.3800010681152 15.9200010299683 15.5130004882812 15.3500003814697 15.2400007247925 15.1550006866455 15.1240005493164 15.2090005874634 15.1740007400513 15.0560007095337 14.9830007553101 14.8190002441406
19.185001373291 19.0550003051758 18.9860000610352 18.5250015258789 18.2320003509521 17.8290004730225 17.7440013885498 17.7140007019043 18.0550003051758 18.4600009918213 18.6500015258789 18.2320003509521 17.855001449585 18.0930004119873 17.9400005340576 17.6190013885498 17.375 17.3990001678467 17.6500015258789 17.6979999542236 17.8080005645752 17.9190006256104 17.7680015563965 17.609001159668 17.5900001525879 17.5799999237061 17.4450016021729 17.5 17.3680000305176 17.3470001220703 17.238000869751 17.1920013427734 16.9100017547607 16.6560001373291 16.6160011291504 16.6620006561279 16.863000869751 16.8940010070801 16.730001449585 16.605001449585 16.3840007781982 16.1909999847412 15.8600006103516 15.5130004882812 15.32200050354 15.1640005111694 15.0560007095337 15.0950002670288 15.1950006484985 15.1590003967285 15.0690002441406 14.8940010070801 14.5710010528564
19.1420001983643 18.9040012359619 18.7700004577637 18.3340015411377 18.1100006103516 17.8959999084473 17.8990001678467 17.6600017547607 17.7630004882812 18.5800018310547 18.7150001525879 18.0590000152588 17.7590007781982 17.9180011749268 17.5310001373291 17.1290016174316 16.9100017547607 17.0040016174316 17.3840007781982 17.6600017547607 17.7320003509521 17.7440013885498 17.6490001678467 17.6220016479492 17.6300010681152 17.605001449585 17.5420017242432 17.4010009765625 17.3190002441406 17.1650009155273 17.0279998779297 16.8740005493164 16.7049999237061 16.5490016937256 16.5190010070801 16.5570011138916 16.5840015411377 16.5050010681152 16.3940010070801 16.189001083374 16.0860004425049 15.9290008544922 15.7830009460449 15.4220008850098 15.153000831604 15.1000003814697 15.0510005950928 15.1290006637573 15.2140007019043 15.0440006256104 14.8350009918213 14.6620006561279 14.3240003585815
18.8800010681152 18.6290016174316 18.3889999389648 18.1710014343262 18.0850009918213 18.0090007781982 17.9980010986328 17.9490013122559 17.9240016937256 18.3940010070801 18.6420001983643 17.988000869751 17.8290004730225 17.8240013122559 17.5370006561279 17.1490001678467 16.9440002441406 17.0630016326904 17.2150001525879 17.3600006103516 17.6720008850098 17.6580009460449 17.5990009307861 17.5230007171631 17.5780010223389 17.6590003967285 17.4770011901855 17.2950000762939 17.1640014648438 17.0869998931885 17.0190010070801 16.8040008544922 16.6220016479492 16.5220012664795 16.5279998779297 16.3990001678467 16.318000793457 16.2620010375977 16.1370010375977 15.9620008468628 15.8770008087158 15.8010005950928 15.6640005111694 15.3390007019043 15.0960006713867 15.0780010223389 15.0430011749268 15.1150007247925 15.2000007629395 15.0460004806519 14.778000831604 14.4000005722046 14.0780010223389
18.5270004272461 18.2600002288818 18.2569999694824 18.1310005187988 18.0390014648438 17.9500007629395 18.0200004577637 18.0659999847412 18.1270008087158 18.3040008544922 18.4640007019043 17.8320007324219 17.7170009613037 17.605001449585 17.3430004119873 16.9790000915527 17.0860004425049 17.1180000305176 17.0950012207031 17.2900009155273 17.4060001373291 17.5590000152588 17.4180011749268 17.3920001983643 17.5200004577637 17.6410007476807 17.2860012054443 17.1300010681152 17.0180015563965 16.9100017547607 16.8540000915527 16.6230010986328 16.4750003814697 16.363000869751 16.3500003814697 16.2250003814697 16.0799999237061 16.0050010681152 15.863000869751 15.7260007858276 15.6700010299683 15.5920009613037 15.5230007171631 15.3880004882812 15.0540008544922 15.0010004043579 14.9650011062622 15.0310010910034 15.0420007705688 14.9340009689331 14.5420007705688 13.9570007324219 13.3390007019043
18.2730007171631 18.1240005493164 18.1030006408691 17.9850006103516 17.8730010986328 17.7830009460449 17.8570003509521 17.935001373291 18.1840000152588 18.1360015869141 18.3350009918213 17.7400016784668 17.3819999694824 17.2730007171631 17.1600017547607 16.939001083374 17.0360012054443 17.189001083374 17.105001449585 17.0869998931885 17.1380004882812 17.2820014953613 17.3640003204346 17.1510009765625 17.1770000457764 17.2160015106201 16.9600009918213 16.7090015411377 16.5950012207031 16.5100002288818 16.5300006866455 16.3500003814697 16.2930011749268 16.2790012359619 16.2849998474121 16.1410007476807 15.9060010910034 15.7550010681152 15.57200050354 15.4770011901855 15.407000541687 15.4230003356934 15.3460006713867 15.2500009536743 14.9980010986328 14.9530010223389 14.9360008239746 14.9200010299683 14.8300008773804 14.4590005874634 13.9830007553101 13.528000831604 13.2040004730225
18.1600017547607 17.9150009155273 17.8560009002686 17.9150009155273 17.6480007171631 17.5010013580322 17.5780010223389 17.6200008392334 17.7900009155273 18.0350017547607 18.0090007781982 17.5380001068115 17.1100006103516 17.0620002746582 17.0160007476807 16.8540000915527 16.8390007019043 16.9810009002686 16.9360008239746 16.8360004425049 16.9520015716553 17.0950012207031 17.1070003509521 17.1080017089844 16.9340000152588 16.6900005340576 16.3990001678467 16.105001449585 16.0400009155273 16.1459999084473 16.2180004119873 16.2590007781982 16.2860012054443 16.1940002441406 16.1180000305176 15.859001159668 15.609001159668 15.3580007553101 15.238000869751 15.189001083374 15.2240009307861 15.2390003204346 15.2210006713867 15.2270011901855 14.9770002365112 14.8850011825562 14.8090009689331 14.693000793457 14.4340009689331 14.1070003509521 13.8900003433228 13.7070007324219 13.0500001907349
18.2000007629395 18.0880012512207 17.8580017089844 17.8340015411377 17.621000289917 17.4730014801025 17.2330017089844 17.2180004119873 17.0750007629395 17.4549999237061 17.810001373291 17.7180004119873 17.1340007781982 17.0270004272461 16.9850006103516 16.935001373291 16.8790016174316 16.6290016174316 16.488000869751 16.7890014648438 17.0490016937256 17.0920009613037 16.9860000610352 16.9710006713867 16.6690006256104 16.4130001068115 16.1570014953613 15.7880010604858 15.6850004196167 15.8610010147095 16.0410003662109 16.2360000610352 16.3280010223389 16.242000579834 16.0400009155273 15.706000328064 15.3870010375977 15.1240005493164 15.0870008468628 15.0710010528564 15.0990009307861 15.0660009384155 15.0840005874634 15.1640005111694 14.9260005950928 14.6420011520386 14.4540004730225 14.1640005111694 14.0080003738403 14.2200002670288 14.3120002746582 13.6060009002686 -3.4e+38
18.2040004730225 18.2670001983643 17.9290008544922 17.7920017242432 17.5440006256104 17.2330017089844 17.1290016174316 17.2280006408691 17.1900005340576 17.2810001373291 17.3940010070801 17.7350006103516 17.3600006103516 17.193000793457 17.0799999237061 17.0050010681152 16.826000213623 16.6550006866455 16.6640014648438 16.7430000305176 16.9140014648438 16.984001159668 16.8290004730225 16.7620010375977 16.6020011901855 16.3760013580322 16.121000289917 15.9290008544922 15.871000289917 15.9800004959106 16.0990009307861 16.3700008392334 16.4000015258789 16.3090000152588 16.060001373291 15.7290010452271 15.3030004501343 14.9820003509521 14.9450006484985 14.943000793457 14.9930009841919 14.9950008392334 15.024001121521 14.9830007553101 14.702000617981 14.3740005493164 13.7720003128052 13.4940004348755 13.7340002059937 14.1400003433228 14.0100002288818 -3.4e+38 -3.4e+38
18.1470012664795 18.1290016174316 18.0240001678467 17.8290004730225 17.5610008239746 17.4170017242432 17.1860008239746 17.0440006256104 17.2630004882812 17.1000003814697 17.1979999542236 17.5820007324219 17.6420001983643 17.5209999084473 17.2550010681152 17.1700000762939 17.0490016937256 16.8990001678467 16.7540016174316 16.7290000915527 16.7550010681152 16.7620010375977 16.8210010528564 16.7800006866455 16.6240005493164 16.4820003509521 16.3530006408691 16.2049999237061 16.1800003051758 16.1480007171631 16.1900005340576 16.3580017089844 16.2720012664795 16.1620006561279 15.943000793457 15.702000617981 15.4300003051758 15.1140003204346 14.9640007019043 14.9620008468628 14.9590005874634 14.9580011367798 14.9940004348755 14.9270009994507 14.3800010681152 13.8100004196167 13.1590003967285 13.2160005569458 13.4870004653931 13.4020004272461 -3.4e+38 -3.4e+38 -3.4e+38
