PresentLayers/vpdmin.asc
NCOLS 292 
NROWS 291 
XLLCORNER -87.6458333327872 
YLLCORNER 24.4791666666667 
CELLSIZE 0.0416666666669039 
NODATA_value -3.4e+38 
[rows 0 to 22 of 291, columns 106 to 158 of 292]
-3.4e+38 -3.4e+38 -3.4e+38 -3.4e+38 -3.4e+38 -3.4e+38 -3.4e+38 -3.4e+38 -3.4e+38 -3.4e+38 -3.4e+38 -3.4e+38 -3.4e+38 -3.4e+38 -3.4e+38 -3.4e+38 -3.4e+38 -3.4e+38 -3.4e+38 -3.4e+38 -3.4e+38 -3.4e+38 -3.4e+38 -3.4e+38 -3.4e+38 -3.4e+38 -3.4e+38 -3.4e+38 -3.4e+38 -3.4e+38 -3.4e+38 -3.4e+38 -3.4e+38 -3.4e+38 -3.4e+38 -3.4e+38 -3.4e+38 0.38400000333786 0.361000031232834 0.544000029563904 -3.4e+38 -3.4e+38 -3.4e+38 -3.4e+38 -3.4e+38 -3.4e+38 -3.4e+38 -3.4e+38 -3.4e+38 -3.4e+38 -3.4e+38 -3.4e+38 -3.4e+38
-3.4e+38 -3.4e+38 -3.4e+38 -3.4e+38 -3.4e+38 -3.4e+38 -3.4e+38 -3.4e+38 -3.4e+38 -3.4e+38 -3.4e+38 -3.4e+38 -3.4e+38 -3.4e+38 -3.4e+38 -3.4e+38 -3.4e+38 -3.4e+38 -3.4e+38 -3.4e+38 -3.4e+38 -3.4e+38 -3.4e+38 -3.4e+38 -3.4e+38 -3.4e+38 -3.4e+38 -3.4e+38 -3.4e+38 -3.4e+38 -3.4e+38 -3.4e+38 -3.4e+38 -3.4e+38 -3.4e+38 -3.4e+38 -3.4e+38 0.414000034332275 0.475000023841858 0.699000060558319 0.73800003528595 0.826000034809113 0.736000061035156 0.716000020503998 0.562000036239624 0.51800000667572 0.529000043869019 0.496000021696091 0.428000032901764 0.474000036716461 0.481000036001205 0.62200003862381 0.545000016689301
-3.4e+38 -3.4e+38 -3.4e+38 -3.4e+38 -3.4e+38 -3.4e+38 -3.4e+38 -3.4e+38 -3.4e+38 -3.4e+38 -3.4e+38 -3.4e+38 -3.4e+38 -3.4e+38 -3.4e+38 -3.4e+38 -3.4e+38 -3.4e+38 -3.4e+38 -3.4e+38 -3.4e+38 -3.4e+38 -3.4e+38 -3.4e+38 -3.4e+38 -3.4e+38 -3.4e+38 -3.4e+38 -3.4e+38 -3.4e+38 -3.4e+38 -3.4e+38 -3.4e+38 -3.4e+38 -3.4e+38 -3.4e+38 -3.4e+38 0.624000012874603 0.419000029563904 0.745000064373016 0.798000037670135 0.716000020503998 0.737000048160553 0.703000009059906 0.655000030994415 0.513999998569489 0.513999998569489 0.557000041007996 0.511000037193298 0.343000024557114 0.519000053405762 0.615000009536743 0.655000030994415
-3.4e+38 -3.4e+38 -3.4e+38 -3.4e+38 -3.4e+38 -3.4e+38 -3.4e+38 -3.4e+38 -3.4e+38 -3.4e+38 -3.4e+38 -3.4e+38 -3.4e+38 -3.4e+38 -3.4e+38 -3.4e+38 -3.4e+38 -3.4e+38 -3.4e+38 -3.4e+38 -3.4e+38 -3.4e+38 -3.4e+38 -3.4e+38 -3.4e+38 -3.4e+38 -3.4e+38 -3.4e+38 -3.4e+38 -3.4e+38 -3.4e+38 -3.4e+38 -3.4e+38 -3.4e+38 -3.4e+38 -3.4e+38 -3.4e+38 0.660000026226044 0.673000037670135 0.67600005865097 0.644000053405762 0.666000008583069 0.754000008106232 1.05099999904633 0.820000052452087 0.543000042438507 0.517000019550323 0.339000016450882 0.325000017881393 0.327000021934509 0.342000007629395 0.377000004053116 0.373000025749207
-3.4e+38 -3.4e+38 -3.4e+38 -3.4e+38 -3.4e+38 -3.4e+38 -3.4e+38 -3.4e+38 -3.4e+38 -3.4e+38 -3.4e+38 -3.4e+38 -3.4e+38 -3.4e+38 -3.4e+38 -3.4e+38 -3.4e+38 -3.4e+38 -3.4e+38 -3.4e+38 -3.4e+38 -3.4e+38 -3.4e+38 -3.4e+38 -3.4e+38 -3.4e+38 -3.4e+38 -3.4e+38 -3.4e+38 -3.4e+38 -3.4e+38 -3.4e+38 -3.4e+38 -3.4e+38 -3.4e+38 -3.4e+38 0.497000008821487 0.700000047683716 0.639000058174133 0.39300000667572 0.679000020027161 0.715000033378601 0.742000043392181 0.850000023841858 0.723000049591064 0.471000015735626 0.385000020265579 0.324000000953674 0.322000026702881 0.380000025033951 0.376000016927719 0.459000021219254 0.378000020980835
-3.4e+38 -3.4e+38 -3.4e+38 -3.4e+38 -3.4e+38 -3.4e+38 -3.4e+38 -3.4e+38 -3.4e+38 -3.4e+38 -3.4e+38 -3.4e+38 -3.4e+38 -3.4e+38 -3.4e+38 -3.4e+38 -3.4e+38 -3.4e+38 -3.4e+38 -3.4e+38 -3.4e+38 -3.4e+38 -3.4e+38 -3.4e+38 -3.4e+38 -3.4e+38 -3.4e+38 -3.4e+38 -3.4e+38 -3.4e+38 -3.4e+38 -3.4e+38 -3.4e+38 -3.4e+38 -3.4e+38 -3.4e+38 0.507000029087067 0.473000019788742 0.356000006198883 0.339000016450882 0.490000009536743 0.748000025749207 0.704000055789948 0.714000046253204 0.447000026702881 0.297000020742416 0.292000025510788 0.316000014543533 0.374000012874603 0.494000017642975 0.594000041484833 0.646000027656555 0.603000044822693
-3.4e+38 -3.4e+38 -3.4e+38 -3.4e+38 -3.4e+38 -3.4e+38 -3.4e+38 -3.4e+38 -3.4e+38 -3.4e+38 -3.4e+38 -3.4e+38 -3.4e+38 -3.4e+38 -3.4e+38 -3.4e+38 -3.4e+38 -3.4e+38 -3.4e+38 -3.4e+38 -3.4e+38 -3.4e+38 -3.4e+38 -3.4e+38 -3.4e+38 -3.4e+38 -3.4e+38 -3.4e+38 -3.4e+38 -3.4e+38 -3.4e+38 -3.4e+38 -3.4e+38 0.438000023365021 0.315000027418137 0.586000025272369 0.306000024080276 0.293999999761581 0.398000031709671 0.47900003194809 0.66100001335144 0.520000040531158 0.700000047683716 0.700000047683716 0.450000017881393 0.745000064373016 0.757000029087067 0.678000032901764 0.618000030517578 0.62200003862381 0.614000022411346 0.625 0.602000057697296
-3.4e+38 -3.4e+38 -3.4e+38 -3.4e+38 -3.4e+38 -3.4e+38 -3.4e+38 -3.4e+38 -3.4e+38 -3.4e+38 -3.4e+38 -3.4e+38 -3.4e+38 -3.4e+38 -3.4e+38 -3.4e+38 -3.4e+38 -3.4e+38 -3.4e+38 -3.4e+38 -3.4e+38 -3.4e+38 -3.4e+38 -3.4e+38 -3.4e+38 -3.4e+38 -3.4e+38 -3.4e+38 -3.4e+38 -3.4e+38 -3.4e+38 -3.4e+38 0.644000053405762 0.711000025272369 0.52400004863739 0.495000034570694 0.249000012874603 0.334000021219254 0.408000022172928 0.585000038146973 0.713000059127808 0.745000064373016 0.577000021934509 0.464000016450882 0.537000000476837 1.00800001621246 1.03900003433228 0.92600005865097 0.725000023841858 0.597000002861023 0.600000023841858 0.572000026702881 0.535000026226044
-3.4e+38 -3.4e+38 -3.4e+38 -3.4e+38 -3.4e+38 -3.4e+38 -3.4e+38 -3.4e+38 -3.4e+38 -3.4e+38 -3.4e+38 -3.4e+38 -3.4e+38 -3.4e+38 -3.4e+38 -3.4e+38 -3.4e+38 -3.4e+38 -3.4e+38 -3.4e+38 -3.4e+38 -3.4e+38 -3.4e+38 -3.4e+38 -3.4e+38 -3.4e+38 -3.4e+38 -3.4e+38 -3.4e+38 -3.4e+38 -3.4e+38 0.702000021934509 0.646000027656555 0.537000000476837 0.513999998569489 0.470000028610229 0.204000011086464 0.290000021457672 0.41100001335144 0.345000028610229 0.320000022649765 0.399000018835068 0.576000034809113 0.849000036716461 1.20600008964539 1.38100004196167 1.33700001239777 1.12700009346008 0.827000021934509 0.606000006198883 0.463000029325485 0.447000026702881 0.520000040531158
-3.4e+38 -3.4e+38 -3.4e+38 -3.4e+38 -3.4e+38 -3.4e+38 -3.4e+38 -3.4e+38 -3.4e+38 -3.4e+38 -3.4e+38 -3.4e+38 -3.4e+38 -3.4e+38 -3.4e+38 -3.4e+38 -3.4e+38 -3.4e+38 -3.4e+38 -3.4e+38 -3.4e+38 -3.4e+38 -3.4e+38 -3.4e+38 -3.4e+38 -3.4e+38 -3.4e+38 -3.4e+38 -3.4e+38 -3.4e+38 0.456000030040741 0.475000023841858 0.441000014543533 0.321000009775162 0.467000007629395 0.521000027656555 0.320000022649765 0.379000008106232 0.221000015735626 0.383000016212463 0.548000037670135 0.641000032424927 0.937000036239624 1.06000006198883 1.11400008201599 1.33200001716614 1.3620001077652 1.15900003910065 0.901000022888184 0.681000053882599 0.493000030517578 0.474000036716461 0.527999997138977
-3.4e+38 -3.4e+38 -3.4e+38 -3.4e+38 -3.4e+38 -3.4e+38 -3.4e+38 -3.4e+38 -3.4e+38 -3.4e+38 -3.4e+38 -3.4e+38 -3.4e+38 -3.4e+38 -3.4e+38 -3.4e+38 -3.4e+38 -3.4e+38 -3.4e+38 -3.4e+38 -3.4e+38 -3.4e+38 -3.4e+38 -3.4e+38 -3.4e+38 -3.4e+38 -3.4e+38 -3.4e+38 -3.4e+38 0.355000019073486 0.435000032186508 0.305000007152557 0.334000021219254 0.345000028610229 0.343000024557114 0.415000021457672 0.368000030517578 0.369000017642975 0.382000029087067 0.428000032901764 0.578000009059906 0.718000054359436 0.844000041484833 1.02400004863739 1.0550000667572 1.14000010490417 1.17599999904633 1.09400010108948 0.937000036239624 0.771000027656555 0.65200001001358 0.614000022411346 0.623000025749207
-3.4e+38 -3.4e+38 -3.4e+38 -3.4e+38 -3.4e+38 -3.4e+38 -3.4e+38 -3.4e+38 -3.4e+38 -3.4e+38 -3.4e+38 -3.4e+38 -3.4e+38 -3.4e+38 -3.4e+38 -3.4e+38 -3.4e+38 -3.4e+38 -3.4e+38 -3.4e+38 -3.4e+38 -3.4e+38 0.430000007152557 0.334000021219254 0.267000019550323 0.296000003814697 -3.4e+38 -3.4e+38 -3.4e+38 0.312000006437302 0.224000006914139 0.244000017642975 0.404000014066696 0.483000010251999 0.493000030517578 0.451000034809113 0.504999995231628 0.47800001502037 0.558000028133392 0.617000043392181 0.695000052452087 0.798000037670135 0.810000061988831 0.88100004196167 0.996000051498413 1.03000009059906 1.04800009727478 1.06300008296967 1.00800001621246 0.875000059604645 0.803000032901764 0.750000059604645 0.686000049114227
-3.4e+38 -3.4e+38 -3.4e+38 -3.4e+38 -3.4e+38 -3.4e+38 -3.4e+38 -3.4e+38 -3.4e+38 -3.4e+38 -3.4e+38 -3.4e+38 -3.4e+38 -3.4e+38 -3.4e+38 -3.4e+38 -3.4e+38 -3.4e+38 -3.4e+38 -3.4e+38 0.347000002861023 0.34400001168251 0.341000020503998 0.320000022649765 0.357000023126602 0.473000019788742 0.455000013113022 0.436000019311905 0.346000015735626 0.362000018358231 0.217000007629395 0.230000004172325 0.390000015497208 0.574000000953674 0.607000052928925 0.627000033855438 0.645000040531158 0.651000022888184 0.742000043392181 0.734000027179718 0.799000024795532 0.745000064373016 0.800000011920929 0.915000021457672 0.955000042915344 0.993000030517578 0.97900003194809 0.973000049591064 0.951000034809113 0.889000058174133 0.785000026226044 0.820000052452087 0.817000031471252
-3.4e+38 -3.4e+38 -3.4e+38 -3.4e+38 -3.4e+38 -3.4e+38 -3.4e+38 -3.4e+38 -3.4e+38 -3.4e+38 -3.4e+38 -3.4e+38 -3.4e+38 0.513999998569489 0.51500004529953 -3.4e+38 -3.4e+38 -3.4e+38 -3.4e+38 0.434000015258789 0.355000019073486 0.413000017404556 0.429000020027161 0.404000014066696 0.359000027179718 0.363000005483627 0.311000019311905 0.338000029325485 0.306000024080276 0.407000005245209 0.21000000834465 0.248000010848045 0.35300001502037 0.497000008821487 0.600000023841858 0.682000041007996 0.79200005531311 0.699000060558319 0.733000040054321 0.782000064849854 0.843000054359436 0.889000058174133 0.914000034332275 0.897000014781952 0.842000067234039 0.944000065326691 0.947000026702881 0.943000018596649 0.88100004196167 0.889000058174133 0.844000041484833 0.879000067710876 0.849000036716461
-3.4e+38 -3.4e+38 -3.4e+38 -3.4e+38 -3.4e+38 -3.4e+38 -3.4e+38 -3.4e+38 -3.4e+38 -3.4e+38 -3.4e+38 0.389000028371811 0.450000017881393 0.504999995231628 0.521000027656555 -3.4e+38 -3.4e+38 -3.4e+38 0.440000027418137 0.324000000953674 0.407000005245209 0.39300000667572 0.434000015258789 0.451000034809113 0.436000019311905 0.400000005960464 0.375000029802322 0.321000009775162 0.337000012397766 0.334000021219254 0.323000013828278 0.302000015974045 0.381000012159348 0.449000030755997 0.581000030040741 0.625 0.609000027179718 0.76500004529953 0.804000020027161 0.820000052452087 0.905000030994415 0.867000043392181 0.845000028610229 0.929000020027161 0.925000071525574 0.959000051021576 1.03800010681152 1.02500009536743 0.996000051498413 0.936000049114227 0.884000062942505 0.841000020503998 0.87200003862381
-3.4e+38 -3.4e+38 -3.4e+38 -3.4e+38 -3.4e+38 -3.4e+38 -3.4e+38 -3.4e+38 -3.4e+38 -3.4e+38 -3.4e+38 0.438000023365021 0.446000009775162 0.485000014305115 0.545000016689301 0.539000034332275 0.510000050067902 0.550000011920929 0.436000019311905 0.380000025033951 0.420000016689301 0.531000018119812 0.519000053405762 0.513999998569489 0.493000030517578 0.452000021934509 0.389000028371811 0.313000023365021 0.370000004768372 0.424000024795532 0.311000019311905 0.35300001502037 0.389000028371811 0.431000024080276 0.47800001502037 0.607000052928925 0.78600001335144 0.789000034332275 0.862000048160553 0.868000030517578 0.89000004529953 0.934000015258789 0.968000054359436 0.991000056266785 0.898000061511993 0.980000019073486 1.07300007343292 0.994000017642975 0.91700005531311 0.893000066280365 0.871000051498413 0.814000010490417 0.836000025272369
-3.4e+38 -3.4e+38 -3.4e+38 -3.4e+38 -3.4e+38 -3.4e+38 -3.4e+38 -3.4e+38 0.602000057697296 0.562000036239624 0.492000013589859 0.471000015735626 0.432000011205673 0.457000017166138 0.503000020980835 0.463000029325485 0.46900001168251 0.465000033378601 0.397000014781952 0.435000032186508 0.498000025749207 0.52700001001358 0.626000046730042 0.659000039100647 0.556000053882599 0.475000023841858 0.390000015497208 0.389000028371811 0.364000022411346 0.373000025749207 0.379000008106232 0.380000025033951 0.388000011444092 0.50900000333786 0.601000010967255 0.54200005531311 0.760000050067902 0.803000032901764 0.80100005865097 0.851000010967255 0.923000037670135 0.91700005531311 0.89900004863739 0.968000054359436 1.00499999523163 1.02500009536743 1.03700006008148 0.984000027179718 0.897000014781952 0.862000048160553 0.830000042915344 0.778000056743622 0.754000008106232
-3.4e+38 -3.4e+38 -3.4e+38 -3.4e+38 -3.4e+38 -3.4e+38 -3.4e+38 -3.4e+38 0.51500004529953 0.554000020027161 0.526000022888184 0.445000022649765 0.433000028133392 0.476000010967255 0.403000026941299 0.462000012397766 0.471000015735626 0.483000010251999 0.442000031471252 0.409000009298325 0.485000014305115 0.447000026702881 0.467000007629395 0.575000047683716 0.491000026464462 0.401000022888184 0.381000012159348 0.357000023126602 0.355000019073486 0.38400000333786 0.428000032901764 0.40200001001358 0.433000028133392 0.595000028610229 0.743000030517578 0.779000043869019 0.735000014305115 0.675000011920929 0.683000028133392 0.726000010967255 0.78300005197525 0.89000004529953 0.904000043869019 1.02100002765656 1.03400003910065 1.03200006484985 1.00600004196167 1.00600004196167 0.910000026226044 0.847000062465668 0.848000049591064 0.778000056743622 0.694000005722046
-3.4e+38 -3.4e+38 -3.4e+38 -3.4e+38 -3.4e+38 -3.4e+38 -3.4e+38 0.485000014305115 0.470000028610229 0.462000012397766 0.417000025510788 0.454000025987625 0.325000017881393 0.297000020742416 0.345000028610229 0.374000012874603 0.417000025510788 0.48800003528595 0.50900000333786 0.438000023365021 0.530000030994415 0.440000027418137 0.35300001502037 0.487000018358231 0.366000026464462 0.356000006198883 0.363000005483627 0.378000020980835 0.439000010490417 0.534000039100647 0.422000020742416 0.457000017166138 0.532000005245209 0.784000039100647 0.809000015258789 0.75600004196167 0.704000055789948 0.63100004196167 0.50900000333786 0.534000039100647 0.677000045776367 0.840000033378601 1.0110000371933 1.09600007534027 1.11000001430511 1.08700001239777 1.03900003433228 0.982000052928925 0.927000045776367 0.861000061035156 0.817000031471252 0.75600004196167 0.679000020027161
-3.4e+38 -3.4e+38 -3.4e+38 -3.4e+38 -3.4e+38 -3.4e+38 0.569000005722046 0.374000012874603 0.358000010251999 0.464000016450882 0.439000010490417 0.345000028610229 0.345000028610229 0.290000021457672 0.372000008821487 0.427000015974045 0.5 0.504000008106232 0.520000040531158 0.454000025987625 0.448000013828278 0.490000009536743 0.327000021934509 0.379000008106232 0.280000001192093 0.347000002861023 0.364000022411346 0.409000009298325 0.599000036716461 0.471000015735626 0.436000019311905 0.602000057697296 0.767000019550323 0.755000054836273 0.740000009536743 0.704000055789948 0.711000025272369 0.665000021457672 0.586000025272369 0.624000012874603 0.772000014781952 0.924000024795532 1.08100008964539 1.21000003814697 1.24900007247925 1.19800007343292 1.1120001077652 1.03700006008148 0.959000051021576 0.896000027656555 0.817000031471252 0.764000058174133 0.695000052452087
-3.4e+38 0.580000042915344 0.516000032424927 0.517000019550323 0.429000020027161 0.380000025033951 0.526000022888184 0.482000023126602 0.328000009059906 0.377000004053116 0.379000008106232 0.324000000953674 0.290000021457672 0.415000021457672 0.434000015258789 0.493000030517578 0.47900003194809 0.483000010251999 0.450000017881393 0.379000008106232 0.351000010967255 0.364000022411346 0.296000003814697 0.310000002384186 0.255000025033951 0.289000004529953 0.336000025272369 0.459000021219254 0.570000052452087 0.665000021457672 0.708000004291534 0.759000062942505 0.799000024795532 0.764000058174133 0.734000027179718 0.715000033378601 0.714000046253204 0.692000031471252 0.660000026226044 0.755000054836273 0.829000055789948 0.961000025272369 1.17200005054474 1.34600007534027 1.4410001039505 1.33200001716614 1.16000008583069 1.04000008106232 0.980000019073486 0.932000041007996 0.877000033855438 0.787000060081482 0.709000051021576
0.63400000333786 0.517000019550323 0.586000025272369 0.400000005960464 0.299000024795532 0.350000023841858 0.41200003027916 0.42100003361702 0.454000025987625 0.423000007867813 0.263999998569489 0.357000023126602 0.427000015974045 0.50900000333786 0.639000058174133 0.629000008106232 0.785000026226044 0.730000019073486 0.544000029563904 0.538000047206879 0.463000029325485 0.278000026941299 0.301000028848648 0.311000019311905 0.301000028848648 0.27700001001358 0.300000011920929 0.494000017642975 0.670000016689301 0.695000052452087 0.67600005865097 0.709000051021576 0.739000022411346 0.708000004291534 0.657000005245209 0.694000005722046 0.698000013828278 0.699000060558319 0.617000043392181 0.61300003528595 0.754000008106232 0.87200003862381 1.1450001001358 1.27900004386902 1.32700002193451 1.25200009346008 1.13300001621246 1.08400011062622 1.06500005722046 1.04800009727478 1 0.90800005197525 0.823000013828278
0.655000030994415 0.628000020980835 0.525000035762787 0.349000006914139 0.284000009298325 0.249000012874603 0.287000000476837 0.433000028133392 0.50900000333786 0.316000014543533 0.301000028848648 0.338000029325485 0.502000033855438 0.557000041007996 0.715000033378601 0.868000030517578 1.0090000629425 0.99700003862381 0.811000049114227 0.584000051021576 0.484000027179718 0.275000005960464 0.320000022649765 0.291000008583069 0.325000017881393 0.304000020027161 0.364000022411346 0.512000024318695 0.63100004196167 0.650000035762787 0.66700005531311 0.669000029563904 0.650000035762787 0.665000021457672 0.685000061988831 0.688000023365021 0.598000049591064 0.568000018596649 0.664000034332275 0.776000022888184 0.866000056266785 0.959000051021576 1.03800010681152 1.04700005054474 1.09600007534027 1.08900010585785 1.0440000295639 1.04500007629395 1.11600005626678 1.19500005245209 1.20000004768372 1.11000001430511 0.970000028610229
