PresentLayers/vpdmin.asc
NCOLS 292 
NROWS 291 
XLLCORNER -87.6458333327872 
YLLCORNER 24.4791666666667 
CELLSIZE 0.0416666666669039 
NODATA_value -3.4e+38 
[rows 138 to 160 of 291, columns 0 to 52 of 292]
-3.4e+38 0.833000063896179 0.782000064849854 0.746000051498413 0.742000043392181 0.745000064373016 0.750000059604645 0.74700003862381 0.734000027179718 0.723000049591064 0.709000051021576 0.701000034809113 0.681000053882599 0.669000029563904 0.733000040054321 0.744000017642975 0.830000042915344 0.758000016212463 0.711000025272369 0.675000011920929 0.682000041007996 0.612000048160553 0.657000005245209 0.728000044822693 0.563000023365021 0.538000047206879 0.576000034809113 0.582000017166138 0.591000020503998 0.510000050067902 0.550999999046326 0.53600001335144 0.549000024795532 0.486000031232834 0.429000020027161 0.466000020503998 0.535000026226044 0.534000039100647 0.495000034570694 0.47900003194809 0.468000024557114 0.483000010251999 0.425000011920929 0.467000007629395 0.504999995231628 0.519000053405762 0.499000012874603 0.499000012874603 0.482000023126602 0.454000025987625 0.459000021219254 0.501000046730042 0.538000047206879
-3.4e+38 -3.4e+38 0.819000065326691 0.804000020027161 0.77400004863739 0.750000059604645 0.764000058174133 0.750000059604645 0.763000011444092 0.719000041484833 0.665000021457672 0.632000029087067 0.630000054836273 0.721000015735626 0.76500004529953 0.823000013828278 0.91700005531311 0.818000018596649 0.790000021457672 0.751000046730042 0.623000025749207 0.691000044345856 0.728000044822693 0.688000023365021 0.606000006198883 0.564999997615814 0.463000029325485 0.471000015735626 0.529000043869019 0.546000003814697 0.510000050067902 0.507000029087067 0.502000033855438 0.493000030517578 0.516000032424927 0.539000034332275 0.563000023365021 0.474000036716461 0.414000034332275 0.46000000834465 0.398000031709671 0.390000015497208 0.390000015497208 0.466000020503998 0.493000030517578 0.508000016212463 0.516000032424927 0.5 0.489000022411346 0.466000020503998 0.466000020503998 0.5 0.54200005531311
-3.4e+38 -3.4e+38 -3.4e+38 0.90800005197525 0.883000016212463 0.825000047683716 0.79200005531311 0.808000028133392 0.829000055789948 0.78300005197525 0.689000010490417 0.663000047206879 0.697000026702881 0.798000037670135 0.923000037670135 0.902000069618225 0.897000014781952 0.811000049114227 0.730000019073486 0.780000030994415 0.67600005865097 0.745000064373016 0.74700003862381 0.750000059604645 0.725000023841858 0.628000020980835 0.538000047206879 0.589000046253204 0.611000001430511 0.633000016212463 0.599000036716461 0.624000012874603 0.63400000333786 0.618000030517578 0.600000023841858 0.596000015735626 0.522000014781952 0.468000024557114 0.422000020742416 0.389000028371811 0.359000027179718 0.348000019788742 0.347000002861023 0.436000019311905 0.5 0.492000013589859 0.499000012874603 0.487000018358231 0.510000050067902 0.50900000333786 0.535000026226044 0.550000011920929 0.570000052452087
-3.4e+38 -3.4e+38 -3.4e+38 -3.4e+38 1 0.931000053882599 0.860000014305115 0.871000051498413 0.957000017166138 0.904000043869019 0.78600001335144 0.759000062942505 0.828000068664551 0.925000071525574 1.04500007629395 1.02900004386902 0.937000036239624 0.829000055789948 0.759000062942505 0.77400004863739 0.800000011920929 0.840000033378601 0.834000051021576 0.87200003862381 0.834000051021576 0.764000058174133 0.727000057697296 0.726000010967255 0.706000030040741 0.683000028133392 0.598000049591064 0.584000051021576 0.596000015735626 0.54200005531311 0.51500004529953 0.481000036001205 0.501000046730042 0.484000027179718 0.50900000333786 0.448000013828278 0.366000026464462 0.341000020503998 0.33500000834465 0.417000025510788 0.477000027894974 0.492000013589859 0.51500004529953 0.517000019550323 0.525000035762787 0.539000034332275 0.573000013828278 0.569000005722046 0.564999997615814
-3.4e+38 -3.4e+38 -3.4e+38 -3.4e+38 -3.4e+38 -3.4e+38 1.02100002765656 0.950000047683716 1.00700008869171 1.04100000858307 0.963000059127808 0.936000049114227 0.955000042915344 1.01300001144409 1.15200006961823 1.15900003910065 1.04500007629395 1.00999999046326 0.991000056266785 0.961000025272369 0.862000048160553 0.875000059604645 0.950000047683716 0.924000024795532 0.85400003194809 0.846000015735626 0.839000046253204 0.833000063896179 0.78300005197525 0.716000020503998 0.645000040531158 0.609000027179718 0.578000009059906 0.541000008583069 0.494000017642975 0.473000019788742 0.499000012874603 0.477000027894974 0.461000025272369 0.438000023365021 0.431000024080276 0.350000023841858 0.394000023603439 0.484000027179718 0.540000021457672 0.552000045776367 0.560000002384186 0.593000054359436 0.596000015735626 0.590000033378601 0.549000024795532 0.548000037670135 0.572000026702881
-3.4e+38 -3.4e+38 -3.4e+38 -3.4e+38 -3.4e+38 -3.4e+38 1.11800003051758 1.10400009155273 1.15100002288818 1.21000003814697 1.18400001525879 1.13200008869171 1.13700008392334 1.1470000743866 1.26500010490417 1.26500010490417 1.16200006008148 1.08700001239777 1.10400009155273 1.13300001621246 1 0.928000032901764 0.941000044345856 0.894000053405762 0.853000044822693 0.817000031471252 0.867000043392181 0.862000048160553 0.805000066757202 0.719000041484833 0.723000049591064 0.705000042915344 0.650000035762787 0.562000036239624 0.545000016689301 0.522000014781952 0.511000037193298 0.457000017166138 0.439000010490417 0.394000023603439 0.405000030994415 0.405000030994415 0.429000020027161 0.50600004196167 0.547000050544739 0.590000033378601 0.609000027179718 0.561000049114227 0.532000005245209 0.580000042915344 0.589000046253204 0.550999999046326 0.526000022888184
-3.4e+38 -3.4e+38 -3.4e+38 -3.4e+38 -3.4e+38 -3.4e+38 1.14400005340576 1.1690000295639 1.17800009250641 1.28200006484985 1.36700010299683 1.39300000667572 1.31800007820129 1.31900000572205 1.34600007534027 1.37000012397766 1.24700009822845 1.22400009632111 1.16400003433228 1.05800008773804 1.01800000667572 0.968000054359436 0.949000060558319 0.944000065326691 0.92600005865097 0.884000062942505 0.891000032424927 0.808000028133392 0.821000039577484 0.785000026226044 0.800000011920929 0.789000034332275 0.78300005197525 0.759000062942505 0.727000057697296 0.683000028133392 0.610000014305115 0.523000001907349 0.484000027179718 0.454000025987625 0.474000036716461 0.442000031471252 0.476000010967255 0.537000000476837 0.573000013828278 0.547000050544739 0.554000020027161 0.526000022888184 0.512000024318695 0.498000025749207 0.502000033855438 0.493000030517578 0.503000020980835
-3.4e+38 -3.4e+38 -3.4e+38 -3.4e+38 -3.4e+38 1.1470000743866 1.15400004386902 1.25 1.27300000190735 1.34600007534027 1.42700004577637 1.5900000333786 1.6100001335144 1.60500001907349 1.55800008773804 1.51400005817413 1.29000008106232 1.17400002479553 1.08400011062622 1.07400000095367 1.057000041008 1.07200002670288 1.10000002384186 1.10000002384186 1.04700005054474 0.999000072479248 0.89900004863739 0.760000050067902 0.85400003194809 0.852000057697296 0.921000063419342 0.967000067234039 0.949000060558319 0.943000018596649 0.886000037193298 0.840000033378601 0.752000033855438 0.646000027656555 0.597000002861023 0.51500004529953 0.475000023841858 0.471000015735626 0.544000029563904 0.558000028133392 0.560000002384186 0.550000011920929 0.560000002384186 0.560000002384186 0.546000003814697 0.591000020503998 0.593000054359436 0.531000018119812 0.539000034332275
-3.4e+38 -3.4e+38 -3.4e+38 -3.4e+38 -3.4e+38 1.25 1.25 1.36700010299683 1.38000011444092 1.43800008296967 1.61900007724762 1.70000004768372 1.75100004673004 1.71900010108948 1.65300011634827 1.65400004386902 1.50300002098083 1.30400002002716 1.22000002861023 1.22400009632111 1.24700009822845 1.34800004959106 1.44300007820129 1.45000004768372 1.36400008201599 1.36000001430511 1.40600001811981 1.3840000629425 1.43400001525879 1.4300000667572 1.48400008678436 1.45600008964539 1.32200002670288 1.1800000667572 1.09200000762939 0.975000023841858 0.87200003862381 0.781000018119812 0.685000061988831 0.614000022411346 0.584000051021576 0.554000020027161 0.577000021934509 0.610000014305115 0.627000033855438 0.616000056266785 0.605000019073486 0.580000042915344 0.590000033378601 0.620000004768372 0.597000002861023 0.564999997615814 0.529000043869019
-3.4e+38 -3.4e+38 -3.4e+38 -3.4e+38 -3.4e+38 -3.4e+38 1.39600002765656 1.35500001907349 1.43100011348724 1.60400009155273 1.70400011539459 1.74900007247925 1.84400010108948 1.78500008583069 1.75100004673004 1.67600011825562 1.72000002861023 1.74100005626678 1.66400003433228 1.70400011539459 1.74700009822845 1.86900007724762 2.04900002479553 2.00800013542175 1.85000014305115 1.85900008678436 1.88000011444092 1.8400000333786 1.76000010967255 1.85500013828278 1.88000011444092 1.82600009441376 1.71800005435944 1.57400012016296 1.40100002288818 1.16500008106232 1.04200005531311 0.964000046253204 0.840000033378601 0.760000050067902 0.699000060558319 0.653000056743622 0.646000027656555 0.698000013828278 0.704000055789948 0.679000020027161 0.674000024795532 0.665000021457672 0.632000029087067 0.630000054836273 0.605000019073486 0.563000023365021 0.560000002384186
-3.4e+38 -3.4e+38 -3.4e+38 -3.4e+38 -3.4e+38 -3.4e+38 1.39200007915497 1.44400012493134 1.52500009536743 1.60900008678436 1.71300005912781 1.95400011539459 1.99400007724762 1.97300004959106 1.93800008296967 1.87900006771088 1.90200006961823 1.99300014972687 2.03800010681152 2.06800007820129 2.12000012397766 2.17400002479553 2.21500015258789 2.0460000038147 2.0310001373291 2.16500020027161 2.21800017356873 2.16000008583069 2.12900018692017 2.20300006866455 2.2260000705719 2.17300009727478 2.05000019073486 1.85800004005432 1.60500001907349 1.37700009346008 1.24000000953674 1.20200002193451 1.06500005722046 0.923000037670135 0.825000047683716 0.779000043869019 0.805000066757202 0.842000067234039 0.851000010967255 0.780000030994415 0.739000022411346 0.702000021934509 0.684000015258789 0.668000042438507 0.651000022888184 0.572000026702881 0.583000004291534
-3.4e+38 -3.4e+38 -3.4e+38 -3.4e+38 -3.4e+38 1.34300005435944 1.41400003433228 1.49900007247925 1.58800005912781 1.83400011062622 2.02600002288818 2.06400012969971 2.07400012016296 2.07600021362305 2.0310001373291 2.05400013923645 2.13499999046326 2.1800000667572 -3.4e+38 -3.4e+38 -3.4e+38 -3.4e+38 -3.4e+38 -3.4e+38 -3.4e+38 -3.4e+38 -3.4e+38 -3.4e+38 -3.4e+38 -3.4e+38 2.61800003051758 2.50400018692017 2.37000012397766 2.16300010681152 1.8730001449585 1.59100008010864 1.37900006771088 1.39000010490417 1.26000010967255 1.12600004673004 1.00100004673004 0.944000065326691 0.950000047683716 0.989000022411346 0.970000028610229 0.875000059604645 0.825000047683716 0.781000018119812 0.740000009536743 0.715000033378601 0.681000053882599 0.617000043392181 0.587000012397766
-3.4e+38 -3.4e+38 -3.4e+38 -3.4e+38 1.2830001115799 1.42400002479553 1.57900011539459 1.74000012874603 1.8860000371933 2.07400012016296 2.15100002288818 2.1470000743866 2.20500016212463 -3.4e+38 -3.4e+38 -3.4e+38 -3.4e+38 -3.4e+38 -3.4e+38 -3.4e+38 -3.4e+38 -3.4e+38 -3.4e+38 -3.4e+38 -3.4e+38 -3.4e+38 -3.4e+38 -3.4e+38 -3.4e+38 -3.4e+38 -3.4e+38 -3.4e+38 -3.4e+38 -3.4e+38 -3.4e+38 1.95000004768372 1.6800000667572 1.46900010108948 1.41700005531311 1.3160001039505 1.22500002384186 1.15100002288818 1.09700000286102 1.04800009727478 0.955000042915344 0.984000027179718 0.966000020503998 0.895000040531158 0.836000025272369 0.806000053882599 0.734000027179718 0.674000024795532 0.63400000333786
-3.4e+38 -3.4e+38 -3.4e+38 1.39400005340576 1.57800006866455 -3.4e+38 -3.4e+38 -3.4e+38 -3.4e+38 -3.4e+38 -3.4e+38 -3.4e+38 -3.4e+38 -3.4e+38 -3.4e+38 -3.4e+38 -3.4e+38 -3.4e+38 -3.4e+38 -3.4e+38 -3.4e+38 -3.4e+38 -3.4e+38 -3.4e+38 -3.4e+38 -3.4e+38 -3.4e+38 -3.4e+38 -3.4e+38 -3.4e+38 -3.4e+38 -3.4e+38 -3.4e+38 -3.4e+38 -3.4e+38 -3.4e+38 -3.4e+38 -3.4e+38 1.52700006961823 1.40000009536743 1.34800004959106 1.31000006198883 1.27900004386902 1.20200002193451 1.14900004863739 1.15600001811981 1.12400007247925 1.06100010871887 0.975000023841858 0.889000058174133 0.759000062942505 0.710000038146973 0.683000028133392
-3.4e+38 -3.4e+38 -3.4e+38 -3.4e+38 -3.4e+38 -3.4e+38 -3.4e+38 -3.4e+38 -3.4e+38 -3.4e+38 -3.4e+38 -3.4e+38 -3.4e+38 -3.4e+38 -3.4e+38 -3.4e+38 -3.4e+38 -3.4e+38 -3.4e+38 -3.4e+38 -3.4e+38 -3.4e+38 -3.4e+38 -3.4e+38 -3.4e+38 -3.4e+38 -3.4e+38 -3.4e+38 -3.4e+38 -3.4e+38 -3.4e+38 -3.4e+38 -3.4e+38 -3.4e+38 -3.4e+38 -3.4e+38 -3.4e+38 -3.4e+38 -3.4e+38 -3.4e+38 -3.4e+38 1.37500011920929 1.31100010871887 1.25500011444092 1.28000009059906 1.27900004386902 1.2960000038147 1.24600005149841 1.13500010967255 0.964000046253204 0.830000042915344 0.748000025749207 0.702000021934509
-3.4e+38 -3.4e+38 -3.4e+38 -3.4e+38 -3.4e+38 -3.4e+38 -3.4e+38 -3.4e+38 -3.4e+38 -3.4e+38 -3.4e+38 -3.4e+38 -3.4e+38 -3.4e+38 -3.4e+38 -3.4e+38 -3.4e+38 -3.4e+38 -3.4e+38 -3.4e+38 -3.4e+38 -3.4e+38 -3.4e+38 -3.4e+38 -3.4e+38 -3.4e+38 -3.4e+38 -3.4e+38 -3.4e+38 -3.4e+38 -3.4e+38 -3.4e+38 -3.4e+38 -3.4e+38 -3.4e+38 -3.4e+38 -3.4e+38 -3.4e+38 -3.4e+38 -3.4e+38 -3.4e+38 -3.4e+38 -3.4e+38 1.40200006961823 1.30900001525879 1.35800004005432 1.37500011920929 1.35400009155273 1.22000002861023 1.07300007343292 0.962000072002411 0.860000014305115 0.785000026226044
-3.4e+38 -3.4e+38 -3.4e+38 -3.4e+38 -3.4e+38 -3.4e+38 -3.4e+38 -3.4e+38 -3.4e+38 -3.4e+38 -3.4e+38 -3.4e+38 -3.4e+38 -3.4e+38 -3.4e+38 -3.4e+38 -3.4e+38 -3.4e+38 -3.4e+38 -3.4e+38 -3.4e+38 -3.4e+38 -3.4e+38 -3.4e+38 -3.4e+38 -3.4e+38 -3.4e+38 -3.4e+38 -3.4e+38 -3.4e+38 -3.4e+38 -3.4e+38 -3.4e+38 -3.4e+38 -3.4e+38 -3.4e+38 -3.4e+38 -3.4e+38 -3.4e+38 -3.4e+38 -3.4e+38 -3.4e+38 -3.4e+38 -3.4e+38 1.62700009346008 1.43500006198883 1.42500007152557 1.34900009632111 1.25 1.1580001115799 1.04500007629395 0.944000065326691 0.852000057697296
-3.4e+38 -3.4e+38 -3.4e+38 -3.4e+38 -3.4e+38 -3.4e+38 -3.4e+38 -3.4e+38 -3.4e+38 -3.4e+38 -3.4e+38 -3.4e+38 -3.4e+38 -3.4e+38 -3.4e+38 -3.4e+38 -3.4e+38 -3.4e+38 -3.4e+38 -3.4e+38 -3.4e+38 -3.4e+38 -3.4e+38 -3.4e+38 -3.4e+38 -3.4e+38 -3.4e+38 -3.4e+38 -3.4e+38 -3.4e+38 -3.4e+38 -3.4e+38 -3.4e+38 -3.4e+38 -3.4e+38 -3.4e+38 -3.4e+38 -3.4e+38 -3.4e+38 -3.4e+38 -3.4e+38 -3.4e+38 -3.4e+38 -3.4e+38 -3.4e+38 -3.4e+38 1.60000002384186 1.33400011062622 1.18800008296967 1.08500003814697 1.01600003242493 1.01300001144409 0.930000066757202
-3.4e+38 -3.4e+38 -3.4e+38 -3.4e+38 -3.4e+38 -3.4e+38 -3.4e+38 -3.4e+38 -3.4e+38 -3.4e+38 -3.4e+38 -3.4e+38 -3.4e+38 -3.4e+38 -3.4e+38 -3.4e+38 -3.4e+38 -3.4e+38 -3.4e+38 -3.4e+38 -3.4e+38 -3.4e+38 -3.4e+38 -3.4e+38 -3.4e+38 -3.4e+38 -3.4e+38 -3.4e+38 -3.4e+38 -3.4e+38 -3.4e+38 -3.4e+38 -3.4e+38 -3.4e+38 -3.4e+38 -3.4e+38 -3.4e+38 -3.4e+38 -3.4e+38 -3.4e+38 -3.4e+38 -3.4e+38 -3.4e+38 -3.4e+38 -3.4e+38 -3.4e+38 -3.4e+38 -3.4e+38 1.31500005722046 1.09600007534027 0.969000041484833 0.966000020503998 1.04500007629395
-3.4e+38 -3.4e+38 -3.4e+38 -3.4e+38 -3.4e+38 -3.4e+38 -3.4e+38 -3.4e+38 -3.4e+38 -3.4e+38 -3.4e+38 -3.4e+38 -3.4e+38 -3.4e+38 -3.4e+38 -3.4e+38 -3.4e+38 -3.4e+38 -3.4e+38 -3.4e+38 -3.4e+38 -3.4e+38 -3.4e+38 -3.4e+38 -3.4e+38 -3.4e+38 -3.4e+38 -3.4e+38 -3.4e+38 -3.4e+38 -3.4e+38 -3.4e+38 -3.4e+38 -3.4e+38 -3.4e+38 -3.4e+38 -3.4e+38 -3.4e+38 -3.4e+38 -3.4e+38 -3.4e+38 -3.4e+38 -3.4e+38 -3.4e+38 -3.4e+38 -3.4e+38 -3.4e+38 -3.4e+38 -3.4e+38 1.38200008869171 1.14800000190735 1.03600001335144 1.06100010871887
-3.4e+38 -3.4e+38 -3.4e+38 -3.4e+38 -3.4e+38 -3.4e+38 -3.4e+38 -3.4e+38 -3.4e+38 -3.4e+38 -3.4e+38 -3.4e+38 -3.4e+38 -3.4e+38 -3.4e+38 -3.4e+38 -3.4e+38 -3.4e+38 -3.4e+38 -3.4e+38 -3.4e+38 -3.4e+38 -3.4e+38 -3.4e+38 -3.4e+38 -3.4e+38 -3.4e+38 -3.4e+38 -3.4e+38 -3.4e+38 -3.4e+38 -3.4e+38 -3.4e+38 -3.4e+38 -3.4e+38 -3.4e+38 -3.4e+38 -3.4e+38 -3.4e+38 -3.4e+38 -3.4e+38 -3.4e+38 -3.4e+38 -3.4e+38 -3.4e+38 -3.4e+38 -3.4e+38 -3.4e+38 -3.4e+38 -3.4e+38 -3.4e+38 1.22400009632111 1.12400007247925
-3.4e+38 -3.4e+38 -3.4e+38 -3.4e+38 -3.4e+38 -3.4e+38 -3.4e+38 -3.4e+38 -3.4e+38 -3.4e+38 -3.4e+38 -3.4e+38 -3.4e+38 -3.4e+38 -3.4e+38 -3.4e+38 -3.4e+38 -3.4e+38 -3.4e+38 -3.4e+38 -3.4e+38 -3.4e+38 -3.4e+38 -3.4e+38 -3.4e+38 -3.4e+38 -3.4e+38 -3.4e+38 -3.4e+38 -3.4e+38 -3.4e+38 -3.4e+38 -3.4e+38 -3.4e+38 -3.4e+38 -3.4e+38 -3.4e+38 -3.4e+38 -3.4e+38 -3.4e+38 -3.4e+38 -3.4e+38 -3.4e+38 -3.4e+38 -3.4e+38 -3.4e+38 -3.4e+38 -3.4e+38 -3.4e+38 -3.4e+38 -3.4e+38 -3.4e+38 1.2960000038147
-3.4e+38 -3.4e+38 -3.4e+38 -3.4e+38 -3.4e+38 -3.4e+38 -3.4e+38 -3.4e+38 -3.4e+38 -3.4e+38 -3.4e+38 -3.4e+38 -3.4e+38 -3.4e+38 -3.4e+38 -3.4e+38 -3.4e+38 -3.4e+38 -3.4e+38 -3.4e+38 -3.4e+38 -3.4e+38 -3.4e+38 -3.4e+38 -3.4e+38 -3.4e+38 -3.4e+38 -3.4e+38 -3.4e+38 -3.4e+38 -3.4e+38 -3.4e+38 -3.4e+38 -3.4e+38 -3.4e+38 -3.4e+38 -3.4e+38 -3.4e+38 -3.4e+38 -3.4e+38 -3.4e+38 -3.4e+38 -3.4e+38 -3.4e+38 -3.4e+38 -3.4e+38 -3.4e+38 -3.4e+38 -3.4e+38 -3.4e+38 -3.4e+38 -3.4e+38 -3.4e+38
