PresentLayers/vpdmin.asc
NCOLS 292 
NROWS 291 
XLLCORNER -87.6458333327872 
YLLCORNER 24.4791666666667 
CELLSIZE 0.0416666666669039 
NODATA_value -3.4e+38 
[rows 138 to 160 of 291, columns 106 to 158 of 292]
0.526000022888184 0.544000029563904 0.564999997615814 0.558000028133392 0.532000005245209 0.495000034570694 0.440000027418137 0.38400000333786 0.359000027179718 0.364000022411346 0.376000016927719 0.38400000333786 0.389000028371811 0.35300001502037 0.348000019788742 0.352000027894974 0.338000029325485 0.301000028848648 0.306000024080276 0.330000013113022 0.410000026226044 0.41100001335144 0.349000006914139 0.31700000166893 0.333000004291534 0.325000017881393 0.373000025749207 0.414000034332275 0.362000018358231 0.323000013828278 0.290000021457672 0.256000012159348 0.234000012278557 0.209000006318092 0.185000002384186 0.19700001180172 0.245000004768372 0.330000013113022 0.459000021219254 0.623000025749207 0.685000061988831 0.429000020027161 0.272000014781952 -3.4e+38 -3.4e+38 -3.4e+38 -3.4e+38 -3.4e+38 -3.4e+38 -3.4e+38 -3.4e+38 -3.4e+38 -3.4e+38
0.52400004863739 0.535000026226044 0.548000037670135 0.530000030994415 0.53600001335144 0.490000009536743 0.429000020027161 0.40200001001358 0.371000021696091 0.374000012874603 0.406000018119812 0.401000022888184 0.409000009298325 0.399000018835068 0.378000020980835 0.376000016927719 0.346000015735626 0.376000016927719 0.334000021219254 0.337000012397766 0.380000025033951 0.368000030517578 0.342000007629395 0.349000006914139 0.370000004768372 0.429000020027161 0.481000036001205 0.480000019073486 0.438000023365021 0.41100001335144 0.334000021219254 0.273000001907349 0.242000013589859 0.20100000500679 0.230000004172325 0.279000014066696 0.327000021934509 0.410000026226044 0.560000002384186 0.700000047683716 0.75600004196167 0.520000040531158 0.380000025033951 -3.4e+38 -3.4e+38 -3.4e+38 -3.4e+38 -3.4e+38 -3.4e+38 -3.4e+38 -3.4e+38 -3.4e+38 -3.4e+38
0.54200005531311 0.529000043869019 0.549000024795532 0.530000030994415 0.520000040531158 0.449000030755997 0.380000025033951 0.352000027894974 0.358000010251999 0.373000025749207 0.365000009536743 0.38400000333786 0.419000029563904 0.418000012636185 0.424000024795532 0.39300000667572 0.371000021696091 0.396000027656555 0.391000032424927 0.363000005483627 0.388000011444092 0.374000012874603 0.347000002861023 0.373000025749207 0.457000017166138 0.556000053882599 0.595000028610229 0.654000043869019 0.65800005197525 0.494000017642975 0.432000011205673 0.408000022172928 0.394000023603439 0.372000008821487 0.413000017404556 0.456000030040741 0.456000030040741 0.550999999046326 0.77400004863739 1.00100004673004 0.998000025749207 0.734000027179718 0.680000007152557 -3.4e+38 -3.4e+38 -3.4e+38 -3.4e+38 -3.4e+38 -3.4e+38 -3.4e+38 -3.4e+38 -3.4e+38 -3.4e+38
0.534000039100647 0.537000000476837 0.547000050544739 0.50900000333786 0.50900000333786 0.431000024080276 0.38400000333786 0.342000007629395 0.345000028610229 0.349000006914139 0.360000014305115 0.392000019550323 0.399000018835068 0.40200001001358 0.395000010728836 0.383000016212463 0.383000016212463 0.379000008106232 0.378000020980835 0.379000008106232 0.369000017642975 0.360000014305115 0.382000029087067 0.450000017881393 0.507000029087067 0.592000007629395 0.625 0.710000038146973 0.675000011920929 0.568000018596649 0.504000008106232 0.494000017642975 0.513000011444092 0.556000053882599 0.598000049591064 0.66700005531311 0.635000050067902 0.712000012397766 0.928000032901764 1.24500000476837 1.28000009059906 1.03700006008148 1.01700007915497 -3.4e+38 -3.4e+38 -3.4e+38 -3.4e+38 -3.4e+38 -3.4e+38 -3.4e+38 -3.4e+38 -3.4e+38 -3.4e+38
0.549000024795532 0.548000037670135 0.50900000333786 0.484000027179718 0.462000012397766 0.39300000667572 0.349000006914139 0.359000027179718 0.364000022411346 0.349000006914139 0.363000005483627 0.382000029087067 0.364000022411346 0.361000031232834 0.346000015735626 0.379000008106232 0.375000029802322 0.377000004053116 0.381000012159348 0.385000020265579 0.356000006198883 0.345000028610229 0.401000022888184 0.48800003528595 0.591000020503998 0.611000001430511 0.591000020503998 0.599000036716461 0.626000046730042 0.548000037670135 0.497000008821487 0.513999998569489 0.550000011920929 0.569000005722046 0.61300003528595 0.650000035762787 0.666000008583069 0.770000040531158 0.980000019073486 1.35400009155273 1.67200005054474 1.45400011539459 1.46800005435944 -3.4e+38 -3.4e+38 -3.4e+38 -3.4e+38 -3.4e+38 -3.4e+38 -3.4e+38 -3.4e+38 -3.4e+38 -3.4e+38
0.54200005531311 0.504999995231628 0.475000023841858 0.465000033378601 0.401000022888184 0.342000007629395 0.318000018596649 0.330000013113022 0.340000003576279 0.346000015735626 0.361000031232834 0.38400000333786 0.372000008821487 0.35300001502037 0.366000026464462 0.370000004768372 0.401000022888184 0.368000030517578 0.377000004053116 0.365000009536743 0.369000017642975 0.304000020027161 0.33500000834465 0.429000020027161 0.495000034570694 0.569000005722046 0.564999997615814 0.599000036716461 0.599000036716461 0.531000018119812 0.504999995231628 0.501000046730042 0.569000005722046 0.550000011920929 0.564999997615814 0.564999997615814 0.62200003862381 0.720000028610229 0.968000054359436 1.37900006771088 1.82900011539459 1.94400012493134 1.98600006103516 -3.4e+38 -3.4e+38 -3.4e+38 -3.4e+38 -3.4e+38 -3.4e+38 -3.4e+38 -3.4e+38 -3.4e+38 -3.4e+38
0.534000039100647 0.46000000834465 0.414000034332275 0.380000025033951 0.323000013828278 0.284000009298325 0.249000012874603 0.25 0.297000020742416 0.347000002861023 0.399000018835068 0.409000009298325 0.392000019550323 0.364000022411346 0.373000025749207 0.378000020980835 0.372000008821487 0.345000028610229 0.348000019788742 0.348000019788742 0.345000028610229 0.328000009059906 0.380000025033951 0.422000020742416 0.458000034093857 0.50900000333786 0.477000027894974 0.52400004863739 0.591000020503998 0.574000000953674 0.504999995231628 0.489000022411346 0.504999995231628 0.53300005197525 0.502000033855438 0.494000017642975 0.564000010490417 0.657000005245209 0.942000031471252 1.39300000667572 1.88500010967255 2.20300006866455 2.47800016403198 -3.4e+38 -3.4e+38 -3.4e+38 -3.4e+38 -3.4e+38 -3.4e+38 -3.4e+38 -3.4e+38 -3.4e+38 -3.4e+38
0.507000029087067 0.465000033378601 0.407000005245209 0.339000016450882 0.27700001001358 0.21900001168251 0.189000010490417 0.198000013828278 0.245000004768372 0.352000027894974 0.428000032901764 0.445000022649765 0.425000011920929 0.399000018835068 0.396000027656555 0.365000009536743 0.370000004768372 0.349000006914139 0.334000021219254 0.329000025987625 0.336000025272369 0.395000010728836 0.454000025987625 0.477000027894974 0.491000026464462 0.497000008821487 0.444000035524368 0.485000014305115 0.545000016689301 0.544000029563904 0.503000020980835 0.483000010251999 0.463000029325485 0.51800000667572 0.461000025272369 0.430000007152557 0.497000008821487 0.589000046253204 0.907000064849854 1.45000004768372 1.90000009536743 2.09000015258789 2.33400011062622 -3.4e+38 -3.4e+38 -3.4e+38 -3.4e+38 -3.4e+38 -3.4e+38 -3.4e+38 -3.4e+38 -3.4e+38 -3.4e+38
0.46000000834465 0.440000027418137 0.394000023603439 0.340000003576279 0.279000014066696 0.21000000834465 0.190000012516975 0.207000017166138 0.28600001335144 0.428000032901764 0.485000014305115 0.492000013589859 0.490000009536743 0.399000018835068 0.362000018358231 0.333000004291534 0.306000024080276 0.349000006914139 0.365000009536743 0.376000016927719 0.38400000333786 0.420000016689301 0.459000021219254 0.525000035762787 0.53300005197525 0.520000040531158 0.482000023126602 0.502000033855438 0.529000043869019 0.491000026464462 0.449000030755997 0.440000027418137 0.431000024080276 0.502000033855438 0.490000009536743 0.439000010490417 0.502000033855438 0.577000021934509 0.877000033855438 1.37500011920929 1.86700010299683 2.05900001525879 2.12600016593933 -3.4e+38 -3.4e+38 -3.4e+38 -3.4e+38 -3.4e+38 -3.4e+38 -3.4e+38 -3.4e+38 -3.4e+38 -3.4e+38
0.440000027418137 0.410000026226044 0.376000016927719 0.33500000834465 0.299000024795532 0.25 0.243000015616417 0.25 0.374000012874603 0.50900000333786 0.564999997615814 0.560000002384186 0.521000027656555 0.489000022411346 0.389000028371811 0.368000030517578 0.300000011920929 0.320000022649765 0.379000008106232 0.404000014066696 0.414000034332275 0.403000026941299 0.429000020027161 0.452000021934509 0.47900003194809 0.502000033855438 0.455000013113022 0.455000013113022 0.547000050544739 0.529000043869019 0.457000017166138 0.446000009775162 0.499000012874603 0.549000024795532 0.562000036239624 0.566000044345856 0.608000040054321 0.791000008583069 1.05400002002716 1.45400011539459 1.81700003147125 1.97800004482269 1.98600006103516 2.10000014305115 -3.4e+38 -3.4e+38 -3.4e+38 -3.4e+38 -3.4e+38 -3.4e+38 -3.4e+38 -3.4e+38 -3.4e+38
0.439000010490417 0.388000011444092 0.355000019073486 0.314000010490417 0.319000005722046 0.334000021219254 0.337000012397766 0.354000002145767 0.414000034332275 0.47800001502037 0.563000023365021 0.582000017166138 0.541000008583069 0.50900000333786 0.463000029325485 0.403000026941299 0.34400001168251 0.323000013828278 0.35300001502037 0.361000031232834 0.363000005483627 0.324000000953674 0.389000028371811 0.428000032901764 0.442000031471252 0.399000018835068 0.395000010728836 0.408000022172928 0.552000045776367 0.538000047206879 0.522000014781952 0.501000046730042 0.522000014781952 0.586000025272369 0.694000005722046 0.759000062942505 0.928000032901764 1.18700003623962 1.37200009822845 1.65000009536743 1.78700006008148 1.89800012111664 1.86800003051758 1.97700011730194 -3.4e+38 -3.4e+38 -3.4e+38 -3.4e+38 -3.4e+38 -3.4e+38 -3.4e+38 -3.4e+38 -3.4e+38
0.388000011444092 0.347000002861023 0.318000018596649 0.290000021457672 0.312000006437302 0.343000024557114 0.373000025749207 0.42100003361702 0.434000015258789 0.46000000834465 0.512000024318695 0.51800000667572 0.513999998569489 0.458000034093857 0.434000015258789 0.383000016212463 0.354000002145767 0.328000009059906 0.284000009298325 0.289000004529953 0.291000008583069 0.293999999761581 0.359000027179718 0.330000013113022 0.357000023126602 0.389000028371811 0.435000032186508 0.464000016450882 0.545000016689301 0.51800000667572 0.50600004196167 0.480000019073486 0.450000017881393 0.557000041007996 0.853000044822693 1.1120001077652 1.38200008869171 1.67100012302399 1.87800014019012 1.78800010681152 1.82400012016296 1.79900014400482 1.85600006580353 1.89800012111664 -3.4e+38 -3.4e+38 -3.4e+38 -3.4e+38 -3.4e+38 -3.4e+38 -3.4e+38 -3.4e+38 -3.4e+38
0.358000010251999 0.320000022649765 0.289000004529953 0.293000012636185 0.32600000500679 0.360000014305115 0.414000034332275 0.429000020027161 0.434000015258789 0.453000009059906 0.455000013113022 0.443000018596649 0.436000019311905 0.424000024795532 0.404000014066696 0.360000014305115 0.332000017166138 0.271000027656555 0.275000005960464 0.270000010728836 0.25900000333786 0.243000015616417 0.245000004768372 0.225000008940697 0.293000012636185 0.278000026941299 0.336000025272369 0.347000002861023 0.48800003528595 0.475000023841858 0.423000007867813 0.357000023126602 0.373000025749207 0.569000005722046 1.02400004863739 1.6340000629425 2.21000003814697 2.5 2.39100003242493 1.95900011062622 1.67700004577637 1.74400007724762 1.93800008296967 1.99100005626678 -3.4e+38 -3.4e+38 -3.4e+38 -3.4e+38 -3.4e+38 -3.4e+38 -3.4e+38 -3.4e+38 -3.4e+38
0.325000017881393 0.293999999761581 0.293999999761581 0.304000020027161 0.34400001168251 0.431000024080276 0.543000042438507 0.487000018358231 0.459000021219254 0.401000022888184 0.394000023603439 0.351000010967255 0.377000004053116 0.413000017404556 0.331000030040741 0.314000010490417 0.269000023603439 0.256999999284744 0.229000017046928 0.240000009536743 0.25 0.265000015497208 0.240000009536743 0.232000008225441 0.22800001502037 0.293999999761581 0.318000018596649 0.285000026226044 0.390000015497208 0.382000029087067 0.276000022888184 0.230000004172325 0.314000010490417 0.64300000667572 1.33300006389618 2.25300002098083 3.16900014877319 3.58000016212463 3.06800007820129 2.43900012969971 1.89100003242493 1.79600012302399 1.96300005912781 1.94600009918213 -3.4e+38 -3.4e+38 -3.4e+38 -3.4e+38 -3.4e+38 -3.4e+38 -3.4e+38 -3.4e+38 -3.4e+38
0.304000020027161 0.312000006437302 0.310000002384186 0.322000026702881 0.356000006198883 0.423000007867813 0.516000032424927 0.50600004196167 0.489000022411346 0.448000013828278 0.454000025987625 0.386000007390976 0.340000003576279 0.275000005960464 0.265000015497208 0.221000015735626 0.207000017166138 0.234000012278557 0.265000015497208 0.27700001001358 0.274000018835068 0.305000007152557 0.236000016331673 0.202000007033348 0.220000013709068 0.285000026226044 0.281000018119812 0.240000009536743 0.319000005722046 0.33500000834465 0.243000015616417 0.158000007271767 0.242000013589859 0.675000011920929 1.52400004863739 2.62800002098083 3.70800018310547 4.39499998092651 3.77400016784668 2.97300004959106 2.21500015258789 1.98600006103516 2.0220000743866 1.95500004291534 1.99100005626678 -3.4e+38 -3.4e+38 -3.4e+38 -3.4e+38 -3.4e+38 -3.4e+38 -3.4e+38 -3.4e+38
0.280000001192093 0.303000003099442 0.302000015974045 0.324000000953674 0.369000017642975 0.410000026226044 0.457000017166138 0.483000010251999 0.480000019073486 0.46900001168251 0.451000034809113 0.34400001168251 0.31700000166893 0.263999998569489 0.200000002980232 0.175000011920929 0.154000014066696 0.199000015854836 0.237000018358231 0.265000015497208 0.332000017166138 0.329000025987625 0.32600000500679 0.304000020027161 0.297000020742416 0.255000025033951 0.234000012278557 0.217000007629395 0.235000014305115 0.299000024795532 0.21900001168251 0.163000002503395 0.33500000834465 0.849000036716461 1.71000003814697 2.74700021743774 3.83700013160706 4.53600025177002 4.01900005340576 3.16500020027161 2.43600010871887 2.1230001449585 2.14900016784668 2.00500011444092 1.93900012969971 -3.4e+38 -3.4e+38 -3.4e+38 -3.4e+38 -3.4e+38 -3.4e+38 -3.4e+38 -3.4e+38
0.25 0.262000024318695 0.281000018119812 0.310000002384186 0.343000024557114 0.385000020265579 0.413000017404556 0.434000015258789 0.40200001001358 0.401000022888184 0.354000002145767 0.340000003576279 0.272000014781952 0.223000004887581 0.0890000015497208 0.13900001347065 0.15200001001358 0.180000007152557 0.244000017642975 0.289000004529953 0.307000011205673 0.329000025987625 0.35300001502037 0.364000022411346 0.321000009775162 0.276000022888184 0.249000012874603 0.236000016331673 0.169000014662743 0.290000021457672 0.274000018835068 0.261000007390976 0.336000025272369 0.761000037193298 1.57100009918213 2.55000019073486 3.56600022315979 3.99500012397766 3.59700012207031 2.92400002479553 2.35900020599365 2.04900002479553 2.07600021362305 1.92600011825562 1.83800005912781 -3.4e+38 -3.4e+38 -3.4e+38 -3.4e+38 -3.4e+38 -3.4e+38 -3.4e+38 -3.4e+38
0.216000005602837 0.215000003576279 0.225000008940697 0.25900000333786 0.285000026226044 0.329000025987625 0.380000025033951 0.392000019550323 0.359000027179718 0.352000027894974 0.348000019788742 0.314000010490417 0.231000006198883 0.142000004649162 0.0720000043511391 0.0930000022053719 0.163000002503395 0.189000010490417 0.231000006198883 0.314000010490417 0.364000022411346 0.379000008106232 0.385000020265579 0.409000009298325 0.333000004291534 0.315000027418137 0.302000015974045 0.282000005245209 0.190000012516975 0.300000011920929 0.28600001335144 0.359000027179718 0.350000023841858 0.659000039100647 1.27300000190735 2.11600017547607 2.8490002155304 3.17400026321411 2.91000008583069 2.37700009346008 1.97200012207031 1.78800010681152 1.83400011062622 1.83400011062622 1.70900011062622 -3.4e+38 -3.4e+38 -3.4e+38 -3.4e+38 -3.4e+38 -3.4e+38 -3.4e+38 -3.4e+38
0.174000009894371 0.146999999880791 0.168000012636185 0.232000008225441 0.267000019550323 0.293999999761581 0.364000022411346 0.388000011444092 0.369000017642975 0.346000015735626 0.312000006437302 0.265000015497208 0.202000007033348 0.167000010609627 0.168000012636185 0.16100001335144 0.187000006437302 0.243000015616417 0.28600001335144 0.351000010967255 0.370000004768372 0.389000028371811 0.396000027656555 0.358000010251999 0.351000010967255 0.363000005483627 0.368000030517578 0.358000010251999 0.227000012993813 0.304000020027161 0.205000013113022 0.215000003576279 0.407000005245209 0.596000015735626 0.972000062465668 1.51600003242493 2.05200004577637 2.4300000667572 2.2260000705719 1.90500009059906 1.63500010967255 1.49500012397766 1.53600001335144 1.6910001039505 1.62100005149841 1.74300003051758 -3.4e+38 -3.4e+38 -3.4e+38 -3.4e+38 -3.4e+38 -3.4e+38 -3.4e+38
0.160000011324883 0.169000014662743 0.211000010371208 0.245000004768372 0.256999999284744 0.273000001907349 0.319000005722046 0.350000023841858 0.359000027179718 0.321000009775162 0.300000011920929 0.231000006198883 0.218000009655952 0.220000013709068 0.242000013589859 0.237000018358231 0.224000006914139 0.263999998569489 0.273000001907349 0.330000013113022 0.370000004768372 0.394000023603439 0.394000023603439 0.405000030994415 0.41100001335144 0.433000028133392 0.448000013828278 0.397000014781952 0.298000007867813 0.33500000834465 0.263999998569489 0.315000027418137 0.361000031232834 0.280000001192093 0.609000027179718 1.15299999713898 1.67000007629395 1.9300000667572 1.87900006771088 1.682000041008 1.47500002384186 1.30600011348724 1.31900000572205 1.46700012683868 1.51500010490417 1.58000004291534 -3.4e+38 -3.4e+38 -3.4e+38 -3.4e+38 -3.4e+38 -3.4e+38 -3.4e+38
0.21900001168251 0.261000007390976 0.295000016689301 0.300000011920929 0.263000011444092 0.260000020265579 0.24600000679493 0.278000026941299 0.300000011920929 0.274000018835068 0.274000018835068 0.272000014781952 0.27700001001358 0.256999999284744 0.275000005960464 0.271000027656555 0.308000028133392 0.330000013113022 0.318000018596649 0.334000021219254 0.354000002145767 0.345000028610229 0.369000017642975 0.356000006198883 0.391000032424927 0.459000021219254 0.449000030755997 0.399000018835068 0.303000003099442 0.31700000166893 0.305000007152557 0.312000006437302 0.230000004172325 0.242000013589859 0.420000016689301 0.853000044822693 1.29100000858307 1.6450001001358 1.71200013160706 1.55300009250641 1.32600009441376 1.15400004386902 1.16600000858307 1.29300010204315 1.32600009441376 1.4650000333786 -3.4e+38 -3.4e+38 -3.4e+38 -3.4e+38 -3.4e+38 -3.4e+38 -3.4e+38
0.293999999761581 0.308000028133392 0.338000029325485 0.351000010967255 0.307000011205673 0.279000014066696 0.245000004768372 0.258000016212463 0.262000024318695 0.269000023603439 0.270000010728836 0.298000007867813 0.291000008583069 0.300000011920929 0.332000017166138 0.328000009059906 0.269000023603439 0.273000001907349 0.274000018835068 0.302000015974045 0.27700001001358 0.251000016927719 0.33500000834465 0.373000025749207 0.428000032901764 0.513000011444092 0.550000011920929 0.455000013113022 0.339000016450882 0.301000028848648 0.287000000476837 0.279000014066696 0.315000027418137 0.300000011920929 0.341000020503998 0.619000017642975 0.942000031471252 1.26700007915497 1.3970000743866 1.45700001716614 1.2150000333786 1.05800008773804 1.0200001001358 1.14000010490417 1.20100009441376 1.41100001335144 -3.4e+38 -3.4e+38 -3.4e+38 -3.4e+38 -3.4e+38 -3.4e+38 -3.4e+38
0.349000006914139 0.362000018358231 0.379000008106232 0.388000011444092 0.310000002384186 0.298000007867813 0.303000003099442 0.271000027656555 0.262000024318695 0.244000017642975 0.249000012874603 0.263999998569489 0.273000001907349 0.269000023603439 0.256000012159348 0.247000008821487 0.295000016689301 0.320000022649765 0.251000016927719 0.238000005483627 0.260000020265579 0.299000024795532 0.329000025987625 0.354000002145767 0.41200003027916 0.526000022888184 0.597000002861023 0.429000020027161 0.284000009298325 0.271000027656555 0.319000005722046 0.333000004291534 0.332000017166138 0.240000009536743 0.354000002145767 0.453000009059906 0.687000036239624 0.970000028610229 1.20600008964539 1.23200011253357 1.0460000038147 0.910000026226044 0.865000069141388 0.995000064373016 1.20100009441376 1.39400005340576 1.63500010967255 -3.4e+38 -3.4e+38 -3.4e+38 -3.4e+38 -3.4e+38 -3.4e+38
