PresentLayers/vpdmax.asc
NCOLS 292 
NROWS 291 
XLLCORNER -87.6458333327872 
YLLCORNER 24.4791666666667 
CELLSIZE 0.0416666666669039 
NODATA_value -3.4e+38 
[rows 144 to 167 of 291, columns 106 to 158 of 292]
17.7600002288818 17.484001159668 17.3250007629395 17.2210006713867 17.105001449585 16.943000793457 16.8310012817383 16.8840007781982 17.1310005187988 17.4240016937256 17.7240009307861 17.9080009460449 18.1240005493164 18.0250015258789 18.1110000610352 18.2660007476807 18.3530006408691 18.4530010223389 18.3819999694824 18.4250011444092 18.5080013275146 18.5300006866455 18.5250015258789 18.6400012969971 18.875 19.0450000762939 19.101001739502 18.9590015411377 18.734001159668 18.4950008392334 18.3850002288818 18.2639999389648 17.8500003814697 17.3740005493164 17.0040016174316 16.7119998931885 16.5550003051758 16.3730010986328 16.1319999694824 16.1459999084473 16.3650016784668 16.5820007324219 16.8580017089844 -3.4e+38 -3.4e+38 -3.4e+38 -3.4e+38 -3.4e+38 -3.4e+38 -3.4e+38 -3.4e+38 -3.4e+38 -3.4e+38
17.6270008087158 17.3889999389648 17.2450008392334 17.1200008392334 16.8930015563965 16.6640014648438 16.375 16.5100002288818 16.9810009002686 17.3880004882812 17.7270011901855 18.0470008850098 18.1280002593994 18.0590000152588 18.101001739502 18.1560001373291 18.2670001983643 18.2670001983643 18.2550010681152 18.3170013427734 18.3570003509521 18.4860000610352 18.4750003814697 18.4690017700195 18.6640014648438 18.6650009155273 18.7040004730225 18.5930004119873 18.4180011749268 18.2569999694824 18.1260013580322 18.0470008850098 17.8150005340576 17.3120002746582 16.9619998931885 16.6690006256104 16.435001373291 16.2110004425049 16.0770015716553 15.9690008163452 16.0880012512207 16.1990013122559 16.1500015258789 -3.4e+38 -3.4e+38 -3.4e+38 -3.4e+38 -3.4e+38 -3.4e+38 -3.4e+38 -3.4e+38 -3.4e+38 -3.4e+38
17.4720001220703 17.4010009765625 17.3000011444092 17.2250003814697 17.0120010375977 16.6120014190674 16.3990001678467 16.625 17.064001083374 17.5360012054443 17.8780002593994 18.1440010070801 18.3150005340576 18.1450004577637 18.1280002593994 18.1319999694824 18.1350002288818 18.193000793457 18.1920013427734 18.2440013885498 18.2860012054443 18.3540000915527 18.2510013580322 18.2540016174316 18.3540000915527 18.3650016784668 18.3120002746582 18.2540016174316 18.1100006103516 18.0450000762939 17.9850006103516 17.8970012664795 17.8330001831055 17.3030014038086 16.9540004730225 16.6650009155273 16.4670009613037 16.1870002746582 16.189001083374 16.0740013122559 15.9020004272461 15.7470006942749 15.5340003967285 -3.4e+38 -3.4e+38 -3.4e+38 -3.4e+38 -3.4e+38 -3.4e+38 -3.4e+38 -3.4e+38 -3.4e+38 -3.4e+38
17.5130004882812 17.4440002441406 17.4590015411377 17.4000015258789 17.1190013885498 16.6500015258789 16.601001739502 16.7400016784668 17.1540012359619 17.6690006256104 17.951000213623 18.1830005645752 18.1290016174316 18.2980003356934 18.2210006713867 18.1750011444092 18.0710010528564 18.064001083374 18.0920009613037 18.0290012359619 18.0659999847412 18.0320014953613 17.939001083374 17.8940010070801 17.9820003509521 18.0620002746582 18.0130004882812 18.0190010070801 17.9140014648438 17.9460010528564 17.8410015106201 17.7450008392334 17.6670017242432 17.3810005187988 17.1160011291504 16.9560012817383 16.5400009155273 16.3150005340576 16.3229999542236 16.2100009918213 15.8070011138916 15.4600009918213 14.91100025177 14.8040008544922 -3.4e+38 -3.4e+38 -3.4e+38 -3.4e+38 -3.4e+38 -3.4e+38 -3.4e+38 -3.4e+38 -3.4e+38
17.5670013427734 17.5850009918213 17.480001449585 17.2620010375977 17.2580013275146 17.3240013122559 17.1120014190674 17.0370006561279 17.2430000305176 17.5750007629395 18.0010013580322 18.0770015716553 18.0790004730225 18.1340007781982 18.2830009460449 18.0450000762939 17.9720001220703 17.8640003204346 17.8650016784668 17.8410015106201 17.871000289917 17.7709999084473 17.6770000457764 17.6620006561279 17.7270011901855 17.7580013275146 17.7660007476807 17.8130016326904 17.7090015411377 17.8299999237061 17.8120002746582 17.7510013580322 17.7119998931885 17.57200050354 17.3540000915527 17.1529998779297 16.7750015258789 16.6000003814697 16.4530010223389 16.0270004272461 15.7390003204346 15.1500005722046 14.4040002822876 14.0000009536743 -3.4e+38 -3.4e+38 -3.4e+38 -3.4e+38 -3.4e+38 -3.4e+38 -3.4e+38 -3.4e+38 -3.4e+38
17.4980010986328 17.4690017700195 17.4650001525879 17.5130004882812 17.625 17.5020008087158 17.443000793457 17.4500007629395 17.4500007629395 17.492000579834 17.6710014343262 17.7510013580322 17.8690013885498 18.1260013580322 18.0100002288818 17.7870006561279 17.6940002441406 17.7550010681152 17.6360015869141 17.5330009460449 17.6500015258789 17.6319999694824 17.5390014648438 17.4360008239746 17.4670009613037 17.4700012207031 17.4790000915527 17.5069999694824 17.568000793457 17.613000869751 17.6650009155273 17.7119998931885 17.7830009460449 17.7210006713867 17.6020011901855 17.4650001525879 17.2630004882812 17.1160011291504 16.609001159668 16.3970012664795 15.863000869751 15.6840009689331 14.2050008773804 13.5620002746582 -3.4e+38 -3.4e+38 -3.4e+38 -3.4e+38 -3.4e+38 -3.4e+38 -3.4e+38 -3.4e+38 -3.4e+38
17.4790000915527 17.4630012512207 17.5380001068115 17.7310009002686 18.0550003051758 18.0570011138916 17.69700050354 17.0040016174316 17.1230010986328 17.5500011444092 17.7310009002686 17.738000869751 17.9640007019043 17.9150009155273 17.7569999694824 17.6380004882812 17.6750011444092 17.6440010070801 17.4320011138916 17.5460014343262 17.5590000152588 17.4720001220703 17.2280006408691 17.1550006866455 17.189001083374 17.1319999694824 17.1350002288818 17.2550010681152 17.4750003814697 17.5670013427734 17.5990009307861 17.5910015106201 17.625 17.7900009155273 17.7900009155273 17.7070007324219 17.9750003814697 17.8010005950928 17.1510009765625 16.810001373291 16.4500007629395 16.0380001068115 14.6900005340576 13.4140005111694 -3.4e+38 -3.4e+38 -3.4e+38 -3.4e+38 -3.4e+38 -3.4e+38 -3.4e+38 -3.4e+38 -3.4e+38
17.3850002288818 17.4180011749268 17.568000793457 17.8490009307861 18.2080001831055 18.4150009155273 18.4520015716553 17.4360008239746 17.3200016021729 17.3440017700195 17.5840015411377 17.8520011901855 17.6510009765625 17.609001159668 17.5659999847412 17.4820003509521 17.4549999237061 17.4440002441406 17.4280014038086 17.4570007324219 17.4700012207031 17.4260005950928 17.2390003204346 17.1470012664795 17.0910015106201 16.9750003814697 16.9300003051758 17.0340003967285 17.3390007019043 17.4080009460449 17.4080009460449 17.3610000610352 17.3760013580322 17.560001373291 17.9120006561279 18.2070007324219 18.8690013885498 18.8780002593994 18.0930004119873 17.2000007629395 16.8040008544922 16.2200012207031 15.1060009002686 13.3950004577637 -3.4e+38 -3.4e+38 -3.4e+38 -3.4e+38 -3.4e+38 -3.4e+38 -3.4e+38 -3.4e+38 -3.4e+38
17.238000869751 17.3200016021729 17.5030002593994 17.8480014801025 18.1300010681152 18.2780017852783 18.3830013275146 17.8930015563965 17.4780006408691 17.3420009613037 17.2400016784668 17.5050010681152 17.4490013122559 17.3490009307861 17.3210010528564 17.1459999084473 17.1300010681152 17.1040000915527 17.1540012359619 17.2360000610352 17.2890014648438 17.3970012664795 17.1150016784668 17.1520004272461 17.1510009765625 17.0700016021729 16.9540004730225 16.9790000915527 17.1950016021729 17.3600006103516 17.3500003814697 17.0130004882812 16.7660007476807 17.1660003662109 17.9490013122559 18.9409999847412 20.0710010528564 20.2770004272461 19.0700016021729 17.8650016784668 17.2330017089844 16.4530010223389 15.3260011672974 13.8590002059937 13.1810007095337 -3.4e+38 -3.4e+38 -3.4e+38 -3.4e+38 -3.4e+38 -3.4e+38 -3.4e+38 -3.4e+38
17.1520004272461 17.314001083374 17.5430011749268 17.8200016021729 18.0700016021729 18.2020015716553 18.2310009002686 17.9890003204346 17.6660003662109 17.3240013122559 17.25 17.6880016326904 17.2580013275146 16.8780002593994 16.8780002593994 16.8860015869141 16.94700050354 16.8030014038086 16.9600009918213 17.117000579834 17.3170013427734 17.4220008850098 17.2920017242432 17.2750015258789 17.2240009307861 17.0290012359619 16.9560012817383 16.9540004730225 17.064001083374 17.1960010528564 17.1960010528564 16.8660011291504 16.742000579834 17.189001083374 17.9340000152588 18.9240016937256 20.1180000305176 20.1100006103516 19.2230014801025 18.230001449585 17.4990005493164 16.818000793457 15.5340003967285 14.0400009155273 13.4300003051758 -3.4e+38 -3.4e+38 -3.4e+38 -3.4e+38 -3.4e+38 -3.4e+38 -3.4e+38 -3.4e+38
17.1440010070801 17.3610000610352 17.5430011749268 17.7290000915527 17.8490009307861 17.9900016784668 17.9690017700195 17.742000579834 17.7970008850098 17.5520000457764 17.5090007781982 17.5520000457764 17.3190002441406 16.8889999389648 17.2440013885498 16.7320003509521 16.5750007629395 16.8120002746582 16.9740009307861 17.0080013275146 17.2930011749268 17.5490016937256 17.4590015411377 17.3490009307861 17.2600002288818 17.0840015411377 16.9640007019043 16.9940013885498 17.068000793457 17.1590003967285 17.1570014953613 17.0880012512207 17.2370014190674 17.3900012969971 17.7360000610352 18.5290012359619 18.9370002746582 18.9270000457764 18.5590000152588 17.9110012054443 17.2880001068115 16.7240009307861 15.7760009765625 14.4330005645752 13.7170009613037 -3.4e+38 -3.4e+38 -3.4e+38 -3.4e+38 -3.4e+38 -3.4e+38 -3.4e+38 -3.4e+38
16.9700012207031 17.2830009460449 17.4870014190674 17.5990009307861 17.6290016174316 17.6960010528564 17.7940006256104 17.8200016021729 17.6670017242432 17.6550006866455 17.6470012664795 17.5780010223389 17.4619998931885 17.326000213623 17.2820014953613 16.9660015106201 16.8900012969971 16.9450016021729 17.0290012359619 17.1140003204346 17.2150001525879 17.4250011444092 17.5250015258789 17.44700050354 17.310001373291 17.2400016784668 17.1420001983643 17.0490016937256 17.076000213623 17.1110000610352 17.2850017547607 17.1950016021729 17.4409999847412 17.3870010375977 17.5860004425049 17.6650009155273 17.8290004730225 17.7940006256104 17.568000793457 17.242000579834 17.0090007781982 16.6000003814697 15.8420009613037 14.6720008850098 13.7800006866455 -3.4e+38 -3.4e+38 -3.4e+38 -3.4e+38 -3.4e+38 -3.4e+38 -3.4e+38 -3.4e+38
16.9010009765625 17.3520011901855 17.4000015258789 17.4730014801025 17.5550003051758 17.5400009155273 17.5729999542236 17.6450004577637 17.5330009460449 17.5630016326904 17.5220012664795 17.564001083374 17.5980014801025 17.4780006408691 17.25 17.2580013275146 17.0970001220703 17.1120014190674 17.1220016479492 17.1570014953613 17.4240016937256 17.4700012207031 17.3980007171631 17.2930011749268 17.375 17.3700008392334 17.3540000915527 17.2630004882812 17.1620006561279 17.238000869751 17.2480010986328 17.1440010070801 17.101001739502 17.1280002593994 17.1260013580322 17.0970001220703 17.1280002593994 17 16.9140014648438 16.8290004730225 16.6340007781982 16.3200016021729 15.9790010452271 14.738000869751 13.7050008773804 13.649001121521 -3.4e+38 -3.4e+38 -3.4e+38 -3.4e+38 -3.4e+38 -3.4e+38 -3.4e+38
16.9290008544922 17.189001083374 17.306001663208 17.375 17.4180011749268 17.439001083374 17.4990005493164 17.5069999694824 17.4900016784668 17.5020008087158 17.5930004119873 17.7280006408691 17.7990016937256 17.7150001525879 17.3120002746582 17.3250007629395 17.5500011444092 17.4810009002686 17.3889999389648 17.2540016174316 17.3650016784668 17.4440002441406 17.4220008850098 17.4490013122559 17.5 17.4590015411377 17.4190006256104 17.310001373291 17.0570011138916 17.2060012817383 17.2000007629395 17.238000869751 17.1680011749268 17.234001159668 17.2240009307861 17.0750007629395 16.6900005340576 16.5470008850098 16.7200012207031 16.5729999542236 16.3540000915527 16.1370010375977 15.6510009765625 14.6290006637573 13.5500001907349 13.4940004348755 -3.4e+38 -3.4e+38 -3.4e+38 -3.4e+38 -3.4e+38 -3.4e+38 -3.4e+38
17.101001739502 17.2540016174316 17.2630004882812 17.2730007171631 17.2680015563965 17.3200016021729 17.3229999542236 17.3390007019043 17.4050006866455 17.4190006256104 17.5270004272461 17.7930011749268 17.8340015411377 17.8229999542236 17.685001373291 17.7590007781982 17.4700012207031 17.2830009460449 17.2550010681152 17.3440017700195 17.4770011901855 17.6410007476807 17.5590000152588 17.4290008544922 17.3889999389648 17.5 17.4680004119873 17.4100017547607 17.1730003356934 17.2220001220703 17.2430000305176 17.2140007019043 17.1180000305176 17.1070003509521 17.2090015411377 16.9940013885498 16.7610015869141 16.1710014343262 15.8100004196167 15.9630002975464 15.9200010299683 15.7140007019043 15.3500003814697 14.5260009765625 13.4780006408691 13.1680002212524 -3.4e+38 -3.4e+38 -3.4e+38 -3.4e+38 -3.4e+38 -3.4e+38 -3.4e+38
17.2290000915527 17.2590007781982 17.2310009002686 17.1750011444092 17.1319999694824 17.1180000305176 17.1389999389648 17.1900005340576 17.2450008392334 17.3040008544922 17.5530014038086 17.7900009155273 17.8299999237061 17.8350009918213 17.6400012969971 17.7470016479492 17.8540000915527 17.7820014953613 17.4370002746582 17.3200016021729 17.6200008392334 17.7960014343262 17.560001373291 17.439001083374 17.5480003356934 17.7119998931885 17.7950000762939 17.6940002441406 17.3320007324219 17.238000869751 17.2639999389648 17.1790008544922 17.1200008392334 17.1270008087158 17.1220016479492 17.0950012207031 16.8040008544922 16.2980003356934 15.7090005874634 15.4240007400513 15.5500011444092 15.4260005950928 15.0600004196167 14.3740005493164 13.5560007095337 13.2000007629395 -3.4e+38 -3.4e+38 -3.4e+38 -3.4e+38 -3.4e+38 -3.4e+38 -3.4e+38
17.2890014648438 17.2990016937256 17.230001449585 17.1240005493164 17.0040016174316 16.9300003051758 16.9190006256104 17.0020008087158 17.0160007476807 17.1550006866455 17.4000015258789 17.6610012054443 17.7610015869141 17.8490009307861 18.0790004730225 18.5490016937256 18.1870002746582 17.5380001068115 17.6960010528564 17.7170009613037 17.5520000457764 17.2360000610352 17.3040008544922 17.4700012207031 17.576000213623 17.8530006408691 18.1150016784668 17.8340015411377 17.3600006103516 17.2330017089844 17.2880001068115 17.189001083374 17.1470012664795 17.060001373291 17.0830001831055 17.0590000152588 16.8700008392334 16.1860008239746 15.5050010681152 15.3260011672974 15.3960008621216 15.1710004806519 14.9490003585815 14.5340003967285 14.0690002441406 13.8890008926392 13.9170007705688 -3.4e+38 -3.4e+38 -3.4e+38 -3.4e+38 -3.4e+38 -3.4e+38
17.3330001831055 17.1270008087158 17.0550003051758 16.935001373291 16.8250007629395 16.5980014801025 16.5240001678467 16.5790004730225 16.6440010070801 16.7940006256104 17.105001449585 17.6180000305176 17.9640007019043 18.1620006561279 18.2790012359619 18.4060001373291 17.7790012359619 17.1300010681152 16.8810005187988 17.0590000152588 17.4090003967285 17.4100017547607 17.3299999237061 17.2630004882812 17.5170001983643 17.6450004577637 17.7330017089844 17.7030010223389 17.5010013580322 17.3620014190674 17.2410011291504 17.1600017547607 17.0460014343262 16.943000793457 16.9490013122559 16.9000015258789 16.8000011444092 16.3380012512207 15.5070009231567 15.2130002975464 15.1910009384155 15.0610008239746 14.9250011444092 14.7220010757446 14.6480007171631 14.8510007858276 14.8840007781982 -3.4e+38 -3.4e+38 -3.4e+38 -3.4e+38 -3.4e+38 -3.4e+38
17.3760013580322 17.2680015563965 17.3240013122559 17.2200012207031 16.7930011749268 16.3340015411377 16.1340007781982 16.0150012969971 16.2360000610352 16.5880012512207 16.9790000915527 17.5340003967285 18.1690006256104 18.4180011749268 18.4020004272461 18.1720008850098 17.7850017547607 17.351001739502 16.8000011444092 16.5139999389648 16.69700050354 16.9950008392334 17.242000579834 17.1319999694824 17.3470001220703 17.484001159668 17.5480003356934 17.5980014801025 17.6000003814697 17.5090007781982 17.2440013885498 17.1370010375977 17.0100002288818 16.859001159668 16.8050003051758 16.7030010223389 16.6630001068115 16.4150009155273 15.5960006713867 15.0570011138916 15.0400009155273 14.9400005340576 14.9100008010864 14.7620010375977 14.6300010681152 14.9120006561279 14.8620004653931 -3.4e+38 -3.4e+38 -3.4e+38 -3.4e+38 -3.4e+38 -3.4e+38
17.5069999694824 17.5190010070801 17.4450016021729 17.2840003967285 16.814001083374 16.2800006866455 15.8940010070801 15.7320003509521 16.0850009918213 16.4400005340576 16.9070014953613 17.4420013427734 17.9680004119873 18.1909999847412 18.1600017547607 17.9080009460449 17.6760005950928 17.488000869751 17.0139999389648 16.0490016937256 16.1740016937256 16.5420017242432 16.7100009918213 16.8870010375977 17.0440006256104 17.2400016784668 17.3240013122559 17.4810009002686 17.4580001831055 17.2810001373291 17.2350006103516 17.0770015716553 16.8940010070801 16.7790012359619 16.7220001220703 16.5970001220703 16.439001083374 16.1740016937256 15.5750007629395 15.1300010681152 14.7440004348755 14.8000011444092 14.8450002670288 14.6740007400513 14.371000289917 14.3780002593994 14.2910003662109 -3.4e+38 -3.4e+38 -3.4e+38 -3.4e+38 -3.4e+38 -3.4e+38
17.5280017852783 17.5280017852783 17.5090007781982 17.3970012664795 17.0920009613037 16.568000793457 16.2639999389648 16.1150016784668 16.2990016937256 16.6360015869141 17.0400009155273 17.4540004730225 17.8040008544922 17.9900016784668 18.0750007629395 17.9520015716553 17.8290004730225 17.2240009307861 16.855001449585 16.3560009002686 16.0900001525879 16.4500007629395 16.7250003814697 17.0450000762939 17.0980014801025 17.230001449585 17.0450000762939 17.1080017089844 16.9140014648438 16.8130016326904 16.8210010528564 16.8800010681152 16.8870010375977 16.7720012664795 16.7049999237061 16.6270008087158 16.3660011291504 16.2350006103516 15.7600011825562 15.189001083374 14.6360006332397 14.6060009002686 14.7660007476807 14.7650003433228 14.4770002365112 14.1200008392334 14.2200002670288 13.8010005950928 -3.4e+38 -3.4e+38 -3.4e+38 -3.4e+38 -3.4e+38
17.4780006408691 17.6100006103516 17.7280006408691 17.689001083374 17.4780006408691 17.1200008392334 16.9230003356934 16.7130012512207 16.7690010070801 16.9870014190674 17.234001159668 17.4680004119873 17.6830005645752 17.8290004730225 17.94700050354 17.9260005950928 17.7950000762939 17.476001739502 16.859001159668 16.7600002288818 16.5700016021729 16.8640003204346 17.363000869751 17.6450004577637 17.6640014648438 17.2950000762939 17.0300006866455 16.8170013427734 16.4140014648438 16.2170009613037 16.3840007781982 16.6330013275146 16.8229999542236 16.746000289917 16.8690013885498 16.7790012359619 16.5729999542236 16.1950016021729 15.5890007019043 15.2290010452271 14.9550008773804 14.8040008544922 14.9090003967285 14.8900003433228 14.7250003814697 14.371000289917 14.3780002593994 14.1200008392334 -3.4e+38 -3.4e+38 -3.4e+38 -3.4e+38 -3.4e+38
17.451000213623 17.7290000915527 18.1440010070801 18.1840000152588 17.9260005950928 17.6630001068115 17.3159999847412 17.2020015716553 17.2310009002686 17.3050003051758 17.4360008239746 17.5670013427734 17.6710014343262 17.7930011749268 17.9570007324219 17.9160003662109 17.8250007629395 17.7850017547607 17.4440002441406 17.5380001068115 17.3450012207031 17.0939998626709 17.4640007019043 17.8940010070801 17.8110008239746 17.4409999847412 17.2030010223389 16.7800006866455 16.4250011444092 16.2280006408691 16.2779998779297 16.4900016784668 16.8470001220703 16.980001449585 17.0950012207031 17.0670013427734 16.7580013275146 16.3950004577637 15.8550004959106 15.8450012207031 15.5840005874634 15.2390003204346 15.0420007705688 15.1540002822876 14.996000289917 14.7440004348755 14.5960006713867 14.4350004196167 -3.4e+38 -3.4e+38 -3.4e+38 -3.4e+38 -3.4e+38
17.5390014648438 17.9420013427734 18.4320011138916 18.4700012207031 18.1180000305176 17.8290004730225 17.6570014953613 17.5139999389648 17.4680004119873 17.5650005340576 17.6740016937256 17.7709999084473 17.7370014190674 17.8360004425049 17.9210014343262 17.9450016021729 17.951000213623 17.980001449585 18.0750007629395 18.0729999542236 17.8540000915527 17.7820014953613 17.7370014190674 17.8299999237061 17.7830009460449 17.5139999389648 17.2830009460449 17.1860008239746 16.871000289917 16.7980003356934 16.7870006561279 16.9380016326904 17.0869998931885 17.1790008544922 17.2700004577637 17.1940002441406 16.980001449585 16.6640014648438 16.2350006103516 16.0659999847412 15.9350004196167 15.6290006637573 15.452000617981 15.4600009918213 15.452000617981 15.2680006027222 14.9790010452271 14.903000831604 14.4240007400513 -3.4e+38 -3.4e+38 -3.4e+38 -3.4e+38
