PresentLayers/vpdmin.asc
NCOLS 292 
NROWS 291 
XLLCORNER -87.6458333327872 
YLLCORNER 24.4791666666667 
CELLSIZE 0.0416666666669039 
NODATA_value -3.4e+38 
[rows 23 to 45 of 291, columns 106 to 158 of 292]
0.467000007629395 0.580000042915344 0.351000010967255 0.293999999761581 0.375000029802322 0.230000004172325 0.272000014781952 0.336000025272369 0.365000009536743 0.438000023365021 0.401000022888184 0.374000012874603 0.53600001335144 0.575000047683716 0.726000010967255 1.00800001621246 1.20900011062622 1.1690000295639 1.03700006008148 0.820000052452087 0.52700001001358 0.34400001168251 0.309000015258789 0.315000027418137 0.475000023841858 0.450000017881393 0.423000007867813 0.498000025749207 0.606000006198883 0.668000042438507 0.586000025272369 0.474000036716461 0.606000006198883 0.605000019073486 0.582000017166138 0.495000034570694 0.446000009775162 0.487000018358231 0.593000054359436 0.685000061988831 0.775000035762787 0.846000015735626 0.883000016212463 0.924000024795532 0.955000042915344 0.938000023365021 0.940000057220459 0.994000017642975 1.11000001430511 1.29300010204315 1.35900008678436 1.19700002670288 1.02100002765656
0.575000047683716 0.645000040531158 0.449000030755997 0.490000009536743 0.299000024795532 0.209000006318092 0.274000018835068 0.25900000333786 0.330000013113022 0.310000002384186 0.413000017404556 0.408000022172928 0.434000015258789 0.494000017642975 0.721000015735626 1.01800000667572 1.23000001907349 1.20400011539459 0.969000041484833 0.809000015258789 0.712000012397766 0.491000026464462 0.392000019550323 0.347000002861023 0.483000010251999 0.541000008583069 0.466000020503998 0.494000017642975 0.635000050067902 0.599000036716461 0.461000025272369 0.487000018358231 0.540000021457672 0.520000040531158 0.435000032186508 0.519000053405762 0.461000025272369 0.457000017166138 0.623000025749207 0.736000061035156 0.734000027179718 0.707000017166138 0.671000003814697 0.717000007629395 0.793000042438507 0.858000040054321 0.888000071048737 0.932000041007996 1.01300001144409 1.1340000629425 1.17200005054474 1.08900010585785 0.948000073432922
0.430000007152557 0.586000025272369 0.566000044345856 0.520000040531158 0.314000010490417 0.252000004053116 0.240000009536743 0.279000014066696 0.267000019550323 0.234000012278557 0.334000021219254 0.442000031471252 0.553000032901764 0.602000057697296 0.664000034332275 0.862000048160553 1.00800001621246 1.0110000371933 0.941000044345856 0.865000069141388 0.772000014781952 0.650000035762787 0.633000016212463 0.610000014305115 0.455000013113022 0.46900001168251 0.544000029563904 0.673000037670135 0.564000010490417 0.530000030994415 0.519000053405762 0.413000017404556 0.432000011205673 0.497000008821487 0.550999999046326 0.589000046253204 0.64900004863739 0.688000023365021 0.706000030040741 0.702000021934509 0.674000024795532 0.564000010490417 0.444000035524368 0.496000021696091 0.64900004863739 0.791000008583069 0.842000067234039 0.885000050067902 0.901000022888184 0.950000047683716 0.969000041484833 0.933000028133392 0.894000053405762
0.517000019550323 0.563000023365021 0.516000032424927 0.422000020742416 0.434000015258789 0.237000018358231 0.230000004172325 0.282000005245209 0.248000010848045 0.248000010848045 0.355000019073486 0.385000020265579 0.485000014305115 0.449000030755997 0.424000024795532 0.725000023841858 0.861000061035156 0.912000060081482 0.977000057697296 0.844000041484833 0.779000043869019 0.670000016689301 0.626000046730042 0.62200003862381 0.646000027656555 0.697000026702881 0.708000004291534 0.632000029087067 0.595000028610229 0.545000016689301 0.484000027179718 0.464000016450882 0.495000034570694 0.501000046730042 0.521000027656555 0.580000042915344 0.64000004529953 0.664000034332275 0.696000039577484 0.690000057220459 0.64900004863739 0.570000052452087 0.463000029325485 0.517000019550323 0.636000037193298 0.744000017642975 0.818000018596649 0.847000062465668 0.806000053882599 0.808000028133392 0.833000063896179 0.824000060558319 0.814000010490417
0.459000021219254 0.552000045776367 0.614000022411346 0.512000024318695 0.239000007510185 0.235000014305115 0.368000030517578 0.241000011563301 0.244000017642975 0.285000026226044 0.332000017166138 0.366000026464462 0.404000014066696 0.46000000834465 0.512000024318695 0.807000041007996 1.02500009536743 0.974000036716461 0.919000029563904 0.824000060558319 0.846000015735626 0.844000041484833 0.737000048160553 0.615000009536743 0.736000061035156 0.770000040531158 0.690000057220459 0.584000051021576 0.523000001907349 0.47900003194809 0.442000031471252 0.464000016450882 0.480000019073486 0.504000008106232 0.503000020980835 0.507000029087067 0.602000057697296 0.638000011444092 0.653000056743622 0.679000020027161 0.679000020027161 0.672000050544739 0.64000004529953 0.639000058174133 0.709000051021576 0.773000061511993 0.808000028133392 0.832000017166138 0.809000015258789 0.772000014781952 0.794000029563904 0.790000021457672 0.725000023841858
0.445000022649765 0.395000010728836 0.330000013113022 0.404000014066696 0.539000034332275 0.379000008106232 0.468000024557114 0.242000013589859 0.435000032186508 0.369000017642975 0.321000009775162 0.440000027418137 0.363000005483627 0.419000029563904 0.557000041007996 0.769000053405762 0.947000026702881 0.97900003194809 0.864000022411346 0.846000015735626 0.750000059604645 0.745000064373016 0.701000034809113 0.710000038146973 0.80100005865097 0.75600004196167 0.665000021457672 0.555000007152557 0.470000028610229 0.449000030755997 0.41100001335144 0.434000015258789 0.433000028133392 0.470000028610229 0.494000017642975 0.504000008106232 0.541000008583069 0.609000027179718 0.669000029563904 0.645000040531158 0.697000026702881 0.732000052928925 0.744000017642975 0.755000054836273 0.760000050067902 0.795000016689301 0.817000031471252 0.85400003194809 0.848000049591064 0.827000021934509 0.794000029563904 0.731000006198883 0.617000043392181
0.472000032663345 0.352000027894974 0.47900003194809 0.51500004529953 0.560000002384186 0.584000051021576 0.428000032901764 0.349000006914139 0.47900003194809 0.413000017404556 0.354000002145767 0.285000026226044 0.314000010490417 0.407000005245209 0.544000029563904 0.690000057220459 0.819000065326691 0.769000053405762 0.781000018119812 0.773000061511993 0.759000062942505 0.807000041007996 0.683000028133392 0.755000054836273 0.830000042915344 0.737000048160553 0.638000011444092 0.535000026226044 0.426000028848648 0.406000018119812 0.39300000667572 0.423000007867813 0.436000019311905 0.471000015735626 0.48800003528595 0.53300005197525 0.564999997615814 0.598000049591064 0.619000017642975 0.679000020027161 0.725000023841858 0.748000025749207 0.795000016689301 0.813000023365021 0.831000030040741 0.859000027179718 0.874000012874603 0.897000014781952 0.900000035762787 0.913000047206879 0.850000023841858 0.74700003862381 0.554000020027161
0.568000018596649 0.424000024795532 0.454000025987625 0.457000017166138 0.410000026226044 0.511000037193298 0.481000036001205 0.495000034570694 0.498000025749207 0.439000010490417 0.299000024795532 0.302000015974045 0.359000027179718 0.386000007390976 0.511000037193298 0.616000056266785 0.619000017642975 0.639000058174133 0.740000009536743 0.706000030040741 0.788000047206879 0.885000050067902 0.862000048160553 0.940000057220459 0.849000036716461 0.77700001001358 0.659000039100647 0.564000010490417 0.462000012397766 0.337000012397766 0.331000030040741 0.433000028133392 0.475000023841858 0.499000012874603 0.558000028133392 0.594000041484833 0.606000006198883 0.612000048160553 0.644000053405762 0.689000010490417 0.708000004291534 0.709000051021576 0.772000014781952 0.831000030040741 0.859000027179718 0.887000024318695 0.929000020027161 0.955000042915344 0.995000064373016 1.03100001811981 1.0110000371933 0.907000064849854 0.759000062942505
0.400000005960464 0.491000026464462 0.419000029563904 0.350000023841858 0.485000014305115 0.47900003194809 0.464000016450882 0.48800003528595 0.458000034093857 0.311000019311905 0.320000022649765 0.323000013828278 0.329000025987625 0.35300001502037 0.462000012397766 0.494000017642975 0.564999997615814 0.64000004529953 0.693000018596649 0.731000006198883 0.835000038146973 0.929000020027161 1.01300001144409 1 0.912000060081482 0.904000043869019 0.780000030994415 0.670000016689301 0.535000026226044 0.394000023603439 0.374000012874603 0.449000030755997 0.487000018358231 0.529000043869019 0.602000057697296 0.639000058174133 0.65800005197525 0.695000052452087 0.713000059127808 0.724000036716461 0.707000017166138 0.698000013828278 0.74700003862381 0.819000065326691 0.858000040054321 0.905000030994415 0.964000046253204 1.057000041008 1.14400005340576 1.20800006389618 1.25 1.17900002002716 1.11400008201599
0.46000000834465 0.454000025987625 0.378000020980835 0.306000024080276 0.407000005245209 0.440000027418137 0.405000030994415 0.394000023603439 0.390000015497208 0.362000018358231 0.403000026941299 0.340000003576279 0.330000013113022 0.382000029087067 0.446000009775162 0.483000010251999 0.559000015258789 0.650000035762787 0.704000055789948 0.796000063419342 0.874000012874603 1 1.08500003814697 1.1800000667572 1.21000003814697 1.08700001239777 0.995000064373016 0.807000041007996 0.65200001001358 0.564999997615814 0.550999999046326 0.568000018596649 0.580000042915344 0.559000015258789 0.595000028610229 0.635000050067902 0.674000024795532 0.720000028610229 0.794000029563904 0.758000016212463 0.724000036716461 0.689000010490417 0.730000019073486 0.772000014781952 0.820000052452087 0.905000030994415 0.98800003528595 1.13200008869171 1.30400002002716 1.42400002479553 1.46900010108948 1.41800010204315 1.39100003242493
0.432000011205673 0.492000013589859 0.484000027179718 0.456000030040741 0.433000028133392 0.462000012397766 0.447000026702881 0.477000027894974 0.42100003361702 0.480000019073486 0.309000015258789 0.357000023126602 0.366000026464462 0.430000007152557 0.50900000333786 0.611000001430511 0.800000011920929 0.687000036239624 0.753000020980835 0.865000069141388 1.00600004196167 1.15000009536743 1.38900005817413 1.55900001525879 1.41400003433228 1.21800005435944 1.08100008964539 0.909000039100647 0.775000035762787 0.672000050544739 0.619000017642975 0.608000040054321 0.616000056266785 0.587000012397766 0.587000012397766 0.620000004768372 0.663000047206879 0.695000052452087 0.734000027179718 0.726000010967255 0.723000049591064 0.66700005531311 0.713000059127808 0.739000022411346 0.800000011920929 0.892000019550323 1.03900003433228 1.20500004291534 1.42200005054474 1.74000012874603 1.59900009632111 1.4870001077652 1.48300004005432
0.371000021696091 0.458000034093857 0.467000007629395 0.480000019073486 0.489000022411346 0.516000032424927 0.603000044822693 0.664000034332275 0.618000030517578 0.355000019073486 0.266000002622604 0.356000006198883 0.410000026226044 0.549000024795532 0.665000021457672 0.843000054359436 0.89900004863739 0.87200003862381 0.971000075340271 1.05200004577637 1.21300005912781 1.28800010681152 1.43700003623962 1.59200012683868 1.47400009632111 1.32000005245209 1.15500009059906 0.978000044822693 0.773000061511993 0.655000030994415 0.583000004291534 0.586000025272369 0.607000052928925 0.610000014305115 0.625 0.644000053405762 0.672000050544739 0.664000034332275 0.665000021457672 0.674000024795532 0.650000035762787 0.596000015735626 0.648000001907349 0.651000022888184 0.735000014305115 0.874000012874603 1.00999999046326 1.17200005054474 1.31700003147125 1.47400009632111 1.47400009632111 1.37200009822845 1.42200005054474
0.379000008106232 0.386000007390976 0.428000032901764 0.437000006437302 0.559000015258789 0.714000046253204 0.791000008583069 0.840000033378601 0.72900003194809 0.519000053405762 0.486000031232834 0.512000024318695 0.570000052452087 0.749000012874603 0.821000039577484 0.858000040054321 1.02500009536743 1.00200009346008 1.18900001049042 1.29700005054474 1.2960000038147 1.43500006198883 1.50800001621246 1.47900009155273 1.3840000629425 1.26700007915497 1.16000008583069 1.00200009346008 0.796000063419342 0.587999999523163 0.466000020503998 0.552000045776367 0.619000017642975 0.677000045776367 0.707000017166138 0.700000047683716 0.664000034332275 0.632000029087067 0.625 0.567000031471252 0.581000030040741 0.64000004529953 0.629000008106232 0.638000011444092 0.725000023841858 0.855000019073486 0.986000061035156 1.13500010967255 1.1910001039505 1.19900000095367 1.17000007629395 1.19900000095367 1.28900003433228
0.32600000500679 0.334000021219254 0.446000009775162 0.51500004529953 0.547000050544739 0.74700003862381 0.925000071525574 0.964000046253204 0.822000026702881 0.655000030994415 0.513000011444092 0.543000042438507 0.564999997615814 0.748000025749207 0.882000029087067 0.969000041484833 1.08300006389618 1.08000004291534 1.18800008296967 1.2720000743866 1.41200006008148 1.47400009632111 1.49900007247925 1.48300004005432 1.432000041008 1.29900002479553 1.12300002574921 1.01900005340576 0.850000023841858 0.688000023365021 0.638000011444092 0.674000024795532 0.66700005531311 0.707000017166138 0.721000015735626 0.709000051021576 0.688000023365021 0.63400000333786 0.614000022411346 0.568000018596649 0.556000053882599 0.615000009536743 0.611000001430511 0.660000026226044 0.770000040531158 0.892000019550323 0.990000069141388 1.057000041008 1.09500002861023 1.0900000333786 1.0900000333786 1.08400011062622 1.12100005149841
0.352000027894974 0.543000042438507 0.635000050067902 0.529000043869019 0.553000032901764 0.804000020027161 0.937000036239624 0.838000059127808 0.849000036716461 0.717000007629395 0.641000032424927 0.526000022888184 0.620000004768372 0.819000065326691 0.934000015258789 1.03100001811981 1.07700002193451 1.11600005626678 1.1910001039505 1.28600001335144 1.40100002288818 1.42700004577637 1.50500011444092 1.50300002098083 1.45900011062622 1.42400002479553 1.29100000858307 1.09800004959106 0.950000047683716 0.851000010967255 0.828000068664551 0.844000041484833 0.800000011920929 0.780000030994415 0.769000053405762 0.709000051021576 0.665000021457672 0.670000016689301 0.687000036239624 0.660000026226044 0.529000043869019 0.455000013113022 0.586000025272369 0.762000024318695 0.814000010490417 0.885000050067902 0.983000040054321 1.05200004577637 1.04000008106232 1.02600002288818 0.992000043392181 0.912000060081482 0.939000070095062
0.636000037193298 0.731000006198883 0.725000023841858 0.619000017642975 0.625 0.740000009536743 0.826000034809113 0.775000035762787 0.804000020027161 0.769000053405762 0.731000006198883 0.736000061035156 0.807000041007996 0.867000043392181 0.932000041007996 1.00499999523163 1.12800002098083 1.14200007915497 1.15900003910065 1.3050000667572 1.4080001115799 1.43400001525879 1.49700009822845 1.51900005340576 1.46000003814697 1.44400012493134 1.36100006103516 1.26700007915497 1.1450001001358 1.0440000295639 0.955000042915344 0.929000020027161 0.879000067710876 0.810000061988831 0.77400004863739 0.735000014305115 0.639000058174133 0.665000021457672 0.650000035762787 0.611000001430511 0.607000052928925 0.600000023841858 0.675000011920929 0.809000015258789 0.846000015735626 0.920000016689301 0.97900003194809 1.02600002288818 0.994000017642975 0.975000023841858 0.944000065326691 0.864000022411346 0.846000015735626
0.632000029087067 0.843000054359436 0.838000059127808 0.637000024318695 0.513999998569489 0.656000018119812 0.692000031471252 0.79200005531311 0.849000036716461 0.769000053405762 0.689000010490417 0.702000021934509 0.759000062942505 0.785000026226044 0.824000060558319 0.994000017642975 1.09900009632111 1.07700002193451 1.19400000572205 1.38800001144409 1.52100002765656 1.57900011539459 1.59400010108948 1.55000007152557 1.42600011825562 1.42200005054474 1.43700003623962 1.28600001335144 1.23100006580353 1.19200003147125 1.12400007247925 0.995000064373016 0.894000053405762 0.826000034809113 0.730000019073486 0.766000032424927 0.722000062465668 0.641000032424927 0.609000027179718 0.639000058174133 0.612000048160553 0.628000020980835 0.752000033855438 0.813000023365021 0.823000013828278 0.907000064849854 0.956000030040741 1.03900003433228 1.01200008392334 0.945000052452087 0.914000034332275 0.870000064373016 0.882000029087067
0.764000058174133 0.779000043869019 0.903000056743622 0.745000064373016 0.638000011444092 0.697000026702881 0.670000016689301 0.796000063419342 0.798000037670135 0.764000058174133 0.685000061988831 0.72900003194809 0.785000026226044 0.805000066757202 0.861000061035156 0.957000017166138 1.02400004863739 1.13200008869171 1.29500007629395 1.55400002002716 1.78400003910065 1.81000006198883 1.66300010681152 1.58700013160706 1.53500008583069 1.4760000705719 1.38100004196167 1.29900002479553 1.18900001049042 1.25300002098083 1.21400010585785 0.960000038146973 0.918000042438507 0.865000069141388 0.815000057220459 0.770000040531158 0.690000057220459 0.677000045776367 0.698000013828278 0.64300000667572 0.655000030994415 0.64900004863739 0.691000044345856 0.721000015735626 0.805000066757202 0.833000063896179 0.889000058174133 0.958000063896179 1.03900003433228 1 0.919000029563904 0.842000067234039 0.880000054836273
0.892000019550323 0.913000047206879 0.964000046253204 0.870000064373016 0.826000034809113 0.785000026226044 0.780000030994415 0.864000022411346 0.936000049114227 0.824000060558319 0.742000043392181 0.739000022411346 0.753000020980835 0.816000044345856 0.922000050544739 1.01500010490417 1.0660001039505 1.14100003242493 1.39000010490417 1.6690000295639 2.0550000667572 2.19900012016296 1.90000009536743 1.60000002384186 1.54000008106232 1.48100006580353 1.38800001144409 1.20000004768372 1.14400005340576 1.02700006961823 1.10900008678436 0.961000025272369 0.935000061988831 0.89900004863739 0.864000022411346 0.838000059127808 0.77400004863739 0.690000057220459 0.630000054836273 0.668000042438507 0.646000027656555 0.695000052452087 0.685000061988831 0.759000062942505 0.823000013828278 0.736000061035156 0.819000065326691 0.974000036716461 1.02500009536743 0.996000051498413 0.932000041007996 0.807000041007996 0.831000030040741
0.947000026702881 1.00800001621246 1.09400010108948 0.975000023841858 0.913000047206879 0.929000020027161 0.99700003862381 1.07100009918213 1.07000005245209 0.91700005531311 0.799000024795532 0.761000037193298 0.720000028610229 0.780000030994415 0.932000041007996 1.057000041008 1.125 1.18300008773804 1.37000012397766 1.64100003242493 2.00200009346008 2.16100001335144 1.9870001077652 1.69000005722046 1.43600010871887 1.3860000371933 1.30200004577637 1.14300000667572 0.967000067234039 0.949000060558319 0.963000059127808 1.11100006103516 1.04900002479553 0.885000050067902 0.701000034809113 0.664000034332275 0.723000049591064 0.745000064373016 0.769000053405762 0.78300005197525 0.784000039100647 0.725000023841858 0.642000019550323 0.73800003528595 0.657000005245209 0.690000057220459 0.856000065803528 1 1.01500010490417 0.939000070095062 0.875000059604645 0.820000052452087 0.819000065326691
0.964000046253204 1.02799999713898 1.00700008869171 0.901000022888184 0.914000034332275 1.00300002098083 1.11400008201599 1.24400007724762 1.29700005054474 1.1010000705719 0.939000070095062 0.819000065326691 0.739000022411346 0.815000057220459 0.927000045776367 1.01600003242493 1.07000005245209 1.14000010490417 1.22300004959106 1.43400001525879 1.60600006580353 1.71100008487701 1.6470000743866 1.44900012016296 1.28800010681152 1.20400011539459 1.1800000667572 1.05900001525879 0.896000027656555 0.814000010490417 0.867000043392181 1.03100001811981 0.932000041007996 0.845000028610229 0.753000020980835 0.647000014781952 0.567000031471252 0.690000057220459 0.684000015258789 0.708000004291534 0.788000047206879 0.740000009536743 0.656000018119812 0.606000006198883 0.630000054836273 0.791000008583069 0.939000070095062 0.995000064373016 1.05000007152557 0.962000072002411 0.85400003194809 0.830000042915344 0.813000023365021
0.960000038146973 0.954000055789948 0.870000064373016 0.794000029563904 0.957000017166138 1.17200005054474 1.37900006771088 1.53900003433228 1.45500004291534 1.25500011444092 1.16200006008148 0.921000063419342 0.877000033855438 0.877000033855438 0.938000023365021 1.02600002288818 1.04800009727478 1.06000006198883 1.0900000333786 1.15700006484985 1.31400001049042 1.2720000743866 1.32100009918213 1.23000001907349 1.15500009059906 1.0900000333786 0.960000038146973 0.825000047683716 0.882000029087067 0.883000016212463 0.824000060558319 0.822000026702881 0.773000061511993 0.67600005865097 0.626000046730042 0.540000021457672 0.394000023603439 0.563000023365021 0.592000007629395 0.60400003194809 0.626000046730042 0.662000060081482 0.671000003814697 0.740000009536743 0.784000039100647 0.817000031471252 0.842000067234039 0.833000063896179 0.851000010967255 0.846000015735626 0.834000051021576 0.818000018596649 0.804000020027161
0.940000057220459 0.954000055789948 0.904000043869019 0.970000028610229 1.1450001001358 1.31900000572205 1.6800000667572 1.89100003242493 1.94500005245209 1.57000005245209 1.19200003147125 1.05300009250641 0.928000032901764 0.914000034332275 0.930000066757202 1.01500010490417 1.03700006008148 1.04200005531311 1.02799999713898 1.05000007152557 1.08900010585785 1.00999999046326 0.954000055789948 0.991000056266785 0.931000053882599 0.867000043392181 0.734000027179718 0.665000021457672 0.702000021934509 0.807000041007996 0.830000042915344 0.781000018119812 0.639000058174133 0.513000011444092 0.435000032186508 0.392000019550323 0.360000014305115 0.415000021457672 0.521000027656555 0.627000033855438 0.709000051021576 0.735000014305115 0.731000006198883 0.797000050544739 0.799000024795532 0.76800000667572 0.681000053882599 0.629000008106232 0.694000005722046 0.674000024795532 0.659000039100647 0.670000016689301 0.662000060081482
