PresentLayers/vpdmax.asc
NCOLS 292 
NROWS 291 
XLLCORNER -87.6458333327872 
YLLCORNER 24.4791666666667 
CELLSIZE 0.0416666666669039 
NODATA_value -3.4e+38 
[rows 216 to 239 of 291, columns 106 to 158 of 292]
-3.4e+38 -3.4e+38 -3.4e+38 -3.4e+38 -3.4e+38 -3.4e+38 -3.4e+38 -3.4e+38 -3.4e+38 -3.4e+38 -3.4e+38 -3.4e+38 -3.4e+38 -3.4e+38 -3.4e+38 15.903000831604 16.3990001678467 17.2070007324219 17.730001449585 18.1070003509521 18.1340007781982 18.2700004577637 18.238000869751 18.1860008239746 18.3870010375977 18.5170001983643 18.6380004882812 18.5010013580322 18.4090003967285 18.5050010681152 18.5980014801025 18.855001449585 18.9050006866455 18.855001449585 19.1020011901855 18.988000869751 18.996000289917 19.3090000152588 19.4150009155273 19.3570003509521 19.2180004119873 19.2760009765625 19.3340015411377 19.4060001373291 19.5010013580322 19.3920001983643 19.3810005187988 19.2760009765625 19.2700004577637 19.306001663208 19.2750015258789 19.2240009307861 19.1660003662109
-3.4e+38 -3.4e+38 -3.4e+38 -3.4e+38 -3.4e+38 -3.4e+38 -3.4e+38 -3.4e+38 -3.4e+38 -3.4e+38 -3.4e+38 -3.4e+38 -3.4e+38 -3.4e+38 15.5070009231567 15.9670009613037 16.7569999694824 17.431001663208 17.8360004425049 18.0860004425049 18.2100009918213 18.3010005950928 18.2740001678467 18.2960014343262 18.4150009155273 18.4520015716553 18.4440002441406 18.4160003662109 18.2230014801025 18.4340000152588 18.6640014648438 18.7580013275146 18.7830009460449 18.818000793457 19.1190013885498 19.1319999694824 19.1750011444092 19.2780017852783 19.4600009918213 19.488000869751 19.2970008850098 19.3010005950928 19.4440002441406 19.4950008392334 19.4900016784668 19.484001159668 19.4340000152588 19.3600006103516 19.3150005340576 19.2530002593994 19.1640014648438 19.0990009307861 19.0980014801025
-3.4e+38 -3.4e+38 -3.4e+38 -3.4e+38 -3.4e+38 -3.4e+38 -3.4e+38 -3.4e+38 -3.4e+38 -3.4e+38 -3.4e+38 -3.4e+38 14.2260007858276 14.8340005874634 15.5710010528564 15.9900007247925 16.9590015411377 17.6840000152588 17.9600009918213 18.3280010223389 18.4690017700195 18.4210014343262 18.3110008239746 18.3690013885498 18.3830013275146 18.2490005493164 18.1490001678467 18.0920009613037 18.0550003051758 18.1560001373291 18.4080009460449 18.5320014953613 18.82200050354 19.0590000152588 19.314001083374 19.1300010681152 19.189001083374 19.3480014801025 19.4890003204346 19.4340000152588 19.3000011444092 19.230001449585 19.5750007629395 19.7390003204346 19.7690010070801 19.7330017089844 19.6500015258789 19.5940017700195 19.4530010223389 19.2700004577637 19.2120018005371 19.117000579834 19.0370006561279
-3.4e+38 -3.4e+38 -3.4e+38 -3.4e+38 -3.4e+38 -3.4e+38 -3.4e+38 -3.4e+38 -3.4e+38 -3.4e+38 -3.4e+38 -3.4e+38 -3.4e+38 14.8600006103516 15.3960008621216 16 17.314001083374 18.0250015258789 18 18.5139999389648 18.5940017700195 18.609001159668 18.5670013427734 18.6310005187988 18.4650001525879 18.2100009918213 18.1880016326904 18.1060009002686 18.0920009613037 18.2190017700195 18.2930011749268 18.2750015258789 18.5590000152588 18.9690017700195 19.1550006866455 19.1490001678467 19.2030010223389 19.246000289917 19.2110004425049 19.2090015411377 19.4640007019043 19.5570011138916 19.943000793457 20.1290016174316 20.0030002593994 19.8920001983643 19.7790012359619 19.69700050354 19.5350017547607 19.3930015563965 19.3020000457764 19.2200012207031 19.0800018310547
-3.4e+38 -3.4e+38 -3.4e+38 -3.4e+38 -3.4e+38 -3.4e+38 -3.4e+38 -3.4e+38 -3.4e+38 -3.4e+38 -3.4e+38 -3.4e+38 -3.4e+38 14.5990009307861 15.0200004577637 15.4020004272461 16.5939998626709 17.4409999847412 17.943000793457 18.5320014953613 18.7020015716553 18.689001083374 18.5500011444092 18.5310001373291 18.4940013885498 18.3620014190674 18.3370018005371 18.1389999389648 18.0870018005371 18.0880012512207 17.8930015563965 17.9950008392334 18.3330001831055 18.7330017089844 18.9000015258789 19.0210018157959 19.0540008544922 19.0470008850098 19.1490001678467 19.2050018310547 19.5210018157959 19.7690010070801 20.0710010528564 20.3440017700195 20.2500019073486 20.0740013122559 19.9320011138916 19.810001373291 19.6730003356934 19.5230007171631 19.4050006866455 19.3200016021729 19.0700016021729
-3.4e+38 -3.4e+38 -3.4e+38 -3.4e+38 -3.4e+38 -3.4e+38 -3.4e+38 -3.4e+38 -3.4e+38 -3.4e+38 -3.4e+38 -3.4e+38 -3.4e+38 -3.4e+38 14.8860006332397 15.1600008010864 15.9780006408691 16.980001449585 17.8360004425049 18.4520015716553 18.7770004272461 19.0069999694824 19.0230007171631 19.0340003967285 18.9340000152588 18.6900005340576 18.4750003814697 18.1550006866455 18.0050010681152 17.9610004425049 17.8690013885498 17.826000213623 18.1310005187988 18.5160007476807 18.7540016174316 18.7890014648438 18.7880001068115 18.8850002288818 19.0230007171631 19.1550006866455 19.4190006256104 19.6390018463135 19.867000579834 20.0950012207031 20.0820007324219 19.9870014190674 19.9630012512207 19.9890003204346 19.9050006866455 19.6920013427734 19.3760013580322 19.1950016021729 18.9940013885498
-3.4e+38 -3.4e+38 -3.4e+38 -3.4e+38 -3.4e+38 -3.4e+38 -3.4e+38 -3.4e+38 -3.4e+38 -3.4e+38 -3.4e+38 -3.4e+38 -3.4e+38 -3.4e+38 -3.4e+38 15.0750007629395 15.7310009002686 17.0050010681152 17.94700050354 18.6030006408691 19.2630004882812 19.7330017089844 19.82200050354 19.7730007171631 19.556001663208 19.0330009460449 18.7110004425049 18.2850017547607 18.0990009307861 18.2049999237061 18.1690006256104 18.0900001525879 18.2210006713867 18.3990001678467 18.4520015716553 18.4970016479492 18.5770015716553 18.7000007629395 18.7870006561279 19.0080013275146 19.2670001983643 19.5280017852783 19.6650009155273 19.7560005187988 19.8830013275146 19.871000289917 19.9680004119873 19.939001083374 19.7660007476807 19.5860004425049 19.2680015563965 19.0390014648438 18.9250011444092
-3.4e+38 -3.4e+38 -3.4e+38 -3.4e+38 -3.4e+38 -3.4e+38 -3.4e+38 -3.4e+38 -3.4e+38 -3.4e+38 -3.4e+38 -3.4e+38 -3.4e+38 -3.4e+38 -3.4e+38 -3.4e+38 15.6540002822876 17 17.82200050354 18.7100009918213 19.6450004577637 20.1340007781982 20.2590007781982 20.3850002288818 19.9560012817383 19.3040008544922 18.7720012664795 18.4080009460449 18.3110008239746 18.4030017852783 18.3170013427734 18.2850017547607 18.2940006256104 18.3020000457764 18.306001663208 18.4370002746582 18.6450004577637 18.7030010223389 18.6370010375977 18.7330017089844 19.0710010528564 19.4450016021729 19.5340003967285 19.7540016174316 19.9450016021729 20.0340003967285 20.0860004425049 20.0240001678467 19.8000011444092 19.5770015716553 19.3490009307861 19.1060009002686 18.9620018005371
-3.4e+38 -3.4e+38 -3.4e+38 -3.4e+38 -3.4e+38 -3.4e+38 -3.4e+38 -3.4e+38 -3.4e+38 -3.4e+38 -3.4e+38 -3.4e+38 -3.4e+38 -3.4e+38 -3.4e+38 -3.4e+38 -3.4e+38 16.4560012817383 17.3690013885498 18.2210006713867 19.3650016784668 20.2770004272461 20.5080013275146 20.4070014953613 20.0750007629395 19.5210018157959 19.0100002288818 18.7230014801025 18.5360012054443 18.5260009765625 18.3610000610352 18.3210010528564 18.2890014648438 18.2760009765625 18.2590007781982 18.5210018157959 18.6450004577637 18.6110000610352 18.4970016479492 18.625 19.0930004119873 19.443000793457 19.7170009613037 19.9530010223389 20.1960010528564 20.2550010681152 20.2710018157959 20.1410007476807 19.8810005187988 19.5850009918213 19.4690017700195 19.3159999847412 19.0790004730225
-3.4e+38 -3.4e+38 -3.4e+38 -3.4e+38 -3.4e+38 -3.4e+38 -3.4e+38 -3.4e+38 -3.4e+38 -3.4e+38 -3.4e+38 -3.4e+38 -3.4e+38 -3.4e+38 -3.4e+38 -3.4e+38 -3.4e+38 15.899001121521 16.7760009765625 17.3390007019043 18.3760013580322 19.5360012054443 19.9900016784668 20.0870018005371 19.851001739502 19.3840007781982 18.9980010986328 18.7180004119873 18.617000579834 18.6380004882812 18.4860000610352 18.351001739502 18.1940002441406 18.1800003051758 18.3410015106201 18.5840015411377 18.7090015411377 18.7490005493164 18.8270015716553 18.9409999847412 19.3120002746582 19.6400012969971 19.9450016021729 20.1550006866455 20.4140014648438 20.6830005645752 20.5340003967285 20.32200050354 20.0030002593994 19.7400016784668 19.5900001525879 19.5010013580322 19.2780017852783
-3.4e+38 -3.4e+38 -3.4e+38 -3.4e+38 -3.4e+38 -3.4e+38 -3.4e+38 -3.4e+38 -3.4e+38 -3.4e+38 -3.4e+38 -3.4e+38 -3.4e+38 -3.4e+38 -3.4e+38 -3.4e+38 -3.4e+38 -3.4e+38 16.3229999542236 16.5840015411377 16.8400001525879 17.9400005340576 19.1530017852783 19.5200004577637 19.3350009918213 19.2270011901855 18.9070014953613 18.6950016021729 18.6420001983643 18.6440010070801 18.6140003204346 18.5380001068115 18.5020008087158 18.4790000915527 18.6120014190674 18.7690010070801 18.8580017089844 18.9620018005371 18.9940013885498 19.1370010375977 19.5470008850098 19.8760013580322 20.1510009765625 20.3190002441406 20.5550003051758 20.8700008392334 20.5480003356934 20.2760009765625 19.9720001220703 19.7780017852783 19.7100009918213 19.5500011444092 19.4040012359619
-3.4e+38 -3.4e+38 -3.4e+38 -3.4e+38 -3.4e+38 -3.4e+38 -3.4e+38 -3.4e+38 -3.4e+38 -3.4e+38 -3.4e+38 -3.4e+38 -3.4e+38 -3.4e+38 -3.4e+38 -3.4e+38 -3.4e+38 -3.4e+38 15.8940010070801 16.3290004730225 16.0190010070801 16.7390003204346 18.1540012359619 18.734001159668 18.818000793457 18.9370002746582 18.8320007324219 18.7180004119873 18.605001449585 18.6190013885498 18.7560005187988 18.7730007171631 18.6960010528564 18.69700050354 18.7630004882812 18.8990001678467 19.0240001678467 19.0840015411377 19.0990009307861 19.2880001068115 19.6080017089844 19.9540004730225 20.1640014648438 20.3830013275146 20.5260009765625 20.6160011291504 20.4750003814697 20.1470012664795 19.951000213623 19.8090000152588 19.6950016021729 19.6540012359619 19.5590000152588
-3.4e+38 -3.4e+38 -3.4e+38 -3.4e+38 -3.4e+38 -3.4e+38 -3.4e+38 -3.4e+38 -3.4e+38 -3.4e+38 -3.4e+38 -3.4e+38 -3.4e+38 -3.4e+38 -3.4e+38 -3.4e+38 -3.4e+38 -3.4e+38 -3.4e+38 15.359001159668 15.8300008773804 16.2950000762939 17.3540000915527 17.976001739502 18.3000011444092 18.4790000915527 18.7160015106201 18.6190013885498 18.5800018310547 18.7590007781982 18.9060001373291 18.9340000152588 18.871000289917 18.8880004882812 18.9780006408691 19.0770015716553 19.0290012359619 19.1570014953613 19.2370014190674 19.3940010070801 19.6670017242432 20.0290012359619 20.1620006561279 20.2800006866455 20.4060001373291 20.4030017852783 20.1670017242432 19.9830017089844 19.8290004730225 19.7560005187988 19.7690010070801 19.7590007781982 19.6980018615723
-3.4e+38 -3.4e+38 -3.4e+38 -3.4e+38 -3.4e+38 -3.4e+38 -3.4e+38 -3.4e+38 -3.4e+38 -3.4e+38 -3.4e+38 -3.4e+38 -3.4e+38 -3.4e+38 -3.4e+38 -3.4e+38 -3.4e+38 -3.4e+38 -3.4e+38 14.5120010375977 15.3840007781982 15.8570003509521 16.6440010070801 17.5500011444092 18.0050010681152 18.238000869751 18.3660011291504 18.5110015869141 18.6150016784668 18.7630004882812 18.8870010375977 19.0090007781982 18.9090003967285 18.8500003814697 18.9030017852783 18.8990001678467 19.0880012512207 19.2120018005371 19.3130016326904 19.435001373291 19.7740001678467 19.9930000305176 19.992000579834 20.0390014648438 20.056001663208 20.0060005187988 19.9050006866455 19.8370018005371 19.6770000457764 19.6840000152588 19.7470016479492 19.8270015716553 19.7200012207031
-3.4e+38 -3.4e+38 -3.4e+38 -3.4e+38 -3.4e+38 -3.4e+38 -3.4e+38 -3.4e+38 -3.4e+38 -3.4e+38 -3.4e+38 -3.4e+38 -3.4e+38 -3.4e+38 -3.4e+38 -3.4e+38 -3.4e+38 -3.4e+38 -3.4e+38 -3.4e+38 15.0000009536743 15.6230010986328 16.2330017089844 17.2040004730225 17.6440010070801 18.0040016174316 18.1670017242432 18.4450016021729 18.5670013427734 18.7890014648438 18.8020000457764 18.9260005950928 18.980001449585 19.0040016174316 19.0530014038086 18.9990005493164 19.0850009918213 19.0810012817383 19.2640018463135 19.5770015716553 19.7160015106201 19.9660015106201 19.8380012512207 19.7890014648438 19.875 19.8300018310547 19.7350006103516 19.6680011749268 19.5810012817383 19.6120014190674 19.6610012054443 19.7240009307861 19.5700016021729
-3.4e+38 -3.4e+38 -3.4e+38 -3.4e+38 -3.4e+38 -3.4e+38 -3.4e+38 -3.4e+38 -3.4e+38 -3.4e+38 -3.4e+38 -3.4e+38 -3.4e+38 -3.4e+38 -3.4e+38 -3.4e+38 -3.4e+38 -3.4e+38 -3.4e+38 -3.4e+38 14.2240009307861 15.359001159668 16.1030006408691 16.8950004577637 17.6410007476807 17.9290008544922 18.0970001220703 18.4750003814697 18.7540016174316 18.9070014953613 18.871000289917 19.0740013122559 19.1100006103516 19.1030006408691 19.1750011444092 19.3330001831055 19.2590007781982 19.3190002441406 19.3480014801025 19.4530010223389 19.6290016174316 19.7900009155273 19.6900005340576 19.7600002288818 19.7790012359619 19.851001739502 19.7220001220703 19.5930004119873 19.5400009155273 19.5230007171631 19.5210018157959 19.4930000305176 19.4150009155273
-3.4e+38 -3.4e+38 -3.4e+38 -3.4e+38 -3.4e+38 -3.4e+38 -3.4e+38 -3.4e+38 -3.4e+38 -3.4e+38 -3.4e+38 -3.4e+38 -3.4e+38 -3.4e+38 -3.4e+38 -3.4e+38 -3.4e+38 -3.4e+38 -3.4e+38 -3.4e+38 -3.4e+38 14.7480010986328 15.7070007324219 16.4820003509521 17.1950016021729 17.4260005950928 17.439001083374 18 18.5350017547607 18.7440013885498 18.826000213623 19.1319999694824 19.25 19.2480010986328 19.2350006103516 19.25 19.3050003051758 19.3570003509521 19.4140014648438 19.3660011291504 19.5250015258789 19.6990013122559 19.7320003509521 19.689001083374 19.8150005340576 19.9230003356934 19.7630004882812 19.5230007171631 19.4970016479492 19.4700012207031 19.4700012207031 19.4340000152588 19.3090000152588
-3.4e+38 -3.4e+38 -3.4e+38 -3.4e+38 -3.4e+38 -3.4e+38 -3.4e+38 -3.4e+38 -3.4e+38 -3.4e+38 -3.4e+38 -3.4e+38 -3.4e+38 -3.4e+38 -3.4e+38 -3.4e+38 -3.4e+38 -3.4e+38 -3.4e+38 -3.4e+38 -3.4e+38 -3.4e+38 15.0920009613037 15.8650007247925 16.4010009765625 16.564001083374 16.5620002746582 17.1730003356934 17.8490009307861 18.3290004730225 18.6450004577637 19.0820007324219 19.3350009918213 19.355001449585 19.3170013427734 19.3350009918213 19.3730010986328 19.4370002746582 19.4440002441406 19.3970012664795 19.5470008850098 19.7640018463135 19.7220001220703 19.6540012359619 19.6600017547607 19.601001739502 19.5190010070801 19.3690013885498 19.4120006561279 19.4590015411377 19.5500011444092 19.5990009307861 19.3680000305176
-3.4e+38 -3.4e+38 -3.4e+38 -3.4e+38 -3.4e+38 -3.4e+38 -3.4e+38 -3.4e+38 -3.4e+38 -3.4e+38 -3.4e+38 -3.4e+38 -3.4e+38 -3.4e+38 -3.4e+38 -3.4e+38 -3.4e+38 -3.4e+38 -3.4e+38 -3.4e+38 -3.4e+38 -3.4e+38 14.9480009078979 15.1600008010864 15.496000289917 15.6810007095337 15.7540006637573 16.605001449585 17.439001083374 18.3240013122559 18.5520000457764 19.1290016174316 19.3940010070801 19.4260005950928 19.4250011444092 19.4570007324219 19.5150012969971 19.5300006866455 19.5360012054443 19.5070018768311 19.7720012664795 19.8130016326904 19.7140007019043 19.6560001373291 19.564001083374 19.4210014343262 19.2360000610352 19.2569999694824 19.2910003662109 19.3940010070801 19.8130016326904 19.9150009155273 19.3780002593994
-3.4e+38 -3.4e+38 -3.4e+38 -3.4e+38 -3.4e+38 -3.4e+38 -3.4e+38 -3.4e+38 -3.4e+38 -3.4e+38 -3.4e+38 -3.4e+38 -3.4e+38 -3.4e+38 -3.4e+38 -3.4e+38 -3.4e+38 -3.4e+38 -3.4e+38 -3.4e+38 -3.4e+38 -3.4e+38 -3.4e+38 15.7160005569458 15.6400003433228 15.6500005722046 15.7200012207031 16.3870010375977 17.2940006256104 18.310001373291 18.5980014801025 19.0240001678467 19.3730010986328 19.4860000610352 19.5230007171631 19.6560001373291 19.7370014190674 19.6740016937256 19.7170009613037 19.7200012207031 19.8680000305176 19.8300018310547 19.5650005340576 19.5440006256104 19.6570014953613 19.5130004882812 19.2140007019043 19.2240009307861 19.2590007781982 19.2520008087158 19.3800010681152 19.3790016174316 18.9300003051758
-3.4e+38 -3.4e+38 -3.4e+38 -3.4e+38 -3.4e+38 -3.4e+38 -3.4e+38 -3.4e+38 -3.4e+38 -3.4e+38 -3.4e+38 -3.4e+38 -3.4e+38 -3.4e+38 -3.4e+38 -3.4e+38 -3.4e+38 -3.4e+38 -3.4e+38 -3.4e+38 -3.4e+38 -3.4e+38 -3.4e+38 15.859001159668 15.8570003509521 15.7950010299683 15.8440008163452 16.4380016326904 17.2390003204346 18.3360004425049 18.6350002288818 18.9300003051758 19.1750011444092 19.3159999847412 19.4100017547607 19.6490001678467 19.7210006713867 19.6940002441406 19.6460018157959 19.7710018157959 19.8800010681152 19.7770004272461 19.3800010681152 19.3390007019043 19.480001449585 19.4420013427734 19.3420009613037 19.318000793457 19.2530002593994 19.1580009460449 19.0800018310547 18.810001373291 18.355001449585
-3.4e+38 -3.4e+38 -3.4e+38 -3.4e+38 -3.4e+38 -3.4e+38 -3.4e+38 -3.4e+38 -3.4e+38 -3.4e+38 -3.4e+38 -3.4e+38 -3.4e+38 -3.4e+38 -3.4e+38 -3.4e+38 -3.4e+38 -3.4e+38 -3.4e+38 -3.4e+38 -3.4e+38 -3.4e+38 -3.4e+38 15.774001121521 15.8820009231567 15.9580011367798 16.0020008087158 16.5030002593994 17.2600002288818 18.3299999237061 18.5840015411377 18.7710018157959 19.0190010070801 19.0820007324219 19.1540012359619 19.355001449585 19.6300010681152 19.6020011901855 19.6690006256104 19.7920017242432 19.8880004882812 19.8380012512207 19.5380001068115 19.4280014038086 19.4250011444092 19.3650016784668 19.3300018310547 19.4020004272461 19.3640003204346 19.2450008392334 19.0190010070801 18.6670017242432 18.3200016021729
-3.4e+38 -3.4e+38 -3.4e+38 -3.4e+38 -3.4e+38 -3.4e+38 -3.4e+38 -3.4e+38 -3.4e+38 -3.4e+38 -3.4e+38 -3.4e+38 -3.4e+38 -3.4e+38 -3.4e+38 -3.4e+38 -3.4e+38 -3.4e+38 -3.4e+38 -3.4e+38 -3.4e+38 -3.4e+38 -3.4e+38 16.0570011138916 16.2610015869141 16.117000579834 15.7120008468628 16.5570011138916 17.4029998779297 18.3800010681152 18.6640014648438 18.7710018157959 18.875 19.0970001220703 19.3540000915527 19.4770011901855 19.5890007019043 19.7490005493164 19.8110008239746 19.8910007476807 19.8680000305176 19.7580013275146 19.7000007629395 19.5830001831055 19.4620018005371 19.3280010223389 19.3770008087158 19.4320011138916 19.4730014801025 19.2290000915527 19.064001083374 18.988000869751 18.7750015258789
-3.4e+38 -3.4e+38 -3.4e+38 -3.4e+38 -3.4e+38 -3.4e+38 -3.4e+38 -3.4e+38 -3.4e+38 -3.4e+38 -3.4e+38 -3.4e+38 -3.4e+38 -3.4e+38 -3.4e+38 -3.4e+38 -3.4e+38 -3.4e+38 -3.4e+38 -3.4e+38 -3.4e+38 -3.4e+38 -3.4e+38 16.125 16.5700016021729 16.4200000762939 15.9820003509521 16.3090000152588 17.3440017700195 18.2540016174316 18.685001373291 18.8800010681152 19.1750011444092 19.3120002746582 19.5830001831055 19.7590007781982 19.7230014801025 19.8050003051758 19.9850006103516 19.9120006561279 19.867000579834 19.7800006866455 19.6040000915527 19.5420017242432 19.4670009613037 19.3730010986328 19.4220008850098 19.4320011138916 19.4190006256104 19.1590003967285 19.0780010223389 19.0860004425049 18.9900016784668
